0,-0.39899998903274536,-2.4820001125335693,3.7230000495910645
3,7.861000061035156,10.041000366210938,11.911999702453613
6,8.642999649047852,-0.5120000243186951,-9.265000343322754
9,11.161999702453613,11.305999755859375,4.495999813079834
12,-3.489000082015991,-6.565999984741211,13.121999740600586
15,7.090000152587891,8.22599983215332,6.65500020980835
18,5.083000183105469,10.152999877929688,4.296999931335449
21,4.423999786376953,8.281999588012695,6.159999847412109
24,7.748000144958496,9.97700023651123,4.681000232696533
27,5.8460001945495605,-8.043999671936035,13.739999771118164
30,11.383999824523926,9.14799976348877,8.579000473022461
33,2.5869998931884766,11.623000144958496,5.25
36,10.390999794006348,-7.257999897003174,5.708000183105469
39,-10.84000015258789,-4.184999942779541,10.168999671936035
42,-0.47999998927116394,-7.676000118255615,1.9520000219345093
45,-9.736000061035156,-8.477999687194824,4.908999919891357
48,-0.017999999225139618,-6.107999801635742,7.4710001945495605
51,11.967000007629395,13.048999786376953,6.701000213623047
54,-4.065999984741211,3.562000036239624,7.906000137329102
57,-7.196000099182129,12.515999794006348,5.269999980926514
60,-7.698999881744385,-6.951000213623047,6.250999927520752
63,7.630000114440918,5.679999828338623,5.730999946594238
66,-1.3639999628067017,-8.934000015258789,11.187000274658203
69,-4.164999961853027,-6.065999984741211,6.494999885559082
72,0.671999990940094,12.142999649047852,13.92199993133545
75,6.658999919891357,2.0999999046325684,6.275000095367432
78,-5.815000057220459,2.384000062942505,0.4339999854564667
81,-7.031000137329102,-2.4700000286102295,5.603000164031982
84,1.0700000524520874,-8.699000358581543,6.841000080108643
87,-4.007999897003174,8.116999626159668,8.817999839782715
90,9.369999885559082,11.585000038146973,-8.850000381469727
93,-6.10099983215332,-7.769000053405762,8.505999565124512
96,4.2230000495910645,-6.769000053405762,-2.3510000705718994
99,5.6529998779296875,-7.2179999351501465,5.013000011444092
102,5.427000045776367,11.74899959564209,13.708999633789063
105,3.315000057220459,-7.295000076293945,6.578999996185303
108,4.3470001220703125,-2.3489999771118164,8.75
111,-10.60200023651123,-0.578000009059906,8.524999618530273
114,1.7649999856948853,-7.261000156402588,12.093000411987305
117,2.263000011444092,7.698999881744385,-8.826000213623047
120,8.873000144958496,12.265999794006348,0.050999999046325684
123,7.965000152587891,-7.579999923706055,0.7900000214576721
126,11.925999641418457,-9.178999900817871,-0.5680000185966492
129,-5.5370001792907715,10.366000175476074,-1.6080000400543213
132,-4.755000114440918,-6.728000164031982,0.7269999980926514
135,-8.711999893188477,-9.50100040435791,2.117000102996826
138,-6.373000144958496,11.843000411987305,0.5680000185966492
141,-11.20199966430664,-5.625999927520752,5.830999851226807
144,8.526000022888184,11.520999908447266,9.16100025177002
147,12.548999786376953,-7.105000019073486,2.9240000247955322
150,-2.242000102996826,6.692999839782715,-4.080999851226807
153,11.939000129699707,4.361999988555908,5.2220001220703125
156,-10.753999710083008,11.418000221252441,1.0529999732971191
159,4.7129998207092285,12.906000137329102,3.9649999141693115
162,-7.203000068664551,-0.00800000037997961,1.3209999799728394
165,-6.770999908447266,0.12399999797344208,-4.361999988555908
168,-4.968999862670898,-3.121999979019165,-2.819000005722046
171,-3.382999897003174,-4.702000141143799,8.770000457763672
174,-2.6579999923706055,4.935999870300293,2.0799999237060547
177,-9.437999725341797,-5.422999858856201,7.929999828338623
180,-6.96999979019165,-7.34499979019165,2.740999937057495
183,2.2760000228881836,-8.843999862670898,-6.97599983215332
186,-1.2829999923706055,2.240000009536743,-5.408999919891357
189,-3.1470000743865967,-6.364999771118164,3.013000011444092
192,-4.7129998207092285,-5.818999767303467,-3.3299999237060547
195,-5.64300012588501,8.86299991607666,1.5989999771118164
198,0.8949999809265137,-7.5970001220703125,-4.848999977111816
201,-3.4000000953674316,12.281000137329102,4.460000038146973
204,-0.9459999799728394,12.880000114440918,3.931999921798706
207,-6.631999969482422,6.185999870300293,7.330999851226807
210,4.513999938964844,1.746999979019165,2.433000087738037
213,5.043000221252441,-0.6909999847412109,11.911999702453613
216,0.531000018119812,-6.5920000076293945,-0.2280000001192093
219,-9.444999694824219,12.682000160217285,-2.5309998989105225
222,11.642999649047852,-6.690999984741211,-9.345000267028809
225,-6.395999908447266,-8.309000015258789,-1.0740000009536743
228,-5.1539998054504395,12.246000289916992,-3.615000009536743
231,8.152999877929688,-8.005000114440918,-3.0920000076293945
234,6.748000144958496,-6.553999900817871,-1.3289999961853027
237,11.758000373840332,11.043000221252441,-5.920000076293945
240,-11.16100025177002,7.01800012588501,3.638000011444092
243,-8.92300033569336,10.116999626159668,-2.499000072479248
246,9.855999946594238,10.331999778747559,-1.930999994277954
249,9.086000442504883,11.928999900817871,-5.9070000648498535
252,3.9040000438690186,0.024000000208616257,-7.429999828338623
255,11.6899995803833,-4.7129998207092285,-5.943999767303467
258,-4.480000019073486,-4.005000114440918,-9.598999977111816
261,-7.616000175476074,-8.939000129699707,-6.84499979019165
264,-4.673999786376953,-4.208000183105469,0.003000000026077032
267,-7.565000057220459,-2.9560000896453857,-8.8149995803833
270,8.22700023651123,6.885000228881836,-7.7769999504089355
273,10.73900032043457,8.152000427246094,-10.071999549865723
276,10.626999855041504,-5.577000141143799,11.434000015258789
279,-6.627999782562256,-8.73799991607666,13.303999900817871
282,-6.370999813079834,-5.425000190734863,-8.440999984741211
285,-10.331000328063965,11.092000007629395,-12.317999839782715
288,-8.331999778747559,-2.260999917984009,-5.416999816894531
291,-2.4639999866485596,-5.872000217437744,-1.590999960899353
294,5.64300012588501,11.666000366210938,-9.642000198364258
297,7.755000114440918,11.630999565124512,-3.388000011444092
300,5.629000186920166,-7.875999927520752,-6.173999786376953
303,-5.5279998779296875,-6.210000038146973,-5.948999881744385
306,5.0879998207092285,12.133000373840332,-4.875
309,5.432000160217285,-3.0179998874664307,-8.510000228881836
312,4.2789998054504395,11.694000244140625,-7.364999771118164
315,6.882999897003174,9.696000099182129,-10.79800033569336
318,6.2170000076293945,9.432999610900879,-3.8510000705718994
321,-1.7419999837875366,-6.007999897003174,-9.282999992370605
324,4.013000011444092,-5.9070000648498535,13.093000411987305
327,6.839000225067139,7.310999870300293,12.496000289916992
330,7.164999961853027,-6.635000228881836,-8.722000122070313
333,3.1630001068115234,-9.592000007629395,10.47599983215332
336,8.553000450134277,11.843000411987305,13.989999771118164
339,10.244999885559082,10.685999870300293,-11.178000450134277
342,6.178999900817871,-4.290999889373779,-10.6899995803833
345,-3.625999927520752,-3.384999990463257,11.069999694824219
348,-9.869999885559082,-4.767000198364258,-9.232000350952148
351,-4.9039998054504395,-2.1989998817443848,14.114999771118164
354,-8.35099983215332,11.494999885559082,12.4399995803833
357,10.765999794006348,-9.416000366210938,12.869000434875488
360,-10.361000061035156,12.744000434875488,9.206999778747559
363,4.715000152587891,13.048999786376953,7.75600004196167
366,-7.000999927520752,-7.234000205993652,11.152999877929688
369,-10.045000076293945,-7.2789998054504395,10.289999961853027
372,5.171999931335449,10.934000015258789,11.020000457763672
375,-8.708000183105469,8.380999565124512,10.32699966430664
378,1.6610000133514404,-6.78000020980835,-9.050999641418457
381,11.279000282287598,6.48199987411499,-12.079999923706055
384,-4.453000068664551,-9.086000442504883,-8.803000450134277
387,0.859000027179718,-5.945000171661377,9.928000450134277
390,-4.2210001945495605,-7.308000087738037,-11.095000267028809
393,-0.004000000189989805,-9.102999687194824,-9.579000473022461
396,3.821000099182129,8.13599967956543,-13.074999809265137
399,-1.8170000314712524,9.123000144958496,10.951000213623047
402,-1.8229999542236328,-5.9670000076293945,10.998000144958496
405,8.413999557495117,-7.9039998054504395,-5.828999996185303
408,-5.814000129699707,-4.802999973297119,12.368000030517578
411,-6.5,-4.498000144958496,-11.640999794006348
414,0.08299999684095383,3.006999969482422,12.362000465393066
417,3.507999897003174,-0.8769999742507935,-12.9350004196167
420,-0.7139999866485596,-2.816999912261963,-11.895999908447266
423,8.564000129699707,-1.5230000019073486,13.0
426,2.322999954223633,-1.8220000267028809,5.650000095367432
429,5.480999946594238,9.182999610900879,-6.418000221252441
432,9.309000015258789,-5.119999885559082,9.218999862670898
435,10.970999717712402,2.0380001068115234,10.477999687194824
438,-5.150000095367432,-0.7910000085830688,8.347000122070313
441,-3.888000011444092,0.6600000262260437,-12.805999755859375
444,-7.895999908447266,-0.027000000700354576,6.7829999923706055
447,10.685999870300293,1.6180000305175781,-11.934000015258789
450,7.025000095367432,-3.6040000915527344,10.281999588012695
453,5.860000133514404,-6.866000175476074,8.38700008392334
456,9.454000473022461,-6.927999973297119,2.996999979019165
459,-9.092000007629395,6.1620001792907715,8.553999900817871
462,10.967000007629395,-1.059999942779541,6.742000102996826
465,6.671000003814697,2.7320001125335693,9.029000282287598
468,-3.3510000705718994,0.8230000138282776,6.75
471,10.984999656677246,6.23799991607666,8.045000076293945
474,-1.8639999628067017,-0.3529999852180481,4.544000148773193
477,-0.7710000276565552,8.58899974822998,4.1620001792907715
480,-1.7669999599456787,-1.4170000553131104,11.739999771118164
483,-4.4679999351501465,6.1529998779296875,14.194999694824219
486,-8.638999938964844,-2.4189999103546143,11.4350004196167
489,-8.157999992370605,-3.0239999294281006,-13.109999656677246
492,1.0540000200271606,-1.4459999799728394,1.6039999723434448
495,-2.312000036239624,3.2049999237060547,10.684000015258789
498,-10.437999725341797,-2.5320000648498535,-11.217000007629395
501,12.083000183105469,12.824999809265137,-9.892000198364258
504,-0.46799999475479126,5.98799991607666,3.4690001010894775
507,-1.6030000448226929,1.027999997138977,13.220000267028809
510,12.147000312805176,1.1059999465942383,3.871999979019165
513,2.9130001068115234,-0.2849999964237213,7.756999969482422
516,2.309000015258789,-0.5809999704360962,10.989999771118164
519,12.33899974822998,1.690000057220459,6.806000232696533
522,-1.9119999408721924,-0.2840000092983246,9.27299976348877
525,-5.828999996185303,1.2960000038146973,5.302999973297119
528,-7.267000198364258,-4.571000099182129,1.5829999446868896
531,-4.883999824523926,-9.185999870300293,6.416999816894531
534,-7.876999855041504,-4.784999847412109,10.059000015258789
537,5.361999988555908,-5.548999786376953,10.831999778747559
540,0.14300000667572021,-4.289999961853027,-1.7669999599456787
543,4.747000217437744,10.576000213623047,-1.7120000123977661
546,10.887999534606934,2.0380001068115234,-0.8090000152587891
549,3.6429998874664307,-2.8429999351501465,0.7929999828338623
552,5.295000076293945,-5.074999809265137,0.6729999780654907
555,7.269999980926514,-0.004999999888241291,10.774999618530273
558,-11.031999588012695,6.565000057220459,0.14300000667572021
561,-9.590999603271484,-7.15500020980835,0.5199999809265137
564,8.512999534606934,-1.996000051498413,-5.073999881744385
567,-0.29499998688697815,-3.3510000705718994,-5.158999919891357
570,11.979999542236328,-0.9580000042915344,1.1169999837875366
573,11.779000282287598,-1.6239999532699585,4.223999977111816
576,-9.29800033569336,-4.797999858856201,-0.8960000276565552
579,-8.305999755859375,-6.775000095367432,-2.6559998989105225
582,-8.482000350952148,-2.2260000705718994,-0.027000000700354576
585,-6.663000106811523,-2.242000102996826,2.937999963760376
588,-4.005000114440918,-1.2020000219345093,2.940000057220459
591,10.210000038146973,10.973999977111816,7.125
594,-8.86299991607666,4.581999778747559,-1.8480000495910645
597,11.517999649047852,0.16899999976158142,-3.4000000953674316
600,-3.6440000534057617,-1.6260000467300415,-0.14499999582767487
603,-1.75,-7.3429999351501465,5.449999809265137
606,-3.5250000953674316,2.257999897003174,-3.328000068664551
609,-6.301000118255615,5.284999847412109,0.5429999828338623
612,-1.7569999694824219,2.4839999675750732,4.140999794006348
615,-1.6009999513626099,-0.8769999742507935,-4.748000144958496
618,-1.7669999599456787,4.9070000648498535,-2.1549999713897705
621,-2.2690000534057617,-2.635999917984009,7.465000152587891
624,2.180000066757202,4.175000190734863,4.9670000076293945
627,-1.2619999647140503,9.711999893188477,7.626999855041504
630,9.581000328063965,4.570000171661377,3.992000102996826
633,-3.8929998874664307,6.039999961853027,-0.328000009059906
636,7.235000133514404,3.375999927520752,3.549999952316284
639,3.997999906539917,-1.2580000162124634,-9.993000030517578
642,0.5920000076293945,0.796999990940094,8.494000434875488
645,6.644000053405762,-5.586999893188477,3.072000026702881
648,2.868000030517578,-3.236999988555908,-1.6959999799728394
651,-9.977999687194824,-9.376999855041504,-5.255000114440918
654,12.119000434875488,5.269000053405762,12.496999740600586
657,12.119000434875488,-3.6080000400543213,0.4749999940395355
660,-8.300000190734863,1.6950000524520874,-2.7200000286102295
663,7.74399995803833,-3.877000093460083,-2.864000082015991
666,5.145999908447266,-3.0369999408721924,-3.4030001163482666
669,10.869999885559082,-7.070000171661377,-2.249000072479248
672,2.4679999351501465,1.8530000448226929,-10.937000274658203
675,-10.303000450134277,-0.24699999392032623,-1.4270000457763672
678,10.164999961853027,-4.146999835968018,-1.3229999542236328
681,-0.8830000162124634,-1.9670000076293945,-0.5860000252723694
684,-7.578000068664551,7.646999835968018,-10.994999885559082
687,-8.184000015258789,4.005000114440918,-8.574000358581543
690,-6.890999794006348,-0.09399999678134918,-9.305000305175781
693,-9.949000358581543,2.246999979019165,-6.059999942779541
696,-9.51099967956543,7.956999778747559,-4.39900016784668
699,-2.4059998989105225,4.699999809265137,-6.040999889373779
702,-10.807999610900879,-6.72599983215332,-4.574999809265137
705,10.781999588012695,-0.6389999985694885,-6.978000164031982
708,-9.619000434875488,-0.8240000009536743,-9.401000022888184
711,-10.288999557495117,-0.4749999940395355,-5.267000198364258
714,-4.0229997634887695,-0.5350000262260437,-3.6010000705718994
717,-6.173999786376953,-5.440000057220459,4.59499979019165
720,1.6319999694824219,-2.115999937057495,-3.808000087738037
723,1.6629999876022339,2.1059999465942383,-6.626999855041504
726,-1.9630000591278076,7.556000232696533,-8.720999717712402
729,0.49300000071525574,0.7599999904632568,-8.920000076293945
732,4.059000015258789,-1.128999948501587,2.805000066757202
735,-0.06199999898672104,-0.15700000524520874,-2.565000057220459
738,-2.5980000495910645,-4.065999984741211,4.442999839782715
741,-5.646999835968018,0.7929999828338623,-6.985000133514404
744,3.8380000591278076,10.319000244140625,-11.487000465393066
747,5.188000202178955,1.4420000314712524,-11.477999687194824
750,3.309000015258789,-6.943999767303467,0.3659999966621399
753,3.884999990463257,2.066999912261963,5.978000164031982
756,7.876999855041504,-7.320000171661377,11.883999824523926
759,10.291999816894531,1.774999976158142,-9.255999565124512
762,-10.534000396728516,1.7660000324249268,-8.838000297546387
765,11.312000274658203,-1.5729999542236328,12.732999801635742
768,2.239000082015991,3.4760000705718994,10.682999610900879
771,2.117000102996826,5.072000026702881,13.430999755859375
774,-6.573999881744385,4.618000030517578,11.456000328063965
777,-10.979999542236328,-2.6619999408721924,-7.7829999923706055
780,-6.132999897003174,2.6640000343322754,9.649999618530273
783,0.5920000076293945,-6.665999889373779,-11.722999572753906
786,-2.927000045776367,4.789000034332275,-8.678000450134277
789,9.569999694824219,-5.689000129699707,-7.448999881744385
792,-5.965000152587891,-1.7280000448226929,11.289999961853027
795,-1.437000036239624,4.578000068664551,5.86299991607666
798,8.435999870300293,-4.89300012588501,13.107000350952148
801,-9.805999755859375,-8.718000411987305,-11.807999610900879
804,12.015999794006348,-3.796999931335449,-3.3420000076293945
807,6.880000114440918,2.4860000610351563,13.095999717712402
810,-2.86299991607666,2.9639999866485596,-10.84000015258789
813,-1.1920000314712524,-8.076000213623047,13.807999610900879
816,3.943000078201294,3.924999952316284,-9.576000213623047
819,7.925000190734863,-7.533999919891357,6.493000030517578
822,0.6359999775886536,-1.8489999771118164,12.840999603271484
825,-6.084000110626221,1.6679999828338623,-11.201000213623047
828,-1.8370000123977661,-5.515999794006348,-11.852999687194824
831,4.757999897003174,-8.133999824523926,-10.576000213623047
834,1.1069999933242798,-4.355000019073486,5.311999797821045
837,4.125999927520752,-3.9660000801086426,-6.460000038146973
840,-1.0470000505447388,-5.954999923706055,-5.714000225067139
843,-3.071000099182129,-1.843000054359436,-11.022000312805176
846,0.996999979019165,-2.0910000801086426,-9.920000076293945
849,3.690999984741211,-5.434999942779541,-9.99899959564209
852,-2.111999988555908,0.5720000267028809,-9.680000305175781
855,3.259999990463257,-5.090000152587891,9.109999656677246
858,9.053999900817871,-2.6689999103546143,8.017000198364258
861,0.4350000023841858,-4.546000003814697,-8.053999900817871
864,-8.83899974822998,5.9730000495910645,11.968999862670898
867,10.614999771118164,2.3459999561309814,1.8029999732971191
870,3.430999994277954,8.767999649047852,2.433000087738037
873,-8.822999954223633,2.1500000953674316,9.539999961853027
876,9.62600040435791,3.5920000076293945,6.936999797821045
879,-3.888000011444092,-9.366000175476074,12.88599967956543
882,4.409999847412109,1.7510000467300415,10.270999908447266
885,6.26200008392334,6.111000061035156,3.1619999408721924
888,12.484000205993652,3.812999963760376,8.711000442504883
891,8.92300033569336,11.14799976348877,2.640000104904175
894,-9.128000259399414,8.862000465393066,-12.807000160217285
897,10.574999809265137,-1.1749999523162842,-11.744000434875488
900,-5.289000034332275,8.052000045776367,5.01200008392334
903,11.562000274658203,9.399999618530273,2.38700008392334
906,-7.072000026702881,-4.533999919891357,-4.534999847412109
909,-2.9660000801086426,9.666999816894531,5.083000183105469
912,0.9079999923706055,10.79800033569336,3.2219998836517334
915,-4.554999828338623,10.732000350952148,7.681000232696533
918,-9.569000244140625,9.338000297546387,7.804999828338623
921,0.5839999914169312,2.0250000953674316,5.448999881744385
924,-8.836000442504883,4.10099983215332,4.954999923706055
927,4.622000217437744,7.2210001945495605,0.2590000033378601
930,3.937999963760376,-4.086999893188477,-12.305999755859375
933,10.27400016784668,6.281000137329102,10.682999610900879
936,7.498000144958496,6.9670000076293945,0.9279999732971191
939,6.951000213623047,4.940999984741211,-1.6269999742507935
942,9.288999557495117,9.02299976348877,0.5519999861717224
945,4.585999965667725,11.013999938964844,0.7820000052452087
948,2.2039999961853027,5.807000160217285,7.745999813079834
951,4.525000095367432,5.335999965667725,-2.9119999408721924
954,-4.229000091552734,0.6299999952316284,10.545999526977539
957,-2.9579999446868896,6.0879998207092285,7.414000034332275
960,10.345000267028809,5.306000232696533,1.2419999837875366
963,2.690999984741211,6.561999797821045,3.9619998931884766
966,-10.15999984741211,-0.2680000066757202,11.291000366210938
969,-0.34299999475479126,2.5179998874664307,-11.939000129699707
972,8.947999954223633,0.6899999976158142,-4.211999893188477
975,2.9040000438690186,10.871999740600586,-3.815999984741211
978,1.819000005722046,-9.42300033569336,1.9700000286102295
981,-0.04500000178813934,2.6440000534057617,-3.0320000648498535
984,2.1600000858306885,4.293000221252441,-2.196000099182129
987,-10.470999717712402,3.8299999237060547,0.25
990,-4.257999897003174,8.277000427246094,-3.180000066757202
993,-7.6539998054504395,3.7160000801086426,-5.882999897003174
996,-10.930999755859375,9.402999877929688,-0.972000002861023
999,-6.638000011444092,8.812999725341797,-4.359000205993652
1002,-10.53600025177002,6.979000091552734,6.311999797821045
1005,12.612000465393066,-3.9760000705718994,3.2190001010894775
1008,-8.12600040435791,5.980000019073486,3.0959999561309814
1011,5.310999870300293,2.4110000133514404,-7.339000225067139
1014,-3.9700000286102295,0.9300000071525574,-0.8870000243186951
1017,-4.349999904632568,1.534000039100647,2.9800000190734863
1020,-9.61299991607666,1.3420000076293945,1.5850000381469727
1023,10.97700023651123,9.039999961853027,-4.065999984741211
1026,0.6899999976158142,11.336999893188477,-6.14300012588501
1029,-5.804999828338623,11.39900016784668,3.072999954223633
1032,-4.394999980926514,6.72599983215332,2.700000047683716
1035,-6.135000228881836,-3.4519999027252197,8.184000015258789
1038,0.7559999823570251,7.170000076293945,-3.114000082015991
1041,-6.13700008392334,4.090000152587891,5.505000114440918
1044,-8.239999771118164,7.054999828338623,-0.3440000116825104
1047,-2.677999973297119,3.0360000133514404,0.07000000029802322
1050,-3.6579999923706055,9.593999862670898,-8.949999809265137
1053,2.122999906539917,0.7799999713897705,3.132999897003174
1056,-6.742000102996826,9.008999824523926,7.2179999351501465
1059,-11.270000457763672,4.208000183105469,-4.255000114440918
1062,0.7179999947547913,12.805000305175781,-3.1710000038146973
1065,-4.96999979019165,5.488999843597412,-2.9679999351501465
1068,8.190999984741211,9.557000160217285,-7.0320000648498535
1071,2.7309999465942383,3.437999963760376,0.4699999988079071
1074,3.4240000247955322,7.71999979019165,-2.193000078201294
1077,7.591000080108643,7.692999839782715,-1.5829999446868896
1080,5.656000137329102,4.113999843597412,-5.263999938964844
1083,8.178000450134277,3.9649999141693115,-9.74899959564209
1086,-10.479999542236328,4.563000202178955,-9.967000007629395
1089,12.263999938964844,9.690999984741211,-8.41100025177002
1092,10.454000473022461,6.6479997634887695,-1.5460000038146973
1095,-8.946000099182129,10.699999809265137,-8.557000160217285
1098,7.992000102996826,1.0679999589920044,-7.183000087738037
1101,2.316999912261963,4.598999977111816,-7.466000080108643
1104,-10.039999961853027,3.4739999771118164,14.015000343322754
1107,7.794000148773193,6.590000152587891,-4.9670000076293945
1110,9.6850004196167,5.065999984741211,-3.7160000801086426
1113,6.170000076293945,3.8269999027252197,0.968999981880188
1116,-11.057999610900879,-6.875,12.883999824523926
1119,11.013999938964844,5.7779998779296875,-8.552000045776367
1122,-7.623000144958496,-7.2769999504089355,-11.824000358581543
1125,-5.105999946594238,3.7929999828338623,-5.0
1128,2.4739999771118164,9.284000396728516,-6.040999889373779
1131,-5.081999778747559,-9.300000190734863,-6.230000019073486
1134,6.254000186920166,5.541999816894531,-8.996999740600586
1137,-7.139999866485596,9.230999946594238,-7.064000129699707
1140,-2.4059998989105225,12.486000061035156,-5.440000057220459
1143,0.18299999833106995,6.328999996185303,-7.195000171661377
1146,4.53000020980835,3.684999942779541,13.338000297546387
1149,-1.2899999618530273,-8.067000389099121,-7.427999973297119
1152,-0.5410000085830688,8.196000099182129,-5.414000034332275
1155,2.63100004196167,-8.727999687194824,-12.14799976348877
1158,3.1389999389648438,9.781999588012695,8.368000030517578
1161,-0.03400000184774399,8.121999740600586,-10.595000267028809
1164,5.48799991607666,-8.605999946594238,1.3200000524520874
1167,3.8350000381469727,-6.2129998207092285,-4.879000186920166
1170,-2.696000099182129,0.24799999594688416,-6.943999767303467
1173,-0.9739999771118164,7.119999885559082,9.284000396728516
1176,0.5040000081062317,11.758000373840332,10.567000389099121
1179,5.326000213623047,8.081999778747559,-9.13599967956543
1182,8.517000198364258,2.9709999561309814,-2.7130000591278076
1185,7.4120001792907715,-0.14499999582767487,-12.163000106811523
1188,5.927000045776367,10.753000259399414,7.958000183105469
1191,9.588000297546387,1.0099999904632568,5.97599983215332
1194,6.327000141143799,7.363999843597412,-12.067999839782715
1197,-8.371999740600586,11.90999984741211,7.59499979019165
1200,-7.789000034332275,3.74399995803833,-11.357999801635742
1203,9.54699993133545,-0.32899999618530273,9.430999755859375
1206,8.656000137329102,-7.833000183105469,9.229999542236328
1209,-3.234999895095825,11.335000038146973,10.229999542236328
1212,-7.230999946594238,9.140000343322754,12.496000289916992
1215,0.33000001311302185,9.869000434875488,12.520999908447266
1218,-8.27299976348877,-7.311999797821045,-9.107999801635742
1221,9.739999771118164,4.214000225067139,-12.286999702453613
1224,-4.807000160217285,7.429999828338623,-10.005000114440918
1227,-7.045000076293945,5.7230000495910645,14.307000160217285
1230,12.166000366210938,1.7200000286102295,12.779000282287598
1233,-5.6479997634887695,6.960000038146973,10.734999656677246
1236,11.409000396728516,6.954999923706055,-6.005000114440918
1239,8.088000297546387,-3.325000047683716,-7.678999900817871
1242,-2.2139999866485596,11.47599983215332,14.225000381469727
1245,0.9449999928474426,11.14900016784668,7.965000152587891
1248,1.5859999656677246,7.804999828338623,9.406000137329102
1251,-2.319999933242798,11.784000396728516,-10.07699966430664
1254,1.371000051498413,11.20199966430664,-10.654000282287598
1257,12.440999984741211,11.147000312805176,11.418999671936035
1260,-3.7219998836517334,8.324000358581543,12.600000381469727
1263,-0.6980000138282776,4.127999782562256,8.545000076293945
1266,1.3049999475479126,7.980999946594238,5.781000137329102
1269,4.010000228881836,-0.7979999780654907,-4.591000080108643
1272,-4.395999908447266,3.7780001163482666,12.729000091552734
1275,-7.0,6.664000034332275,-8.211000442504883
1278,2.1570000648498535,3.056999921798706,7.974999904632568
1281,10.600000381469727,9.204999923706055,11.152999877929688
1284,8.178999900817871,4.735000133514404,12.359000205993652
1287,4.206999778747559,8.404000282287598,11.369000434875488
1290,8.869000434875488,4.2179999351501465,9.461999893188477
1293,1.2100000381469727,7.6020002365112305,13.824999809265137
