0,-0.4410000145435333,-7.665999889373779,0.27300000190734863
3,9.97700023651123,-7.701000213623047,10.631999969482422
6,11.197999954223633,-2.0199999809265137,-9.458000183105469
9,-4.453000068664551,10.512999534606934,8.237000465393066
12,-1.3179999589920044,-8.531000137329102,-7.283999919891357
15,-0.875,0.5080000162124634,1.1399999856948853
18,11.015999794006348,5.960000038146973,12.967000007629395
21,6.23799991607666,4.223999977111816,-12.48799991607666
24,10.279000282287598,9.440999984741211,12.12399959564209
27,7.318999767303467,-5.978000164031982,-6.249000072479248
30,12.380000114440918,1.7690000534057617,13.11400032043457
33,10.638999938964844,-7.9670000076293945,6.881999969482422
36,-6.7220001220703125,-7.614999771118164,7.210999965667725
39,-8.9399995803833,12.116000175476074,11.22700023651123
42,3.1740000247955322,-2.494999885559082,4.821000099182129
45,-6.671000003814697,-9.37600040435791,9.963000297546387
48,0.8820000290870667,-9.309000015258789,13.350000381469727
51,-9.425000190734863,11.9399995803833,-11.732000350952148
54,-1.5429999828338623,0.07699999958276749,5.452000141143799
57,-4.550000190734863,8.465999603271484,10.34000015258789
60,-6.34499979019165,11.175000190734863,5.999000072479248
63,-9.720999717712402,-1.4620000123977661,2.678999900817871
66,1.5809999704360962,-8.807000160217285,9.979000091552734
69,-4.315000057220459,-6.185999870300293,9.036999702453613
72,7.138999938964844,-6.486999988555908,9.401000022888184
75,-7.85099983215332,-1.2100000381469727,5.228000164031982
78,-9.37399959564209,-0.004000000189989805,-1.8600000143051147
81,-2.308000087738037,3.4089999198913574,0.8799999952316284
84,5.139999866485596,-8.722999572753906,5.715000152587891
87,-1.7869999408721924,-9.019000053405762,13.265000343322754
90,-10.281000137329102,6.428999900817871,-2.677000045776367
93,12.73799991607666,10.145000457763672,10.821999549865723
96,3.7230000495910645,10.562000274658203,0.8759999871253967
99,5.690000057220459,-8.861000061035156,1.3179999589920044
102,9.74899959564209,7.677999973297119,-7.189000129699707
105,-10.005999565124512,-2.9679999351501465,8.32800006866455
108,-8.121999740600586,4.607999801635742,11.364999771118164
111,-9.444999694824219,4.741000175476074,3.1600000858306885
114,5.111000061035156,-2.5429999828338623,9.32800006866455
117,4.710000038146973,1.8849999904632568,-12.793000221252441
120,-7.500999927520752,-4.714000225067139,4.49399995803833
123,7.769999980926514,1.1039999723434448,6.864999771118164
126,-4.046000003814697,12.354000091552734,0.7200000286102295
129,5.267000198364258,5.736000061035156,-2.819999933242798
132,-1.062999963760376,-8.031999588012695,8.03499984741211
135,-5.665999889373779,-6.796999931335449,2.0179998874664307
138,-0.656000018119812,7.668000221252441,-0.4230000078678131
141,-5.5970001220703125,-3.2339999675750732,5.744999885559082
144,6.22599983215332,11.194999694824219,6.563000202178955
147,-7.067999839782715,2.765000104904175,5.008999824523926
150,-4.488999843597412,10.086000442504883,-8.187999725341797
153,10.142000198364258,1.1050000190734863,5.758999824523926
156,-6.039000034332275,12.281999588012695,-2.1080000400543213
159,6.265999794006348,-6.609000205993652,-0.07599999755620956
162,-4.535999774932861,2.1740000247955322,-0.7979999780654907
165,-2.5290000438690186,9.031999588012695,-3.755000114440918
168,-0.9089999794960022,-1.7599999904632568,-10.911999702453613
171,7.574999809265137,-3.812000036239624,9.802000045776367
174,-6.510000228881836,6.4079999923706055,5.480999946594238
177,10.571999549865723,2.9630000591278076,3.7720000743865967
180,12.29800033569336,5.110000133514404,-0.15299999713897705
183,7.835999965667725,11.236000061035156,-4.382999897003174
186,1.5499999523162842,-2.8610000610351563,-10.312000274658203
189,-3.246000051498413,-1.725000023841858,8.996000289916992
192,0.12600000202655792,-1.5180000066757202,-0.5099999904632568
195,-0.9610000252723694,11.288999557495117,5.367000102996826
198,2.421999931335449,8.20199966430664,0.6650000214576721
201,1.5880000591278076,-7.603000164031982,4.650000095367432
204,-3.553999900817871,-9.116999626159668,8.03600025177002
207,-1.6759999990463257,-8.817999839782715,3.8550000190734863
210,7.73199987411499,-2.1449999809265137,-0.7730000019073486
213,10.015999794006348,2.930000066757202,-10.28499984741211
216,3.7920000553131104,12.649999618530273,8.062000274658203
219,-1.024999976158142,4.815999984741211,-1.3899999856948853
222,-6.171000003814697,-5.061999797821045,-0.7990000247955322
225,2.7309999465942383,-3.940999984741211,-4.145999908447266
228,4.232999801635742,-6.420000076293945,4.461999893188477
231,8.46500015258789,6.316999912261963,8.744999885559082
234,9.901000022888184,-5.664000034332275,8.151000022888184
237,8.82800006866455,6.267000198364258,-4.961999893188477
240,-6.395999908447266,8.430000305175781,2.135999917984009
243,-3.753999948501587,-8.307000160217285,-1.5740000009536743
246,5.210999965667725,8.86299991607666,5.495999813079834
249,12.133000373840332,-3.753000020980835,-1.36899995803833
252,5.1579999923706055,-1.4279999732971191,-4.9120001792907715
255,-8.670000076293945,-2.73799991607666,-1.7359999418258667
258,-4.760000228881836,-7.361999988555908,-6.353000164031982
261,-6.677999973297119,-0.8629999756813049,-5.997000217437744
264,1.9830000400543213,-6.343999862670898,0.7990000247955322
267,-10.800000190734863,-6.158999919891357,-4.866000175476074
270,5.322999954223633,10.027000427246094,-5.60099983215332
273,-9.914999961853027,10.614999771118164,-8.164999961853027
276,-7.64300012588501,9.755000114440918,11.670000076293945
279,-4.98199987411499,-6.019000053405762,12.03600025177002
282,11.579000473022461,-6.533999919891357,-11.11400032043457
285,8.871999740600586,-8.166000366210938,-12.593000411987305
288,-1.2999999523162842,5.105999946594238,7.767000198364258
291,1.2619999647140503,8.928000450134277,-2.311000108718872
294,6.501999855041504,10.628999710083008,-7.98799991607666
297,11.515000343322754,-5.386000156402588,3.86899995803833
300,10.918000221252441,-8.138999938964844,1.5130000114440918
303,-4.669000148773193,-1.0750000476837158,-4.10699987411499
306,6.784999847412109,11.918999671936035,-0.906000018119812
309,5.961999893188477,-1.715999960899353,12.567999839782715
312,10.270999908447266,-9.053000450134277,-2.6480000019073486
315,-8.241999626159668,10.685999870300293,-1.3300000429153442
318,0.7279999852180481,7.765999794006348,4.066999912261963
321,-0.041999999433755875,0.2329999953508377,11.616999626159668
324,5.4720001220703125,-3.7909998893737793,-12.756999969482422
327,9.682000160217285,12.074000358581543,11.414999961853027
330,9.253000259399414,-9.064000129699707,-7.659999847412109
333,2.3929998874664307,-7.922999858856201,-12.140000343322754
336,9.36299991607666,10.791999816894531,-6.775000095367432
339,-9.359999656677246,10.626999855041504,-3.8259999752044678
342,-1.5169999599456787,11.053000450134277,-7.873000144958496
345,0.9010000228881836,-1.5579999685287476,6.083000183105469
348,-9.38700008392334,-5.361999988555908,-2.2230000495910645
351,-6.51200008392334,-3.046999931335449,-7.571000099182129
354,3.437999963760376,6.474999904632568,-12.718999862670898
357,11.335000038146973,4.986000061035156,-4.204999923706055
360,-7.390999794006348,-5.178999900817871,12.795000076293945
363,11.574000358581543,12.303000450134277,8.237000465393066
366,-4.383999824523926,12.343000411987305,11.175999641418457
369,-7.742000102996826,-8.715999603271484,13.305000305175781
372,3.5,-3.7960000038146973,11.526000022888184
375,-8.866999626159668,9.34000015258789,8.734000205993652
378,4.283999919891357,-8.840999603271484,13.217000007629395
381,10.236000061035156,9.277000427246094,-9.652999877929688
384,-5.048999786376953,-8.407999992370605,-10.307000160217285
387,-6.2129998207092285,-4.340000152587891,8.347999572753906
390,-3.996999979019165,10.70300006866455,-12.36299991607666
393,0.12399999797344208,10.585000038146973,-11.298999786376953
396,7.289999961853027,12.592000007629395,12.767999649047852
399,-7.478000164031982,-7.543000221252441,-3.434999942779541
402,12.694000244140625,-8.496000289916992,10.329999923706055
405,8.303000450134277,-7.802000045776367,-4.335999965667725
408,-0.003000000026077032,9.145999908447266,1.8480000495910645
411,-3.8359999656677246,-8.753999710083008,5.329999923706055
414,6.703999996185303,7.438000202178955,-11.329000473022461
417,6.244999885559082,1.1390000581741333,12.416000366210938
420,-7.459000110626221,3.25,-3.00600004196167
423,-9.85200023651123,-3.953000068664551,-7.2769999504089355
426,1.6200000047683716,1.187000036239624,1.4769999980926514
429,6.843999862670898,3.9149999618530273,-8.914999961853027
432,7.966000080108643,-8.305999755859375,-9.82699966430664
435,-10.755000114440918,-1.590999960899353,10.4350004196167
438,1.6950000524520874,6.039999961853027,2.26200008392334
441,-2.609999895095825,-3.885999917984009,-11.831999778747559
444,-5.410999774932861,5.126999855041504,8.895999908447266
447,9.52400016784668,1.6959999799728394,-4.986000061035156
450,1.2230000495910645,4.4670000076293945,-12.305999755859375
453,0.014999999664723873,-5.623000144958496,13.522000312805176
456,-9.37600040435791,-6.443999767303467,5.9670000076293945
459,-7.130000114440918,-7.045000076293945,-11.574000358581543
462,-6.107999801635742,-2.7090001106262207,12.843000411987305
465,-7.824999809265137,-1.5729999542236328,0.8029999732971191
468,-8.628999710083008,4.811999797821045,5.947999954223633
471,1.5709999799728394,7.568999767303467,9.022000312805176
474,-1.6749999523162842,-4.743000030517578,9.1899995803833
477,-7.11899995803833,8.71399974822998,6.7789998054504395
480,-1.3259999752044678,2.3519999980926514,10.520999908447266
483,-2.302000045776367,9.057999610900879,13.265999794006348
486,-4.646999835968018,-1.8519999980926514,-11.96500015258789
489,-6.702000141143799,1.6069999933242798,7.474999904632568
492,1.718000054359436,-0.2070000022649765,9.395999908447266
495,2.296999931335449,1.1130000352859497,-9.987000465393066
498,11.798999786376953,-1.562000036239624,6.728000164031982
501,-8.996000289916992,11.3100004196167,1.1100000143051147
504,1.746999979019165,2.5230000019073486,4.1579999923706055
507,0.8479999899864197,3.424999952316284,7.072000026702881
510,-5.307000160217285,1.9119999408721924,13.331000328063965
513,2.174999952316284,-4.611999988555908,3.3610000610351563
516,1.8890000581741333,1.906000018119812,14.291999816894531
519,-8.324000358581543,1.7710000276565552,12.95300006866455
522,0.13300000131130219,-2.7850000858306885,2.9749999046325684
525,-2.5399999618530273,7.242000102996826,-10.276000022888184
528,-1.0369999408721924,-5.334000110626221,-1.1929999589920044
531,-5.146999835968018,12.14799976348877,3.132999897003174
534,-9.50100040435791,-6.208000183105469,10.95300006866455
537,-7.6529998779296875,-1.2369999885559082,8.095000267028809
540,0.7680000066757202,6.421000003814697,-3.628999948501587
543,5.769000053405762,8.942000389099121,2.9179999828338623
546,11.755999565124512,-8.281999588012695,4.131999969482422
549,6.932000160217285,6.156000137329102,6.434999942779541
552,4.796000003814697,-5.322999954223633,-2.11899995803833
555,9.298999786376953,0.7639999985694885,-12.345000267028809
558,9.538999557495117,8.222999572753906,-1.1519999504089355
561,-7.538000106811523,-7.545000076293945,-0.19699999690055847
564,4.906000137329102,-2.9140000343322754,-1.0700000524520874
567,4.2870001792907715,-2.819999933242798,-8.8149995803833
570,12.022000312805176,0.7179999947547913,8.019000053405762
573,-5.589000225067139,0.14300000667572021,0.7329999804496765
576,-4.508999824523926,4.906000137329102,-0.765999972820282
579,0.5210000276565552,11.868000030517578,-2.7950000762939453
582,-3.7690000534057617,-4.059000015258789,2.4860000610351563
585,-2.750999927520752,0.16699999570846558,2.9779999256134033
588,2.1449999809265137,6.079999923706055,6.735000133514404
591,10.907999992370605,7.644000053405762,-11.767000198364258
594,-9.769000053405762,8.093999862670898,-9.637999534606934
597,-7.607999801635742,4.114999771118164,1.0839999914169312
600,-2.1080000400543213,-2.118000030517578,1.6790000200271606
603,-4.488999843597412,-6.11299991607666,-12.032999992370605
606,5.539999961853027,0.10700000077486038,8.472999572753906
609,-2.4790000915527344,4.390999794006348,-7.24399995803833
612,-3.9179999828338623,7.8420000076293945,5.0289998054504395
615,10.838000297546387,-6.296000003814697,-1.246999979019165
618,5.281000137329102,5.677999973297119,0.13300000131130219
621,11.909000396728516,-0.11999999731779099,-12.076000213623047
624,-9.973999977111816,-3.8310000896453857,4.60099983215332
627,-4.044000148773193,4.664999961853027,-9.812000274658203
630,8.803000450134277,3.3610000610351563,8.451000213623047
633,3.812000036239624,0.8339999914169312,-0.2709999978542328
636,7.133999824523926,6.328000068664551,3.444999933242798
639,10.8100004196167,-7.514999866485596,-6.0980000495910645
642,5.256999969482422,2.0429999828338623,5.436999797821045
645,5.464000225067139,-9.565999984741211,10.718000411987305
648,-1.7419999837875366,-4.0,4.493000030517578
651,3.2950000762939453,12.402999877929688,-1.2120000123977661
654,-7.14300012588501,8.16100025177002,-11.833999633789063
657,3.494999885559082,0.4569999873638153,3.312999963760376
660,-4.603000164031982,2.0390000343322754,2.5139999389648438
663,-9.156000137329102,8.149999618530273,-0.6629999876022339
666,-10.265000343322754,-8.925000190734863,0.18400000035762787
669,7.738999843597412,9.164999961853027,1.1419999599456787
672,-0.4350000023841858,0.6629999876022339,-9.425999641418457
675,-11.027000427246094,0.19900000095367432,0.6859999895095825
678,8.130999565124512,-8.468999862670898,2.388000011444092
681,0.06300000101327896,-0.38100001215934753,-4.359000205993652
684,-10.241999626159668,9.380999565124512,-12.312999725341797
687,-11.295000076293945,2.6540000438690186,-5.729000091552734
690,-5.940999984741211,1.375,-4.236000061035156
693,8.465999603271484,-5.142000198364258,-0.13500000536441803
696,-7.616000175476074,11.185999870300293,-6.408999919891357
699,0.7440000176429749,8.039999961853027,-7.4019999504089355
702,10.326000213623047,-1.805999994277954,0.020999999716877937
705,-3.5339999198913574,-4.888000011444092,-4.620999813079834
708,-11.01099967956543,0.43700000643730164,-3.9719998836517334
711,7.186999797821045,0.16099999845027924,-3.7079999446868896
714,2.812000036239624,-5.764999866485596,-6.4079999923706055
717,-4.571000099182129,-5.855000019073486,5.9070000648498535
720,5.052999973297119,-4.215000152587891,-6.190999984741211
723,6.71999979019165,0.7570000290870667,-1.0789999961853027
726,4.6020002365112305,8.439000129699707,-9.390999794006348
729,6.296999931335449,-2.382999897003174,-10.630000114440918
732,8.354000091552734,2.4820001125335693,0.4729999899864197
735,7.323999881744385,4.111999988555908,-3.555000066757202
738,3.8989999294281006,-0.04100000113248825,6.439000129699707
741,-4.199999809265137,-0.9980000257492065,-1.3700000047683716
744,2.552999973297119,-8.281999588012695,-4.949999809265137
747,10.505000114440918,-3.88100004196167,-12.12600040435791
750,2.813999891281128,-0.6510000228881836,-7.645999908447266
753,-8.793999671936035,-5.406000137329102,8.388999938964844
756,9.984000205993652,-4.781000137329102,-5.9720001220703125
759,11.807999610900879,0.8730000257492065,-9.454999923706055
762,-9.3149995803833,4.254000186920166,-4.441999912261963
765,-6.619999885559082,-7.25,4.572000026702881
768,8.288999557495117,5.171000003814697,-10.788000106811523
771,-0.029999999329447746,5.995999813079834,-9.57699966430664
774,-5.72599983215332,-2.489000082015991,10.14799976348877
777,2.990999937057495,0.7739999890327454,-5.2779998779296875
780,-5.677999973297119,4.4029998779296875,3.0460000038146973
783,-0.1599999964237213,-7.656000137329102,-9.579999923706055
786,-2.5989999771118164,10.987000465393066,-1.8630000352859497
789,11.78499984741211,11.718000411987305,-10.118000030517578
792,-4.188000202178955,5.736000061035156,11.21500015258789
795,0.6309999823570251,6.361999988555908,11.687000274658203
798,7.243000030517578,-4.877999782562256,12.446000099182129
801,-6.068999767303467,12.677000045776367,-4.702000141143799
804,-6.314000129699707,-4.056000232696533,1.6629999876022339
807,-9.104999542236328,-2.11299991607666,-5.035999774932861
810,-6.617000102996826,4.269999980926514,-11.138999938964844
813,-2.2739999294281006,-4.302000045776367,12.593999862670898
816,10.251999855041504,-0.8830000162124634,-3.8340001106262207
819,8.085000038146973,-8.218999862670898,7.445000171661377
822,3.440000057220459,-0.9509999752044678,12.166999816894531
825,-7.484000205993652,6.636000156402588,-9.534000396728516
828,-0.03700000047683716,-5.27400016784668,-10.789999961853027
831,5.72599983215332,9.005000114440918,-1.0130000114440918
834,-0.15700000524520874,-5.886000156402588,5.993000030517578
837,1.1759999990463257,-3.7980000972747803,0.6370000243186951
840,4.01200008392334,-7.800000190734863,-2.4579999446868896
843,-1.3650000095367432,-2.111999988555908,10.855999946594238
846,3.1050000190734863,-8.428000450134277,2.1710000038146973
849,1.4179999828338623,-4.672999858856201,-1.8550000190734863
852,1.2289999723434448,-3.434000015258789,-6.908999919891357
855,1.4119999408721924,0.8690000176429749,6.986000061035156
858,7.547999858856201,8.654999732971191,10.42199993133545
861,-6.815000057220459,-3.3359999656677246,-3.7669999599456787
864,7.052999973297119,8.350000381469727,-4.382999897003174
867,-7.453000068664551,1.7450000047683716,-0.6980000138282776
870,3.7200000286102295,-7.138000011444092,9.756999969482422
873,-0.16200000047683716,3.2219998836517334,-10.475000381469727
876,-3.8480000495910645,1.2109999656677246,10.968999862670898
879,-3.937000036239624,-5.533999919891357,-2.068000078201294
882,11.937000274658203,0.9679999947547913,10.611000061035156
885,4.656000137329102,4.763999938964844,5.408999919891357
888,-4.513000011444092,-3.440999984741211,-9.319999694824219
891,10.913000106811523,5.577000141143799,10.241999626159668
894,-5.39300012588501,9.144000053405762,13.182000160217285
897,-8.187000274658203,-2.3889999389648438,-9.793999671936035
900,0.28200000524520874,3.7179999351501465,1.6579999923706055
903,6.26200008392334,10.668000221252441,9.229000091552734
906,-2.046999931335449,1.1080000400543213,-1.4149999618530273
909,-9.79699993133545,9.043999671936035,4.697999954223633
912,4.084000110626221,-4.704999923706055,8.274999618530273
915,-1.0750000476837158,10.814000129699707,8.668000221252441
918,-10.934000015258789,4.303999900817871,-12.6899995803833
921,-2.0940001010894775,2.7660000324249268,6.633999824523926
924,-1.5989999771118164,-2.8380000591278076,7.0929999351501465
927,-1.6799999475479126,6.757999897003174,-6.0970001220703125
930,2.753999948501587,-1.1799999475479126,-12.3100004196167
933,10.940999984741211,12.244000434875488,-12.583000183105469
936,2.2799999713897705,-1.4559999704360962,-2.6470000743865967
939,9.883999824523926,3.434000015258789,-2.5429999828338623
942,5.408999919891357,-4.1579999923706055,5.580999851226807
945,7.729000091552734,-5.432000160217285,6.2220001220703125
948,3.7149999141693115,11.083000183105469,13.982000350952148
951,4.9770002365112305,3.234999895095825,-5.546000003814697
954,-2.5390000343322754,2.6389999389648438,-11.402999877929688
957,-3.4590001106262207,10.484000205993652,4.504000186920166
960,1.4579999446868896,11.093000411987305,11.57699966430664
963,-0.9520000219345093,-7.534999847412109,10.656999588012695
966,-8.753000259399414,-0.7590000033378601,12.039999961853027
969,-0.8270000219345093,0.5410000085830688,-12.883000373840332
972,-10.90999984741211,2.311000108718872,2.503999948501587
975,7.758999824523926,12.425999641418457,4.5
978,1.4450000524520874,-4.122000217437744,7.520999908447266
981,1.5290000438690186,4.039000034332275,-1.9459999799728394
984,9.795000076293945,-3.6459999084472656,-3.0360000133514404
987,11.00100040435791,3.677000045776367,6.519999980926514
990,1.871000051498413,10.14900016784668,-9.35200023651123
993,-10.906999588012695,8.22700023651123,-7.080999851226807
996,-7.60699987411499,10.97700023651123,3.378000020980835
999,3.5269999504089355,2.4059998989105225,-2.755000114440918
1002,8.125,5.390999794006348,13.03499984741211
1005,-9.27299976348877,2.253000020980835,7.7789998054504395
1008,-6.428999900817871,6.735000133514404,0.06599999964237213
1011,9.586999893188477,4.617000102996826,1.7059999704360962
1014,-3.996999979019165,3.818000078201294,-3.4210000038146973
1017,-1.6019999980926514,5.165999889373779,10.609999656677246
1020,-10.430999755859375,4.572000026702881,7.965000152587891
1023,11.472000122070313,6.706999778747559,1.9429999589920044
1026,-0.9819999933242798,11.76200008392334,1.9170000553131104
1029,-3.497999906539917,8.022000312805176,7.692999839782715
1032,0.6549999713897705,1.3830000162124634,-1.8250000476837158
1035,-0.777999997138977,7.879000186920166,7.583000183105469
1038,-3.1110000610351563,6.142000198364258,2.062000036239624
1041,-4.185999870300293,0.7710000276565552,8.163000106811523
1044,-4.428999900817871,7.4770002365112305,-6.172999858856201
1047,-2.441999912261963,-0.7870000004768372,-5.931000232696533
1050,-5.701000213623047,5.789000034332275,-7.736999988555908
1053,3.8259999752044678,4.201000213623047,2.5390000343322754
1056,-4.295000076293945,4.673999786376953,5.734000205993652
1059,9.26200008392334,10.942999839782715,-1.9160000085830688
1062,3.3540000915527344,11.472000122070313,-3.763000011444092
1065,-1.559999942779541,4.617000102996826,-4.183000087738037
1068,-9.404999732971191,8.01099967956543,-4.701000213623047
1071,0.859000027179718,-3.7799999713897705,10.17300033569336
1074,7.822999954223633,6.507999897003174,0.10400000214576721
1077,9.241999626159668,10.946999549865723,8.9399995803833
1080,10.850000381469727,1.100000023841858,-1.2790000438690186
1083,10.420999526977539,3.880000114440918,-7.760000228881836
1086,-4.420000076293945,7.011000156402588,-12.336999893188477
1089,-5.25600004196167,12.680999755859375,-7.822999954223633
1092,-9.58899974822998,6.538000106811523,9.994999885559082
1095,-6.23799991607666,-5.14900016784668,-5.685999870300293
1098,8.795000076293945,-5.666999816894531,2.496999979019165
1101,7.9710001945495605,3.377000093460083,-6.526000022888184
1104,10.991999626159668,5.961999893188477,-9.520999908447266
1107,-10.493000030517578,9.111000061035156,2.0360000133514404
1110,4.3420000076293945,4.715000152587891,-7.833000183105469
1113,10.369000434875488,3.140000104904175,10.680000305175781
1116,-10.01200008392334,11.065999984741211,6.683000087738037
1119,-8.072999954223633,4.8979997634887695,-6.732999801635742
1122,-10.987000465393066,-2.072000026702881,13.10099983215332
1125,1.74399995803833,5.455999851226807,-7.447000026702881
1128,3.359999895095825,8.256999969482422,-6.5269999504089355
1131,-9.515000343322754,-5.556000232696533,-11.852999687194824
1134,8.737000465393066,-3.6429998874664307,-9.961000442504883
1137,-0.5299999713897705,9.786999702453613,-5.416999816894531
1140,2.492000102996826,-7.059000015258789,-8.845000267028809
1143,5.243000030517578,1.7690000534057617,-8.66100025177002
1146,8.638999938964844,2.7780001163482666,12.79800033569336
1149,-5.3520002365112305,0.5360000133514404,-8.342000007629395
1152,2.8940000534057617,5.089000225067139,-4.840000152587891
1155,3.0929999351501465,-5.578000068664551,14.057000160217285
1158,-9.555999755859375,8.098999977111816,12.571000099182129
1161,0.9110000133514404,12.447999954223633,-0.02199999988079071
1164,3.13700008392334,-1.6039999723434448,1.0369999408721924
1167,-9.354999542236328,13.211000442504883,5.01200008392334
1170,-2.871000051498413,-6.706999778747559,2.555000066757202
1173,1.7879999876022339,7.61899995803833,-11.031999588012695
1176,3.3550000190734863,9.331000328063965,10.569999694824219
1179,5.203000068664551,0.028999999165534973,-10.984000205993652
1182,3.947000026702881,8.315999984741211,-2.803999900817871
1185,-10.432999610900879,-2.9230000972747803,-11.105999946594238
1188,-4.446000099182129,4.640999794006348,13.77299976348877
1191,11.467000007629395,-1.8450000286102295,3.9140000343322754
1194,5.126999855041504,-6.422999858856201,11.937999725341797
1197,12.293999671936035,6.763000011444092,4.570000171661377
1200,-6.605000019073486,-0.19699999690055847,-10.781999588012695
1203,-9.720000267028809,0.847000002861023,5.197000026702881
1206,10.418000221252441,-3.7209999561309814,10.473999977111816
1209,-4.382999897003174,-8.251999855041504,13.331000328063965
1212,-1.5019999742507935,11.142999649047852,11.258000373840332
1215,0.6129999756813049,8.890000343322754,13.746999740600586
1218,-10.522000312805176,-8.866999626159668,-2.496000051498413
1221,7.7179999351501465,9.758999824523926,-10.425000190734863
1224,-2.00600004196167,12.121000289916992,-10.454000473022461
1227,8.069000244140625,-1.9780000448226929,-12.817999839782715
1230,-10.295000076293945,2.885999917984009,-10.305999755859375
1233,0.8199999928474426,12.371999740600586,-6.052999973297119
1236,-7.008999824523926,8.397000312805176,-5.985000133514404
1239,11.718000411987305,-4.881999969482422,-9.052000045776367
1242,9.557000160217285,-6.276000022888184,12.942000389099121
1245,1.0379999876022339,-9.463000297546387,6.5960001945495605
1248,2.1549999713897705,8.781000137329102,6.0879998207092285
1251,-1.7769999504089355,-3.421999931335449,-6.563000202178955
1254,5.9720001220703125,-8.932999610900879,-3.936000108718872
1257,12.045999526977539,-4.783999919891357,12.343999862670898
1260,4.576000213623047,8.524999618530273,13.293000221252441
1263,2.490000009536743,3.8529999256134033,11.317999839782715
1266,1.559999942779541,10.72700023651123,7.938000202178955
1269,7.697000026702881,-3.5889999866485596,-4.835000038146973
1272,-10.156999588012695,5.031000137329102,-8.527999877929688
1275,-2.3369998931884766,1.4989999532699585,-7.249000072479248
1278,7.5289998054504395,8.170999526977539,13.260000228881836
1281,-8.567000389099121,5.711999893188477,13.75100040435791
1284,-6.669000148773193,11.342000007629395,-11.35200023651123
1287,4.375999927520752,1.6200000047683716,10.303000450134277
1290,-8.01099967956543,1.9910000562667847,-11.35099983215332
1293,0.5490000247955322,1.9170000553131104,-5.964000225067139
