0,9.802000045776367,-5.181000232696533,6.988999843597412
3,11.196000099182129,-6.045000076293945,4.7789998054504395
6,-9.635000228881836,-5.135000228881836,4.826000213623047
9,-8.496000289916992,-5.908999919891357,7.144999980926514
12,-9.869000434875488,-4.77400016784668,9.156999588012695
15,11.069999694824219,-6.0,9.312999725341797
18,9.795000076293945,12.567000389099121,6.926000118255615
21,10.994000434875488,-8.774999618530273,4.638999938964844
24,-9.782999992370605,12.744000434875488,4.460999965667725
27,-8.496999740600586,-8.765000343322754,6.864999771118164
30,-10.201000213623047,12.833000183105469,9.057999610900879
33,10.803000450134277,-8.734000205993652,9.166000366210938
36,-5.738999843597412,-5.297999858856201,6.861999988555908
39,-4.880000114440918,-5.901000022888184,4.355999946594238
42,-1.9270000457763672,-5.043000221252441,4.517000198364258
45,-0.8930000066757202,-5.874000072479248,6.89300012588501
48,-2.01200008392334,-4.895999908447266,9.16100025177002
51,-4.355000019073486,-6.303999900817871,9.210000038146973
54,-5.8460001945495605,-9.550999641418457,6.826000213623047
57,-5.034999847412109,-8.673999786376953,4.359000205993652
60,-2.1740000247955322,-9.593000411987305,4.389999866485596
63,-1.1109999418258667,-8.67199993133545,6.7129998207092285
66,-1.8849999904632568,12.579999923706055,9.015000343322754
69,-4.455999851226807,-9.107000350952148,9.279000282287598
72,1.8270000219345093,-4.738999843597412,7.047999858856201
75,3.2320001125335693,-5.922999858856201,4.929999828338623
78,5.890999794006348,-4.848999977111816,4.682000160217285
81,7.252999782562256,-6.10699987411499,6.986999988555908
84,5.5879998207092285,-5.122000217437744,9.121000289916992
87,2.9820001125335693,-5.880000114440918,9.248000144958496
90,1.565999984741211,12.649999618530273,6.513000011444092
93,3.2209999561309814,-8.817000389099121,4.39300012588501
96,5.784999847412109,12.574999809265137,4.573999881744385
99,7.204999923706055,-8.817000389099121,6.88700008392334
102,5.553999900817871,-9.565999984741211,8.946000099182129
105,2.809000015258789,-8.734999656677246,8.92199993133545
108,9.805000305175781,-4.921999931335449,-2.072000026702881
111,10.82800006866455,-6.10099983215332,0.17499999701976776
114,9.758999824523926,-5.182000160217285,2.4200000762939453
117,9.694000244140625,12.616000175476074,-2.4130001068115234
120,11.104999542236328,-8.831999778747559,-0.10999999940395355
123,9.633000373840332,-9.532999992370605,2.1419999599456787
126,-10.26200008392334,-4.940999984741211,-0.17399999499320984
129,-8.892999649047852,-5.946000099182129,-2.312999963760376
132,-5.821000099182129,-4.991000175476074,-1.7860000133514404
135,-4.47599983215332,-6.333000183105469,0.3199999928474426
138,-6.209000110626221,-4.646999835968018,2.078000068664551
141,-8.862000465393066,-5.895999908447266,2.3289999961853027
144,-9.956999778747559,12.717000007629395,-0.3319999873638153
147,-8.512999534606934,-8.739999771118164,-2.428999900817871
150,-5.923999786376953,12.444000244140625,-2.23799991607666
153,-4.473999977111816,-9.154000282287598,-0.061000000685453415
156,-6.202000141143799,-9.557999610900879,2.0510001182556152
159,-8.795999526977539,-8.60200023651123,2.069000005722046
162,-2.0450000762939453,-4.933000087738037,0.296999990940094
165,-0.9079999923706055,-5.816999912261963,-1.9850000143051147
168,1.8020000457763672,-4.959000110626221,-1.9249999523162842
171,2.9739999771118164,-6.2179999351501465,0.48500001430511475
174,1.8949999809265137,-4.929999828338623,2.7170000076293945
177,-0.5320000052452087,-5.978000164031982,2.4210000038146973
180,-1.8020000457763672,12.593000411987305,-0.17399999499320984
183,-0.7559999823570251,-8.673999786376953,-2.556999921798706
186,2.3289999961853027,-9.385000228881836,-2.4630000591278076
189,2.9539999961853027,-8.965999603271484,0.2840000092983246
192,1.6239999532699585,12.371000289916992,2.3610000610351563
195,-0.9440000057220459,-8.772000312805176,2.0989999771118164
198,5.548999786376953,-5.131999969482422,0.40299999713897705
201,7.11299991607666,-5.763999938964844,-1.878999948501587
204,7.2210001945495605,-6.158999919891357,2.7279999256134033
207,5.864999771118164,12.57699966430664,0.1469999998807907
210,7.165999889373779,-8.659000396728516,-2.062000036239624
213,6.989999771118164,-8.83899974822998,2.385999917984009
216,9.418000221252441,-5.031000137329102,-6.705999851226807
219,10.706999778747559,-5.932000160217285,-9.071999549865723
222,-10.303999900817871,-5.184999942779541,-9.069999694824219
225,-8.744999885559082,-6.184000015258789,-6.86299991607666
228,-10.119999885559082,-5.073999881744385,-4.663000106811523
231,10.871999740600586,-5.894000053405762,-4.367000102996826
234,9.572999954223633,-9.49899959564209,-6.833000183105469
237,10.791000366210938,-8.680000305175781,-9.197999954223633
240,-10.305000305175781,-9.541999816894531,-9.550000190734863
243,-9.017999649047852,-8.963000297546387,-7.068999767303467
246,-9.968000411987305,-9.583000183105469,-4.6529998779296875
249,11.017000198364258,-8.699000358581543,-4.38700008392334
252,-6.211999893188477,-5.063000202178955,-6.626999855041504
255,-4.848999977111816,-5.86899995803833,-8.984000205993652
258,-2.188999891281128,-5.203999996185303,-8.930000305175781
261,-0.9869999885559082,-6.103000164031982,-6.563000202178955
264,-2.431999921798706,-5.054999828338623,-4.432000160217285
267,-5.058000087738037,-6.044000148773193,-4.263000011444092
270,-6.296000003814697,-9.593000411987305,-6.896999835968018
273,-4.474999904632568,-8.621999740600586,-8.666999816894531
276,-1.8289999961853027,-9.623000144958496,-9.069000244140625
279,-0.47999998927116394,-8.732000350952148,-6.609000205993652
282,-2.1489999294281006,-9.644000053405762,-4.682000160217285
285,-4.953999996185303,-8.821000099182129,-4.586999893188477
288,1.6710000038146973,-5.125,-6.822999954223633
291,2.805999994277954,-6.039000034332275,-9.083999633789063
294,5.785999774932861,-5.164999961853027,-8.961000442504883
297,6.744999885559082,-5.921999931335449,-6.5
300,5.702000141143799,-4.992000102996826,-4.177000045776367
303,2.8919999599456787,-5.685999870300293,-4.236000061035156
306,2.0179998874664307,12.675999641418457,-6.804999828338623
309,2.5280001163482666,-9.012999534606934,-9.340999603271484
312,5.584000110626221,-9.309000015258789,-9.335000038146973
315,6.855000019073486,-8.765000343322754,-6.875999927520752
318,6.00600004196167,12.682000160217285,-4.492000102996826
321,3.507999897003174,-8.40999984741211,-4.739999771118164
324,9.552000045776367,-5.163000106811523,11.392000198364258
327,10.888999938964844,-5.90500020980835,13.788000106811523
330,9.550999641418457,-4.9079999923706055,-11.282999992370605
333,9.489999771118164,12.545000076293945,11.234000205993652
336,10.807999610900879,-8.871000289916992,13.416000366210938
339,9.432000160217285,12.510000228881836,-11.638999938964844
342,-9.998000144958496,-4.86899995803833,13.829999923706055
345,-8.890999794006348,-5.888000011444092,11.510000228881836
348,-6.129000186920166,-5.070000171661377,11.03499984741211
351,-4.591000080108643,-6.236999988555908,13.46399974822998
354,-5.932000160217285,-5.230999946594238,-11.515999794006348
357,-8.862000465393066,-6.057000160217285,-11.20300006866455
360,-9.734000205993652,-9.598999977111816,13.586999893188477
363,-8.663999557495117,-8.666000366210938,11.321000099182129
366,-6.175000190734863,12.557999610900879,11.38700008392334
369,-4.814000129699707,-8.961999893188477,13.654000282287598
372,-5.861999988555908,-9.586999893188477,-10.994000434875488
375,-8.418999671936035,-8.711000442504883,-11.187000274658203
378,-2.1689999103546143,-4.894000053405762,13.67300033569336
381,-0.8140000104904175,-5.855999946594238,11.428000450134277
384,1.5579999685287476,-4.775000095367432,11.20300006866455
387,2.7739999294281006,-5.7820000648498535,13.425000190734863
390,1.6699999570846558,-4.833000183105469,-11.439000129699707
393,-0.824999988079071,-5.98799991607666,-11.161999702453613
396,-2.2070000171661377,-9.607000350952148,13.631999969482422
399,-0.6759999990463257,-8.710000038146973,11.253999710083008
402,1.9320000410079956,12.654999732971191,11.262999534606934
405,3.296999931335449,-8.57800006866455,13.258999824523926
408,1.8029999732971191,12.628000259399414,-11.824000358581543
411,-0.671999990940094,-8.8149995803833,-11.276000022888184
414,5.505000114440918,-4.855999946594238,13.317000389099121
417,7.0320000648498535,-5.959000110626221,11.32800006866455
420,6.889999866485596,-5.763000011444092,-11.380999565124512
423,5.841000080108643,12.479000091552734,13.263999938964844
426,6.986000061035156,-8.765999794006348,11.13700008392334
429,7.019999980926514,-8.579999923706055,-11.5600004196167
432,8.965999603271484,2.249000072479248,6.539999961853027
435,10.928000450134277,1.3899999856948853,4.796000003814697
438,-9.984999656677246,2.4159998893737793,4.5289998054504395
441,-8.652000427246094,1.5210000276565552,6.75600004196167
444,-9.982000350952148,2.265000104904175,8.986000061035156
447,11.003999710083008,1.5230000019073486,9.038000106811523
450,10.04699993133545,-2.4700000286102295,7.079999923706055
453,11.513999938964844,-1.3660000562667847,4.980999946594238
456,-9.496999740600586,-2.4030001163482666,4.49399995803833
459,-8.312000274658203,-1.2549999952316284,6.688000202178955
462,-9.477999687194824,-1.9550000429153442,8.987000465393066
465,11.477999687194824,-1.2450000047683716,9.199000358581543
468,-6.125999927520752,2.7980000972747803,6.828999996185303
471,-4.644000053405762,1.5670000314712524,4.863999843597412
474,-1.8279999494552612,2.2339999675750732,4.320000171661377
477,-0.9259999990463257,1.687999963760376,6.806000232696533
480,-2.2230000495910645,2.4079999923706055,9.140000343322754
483,-4.673999786376953,1.4500000476837158,9.086999893188477
486,-5.7769999504089355,-2.4630000591278076,6.65500020980835
489,-4.836999893188477,-1.0829999446868896,4.395999908447266
492,-2.174999952316284,-2.2899999618530273,4.428999900817871
495,-0.8479999899864197,-1.218000054359436,6.74399995803833
498,-1.8289999961853027,-2.128000020980835,9.147000312805176
501,-4.468999862670898,-1.2259999513626099,8.9399995803833
504,1.8389999866485596,2.572999954223633,6.8460001945495605
507,2.8459999561309814,1.434000015258789,4.254000186920166
510,5.315000057220459,2.562000036239624,4.130000114440918
513,6.251999855041504,1.409000039100647,6.670000076293945
516,5.388999938964844,2.3480000495910645,9.043000221252441
519,2.7709999084472656,1.7960000038146973,9.46500015258789
522,2.0450000762939453,-2.0,6.841000080108643
525,3.5299999713897705,-1.2829999923706055,4.671999931335449
528,6.177000045776367,-2.0920000076293945,4.53000020980835
531,7.307000160217285,-1.2330000400543213,6.9720001220703125
534,6.014999866485596,-2.384999990463257,9.050000190734863
537,3.5840001106262207,-1.0789999961853027,9.142000198364258
540,9.713000297546387,2.632999897003174,-2.121000051498413
543,11.024999618530273,1.7300000190734863,0.39500001072883606
546,9.789999961853027,2.609999895095825,2.565999984741211
549,9.86299991607666,-2.121999979019165,-1.996999979019165
552,11.156999588012695,-1.0069999694824219,0.27000001072883606
555,9.885000228881836,-2.2260000705718994,2.3570001125335693
558,-10.032999992370605,2.374000072479248,-0.032999999821186066
561,-8.687999725341797,1.309999942779541,-2.0940001010894775
564,-6.265999794006348,2.5999999046325684,-2.3949999809265137
567,-5.375,1.4320000410079956,-0.04600000008940697
570,-5.734000205993652,2.3499999046325684,2.51200008392334
573,-8.845000267028809,1.4470000267028809,2.2769999504089355
576,-9.963000297546387,-2.1689999103546143,-0.24400000274181366
579,-8.506999969482422,-1.4160000085830688,-2.3369998931884766
582,-5.749000072479248,-2.0959999561309814,-2.188999891281128
585,-4.559999942779541,-1.1130000352859497,0.1720000058412552
588,-6.181000232696533,-1.8079999685287476,2.0999999046325684
591,-8.878999710083008,-1.3650000095367432,2.0329999923706055
594,-2.938999891281128,2.9210000038146973,-0.2980000078678131
597,-0.8730000257492065,1.8229999542236328,-1.9420000314712524
600,1.8660000562667847,2.2699999809265137,-2.3239998817443848
603,3.119999885559082,1.7170000076293945,0.024000000208616257
606,1.440000057220459,2.421999931335449,1.9900000095367432
609,-1.090000033378601,1.2690000534057617,1.6699999570846558
612,-2.0199999809265137,-2.0739998817443848,-0.20999999344348907
615,-0.7369999885559082,-1.1610000133514404,-2.3399999141693115
618,1.9040000438690186,-2.0339999198913574,-2.2799999713897705
621,3.2200000286102295,-1.1200000047683716,0.06300000101327896
624,1.9179999828338623,-2.068000078201294,2.4179999828338623
627,-0.8450000286102295,-1.399999976158142,2.2339999675750732
630,5.693999767303467,2.6710000038146973,0.029999999329447746
633,6.968999862670898,1.6770000457763672,-2.2990000247955322
636,7.276000022888184,1.565000057220459,2.2039999961853027
639,5.802000045776367,-2.250999927520752,0.11100000143051147
642,7.163000106811523,-1.1699999570846558,-1.878000020980835
645,7.302000045776367,-1.031999945640564,2.2880001068115234
648,9.895999908447266,2.8489999771118164,-6.882999897003174
651,11.00100040435791,1.5989999771118164,-9.086999893188477
654,-9.798999786376953,2.5450000762939453,-9.0600004196167
657,-8.802000045776367,1.5080000162124634,-6.7170000076293945
660,-10.017999649047852,2.36299991607666,-4.428999900817871
663,10.890999794006348,1.5720000267028809,-4.395999908447266
666,9.694999694824219,-2.253000020980835,-6.739999771118164
669,10.975000381469727,-1.1160000562667847,-8.857000350952148
672,-10.234000205993652,-2.263000011444092,-8.95199966430664
675,-8.717000007629395,-1.3309999704360962,-6.952000141143799
678,-9.940999984741211,-2.193000078201294,-4.708000183105469
681,11.149999618530273,-1.3279999494552612,-4.427000045776367
684,-6.140999794006348,2.3580000400543213,-6.605999946594238
687,-4.89300012588501,1.402999997138977,-8.763999938964844
690,-2.255000114440918,2.183000087738037,-8.890000343322754
693,-0.7580000162124634,1.350000023841858,-6.72599983215332
696,-2.010999917984009,2.303999900817871,-4.414000034332275
699,-4.7210001945495605,1.6649999618530273,-4.396999835968018
702,-6.025000095367432,-2.26200008392334,-6.854000091552734
705,-4.579999923706055,-1.4429999589920044,-9.039999961853027
708,-2.059000015258789,-2.552000045776367,-9.003999710083008
711,-1.00600004196167,-1.5449999570846558,-6.672999858856201
714,-2.4130001068115234,-2.322000026702881,-4.4079999923706055
717,-4.86299991607666,-1.1770000457763672,-4.636000156402588
720,1.8940000534057617,2.180999994277954,-6.822999954223633
723,3.430999994277954,1.7100000381469727,-8.934000015258789
726,6.197999954223633,2.6510000228881836,-8.916999816894531
729,7.577000141143799,1.4320000410079956,-6.86299991607666
732,5.896999835968018,2.322000026702881,-4.889999866485596
735,3.2860000133514404,1.2630000114440918,-4.695000171661377
738,1.7430000305175781,-2.062000036239624,-7.044000148773193
741,3.306999921798706,-1.0809999704360962,-9.079999923706055
744,5.843999862670898,-2.3459999561309814,-8.887999534606934
747,6.998000144958496,-1.1890000104904175,-6.625999927520752
750,5.869999885559082,-2.2850000858306885,-4.4029998779296875
753,3.2939999103546143,-1.4880000352859497,-4.627999782562256
756,9.428000450134277,2.4700000286102295,11.017999649047852
759,10.916000366210938,1.6080000400543213,13.401000022888184
762,9.517999649047852,2.25600004196167,-11.602999687194824
765,9.935999870300293,-2.430000066757202,11.21500015258789
768,11.095999717712402,-1.3589999675750732,13.647000312805176
771,9.895000457763672,-2.11299991607666,-11.065999984741211
774,-10.052000045776367,2.496000051498413,13.479000091552734
777,-8.651000022888184,1.6430000066757202,11.38599967956543
780,-5.948999881744385,2.5480000972747803,11.260000228881836
783,-5.052999973297119,1.5130000114440918,13.614999771118164
786,-6.145999908447266,2.2709999084472656,-11.27400016784668
789,-8.800000190734863,1.3960000276565552,-11.35200023651123
792,-9.963000297546387,-2.2309999465942383,13.645999908447266
795,-8.480999946594238,-1.2410000562667847,11.432999610900879
798,-5.9029998779296875,-2.4189999103546143,11.104999542236328
801,-4.938000202178955,-1.1540000438690186,13.444999694824219
804,-5.9730000495910645,-2.2820000648498535,-11.435999870300293
807,-8.727999687194824,-1.3760000467300415,-11.138999938964844
810,-2.38100004196167,2.753999948501587,13.868000030517578
813,-0.8299999833106995,1.9119999408721924,11.50100040435791
816,2.0409998893737793,2.6619999408721924,11.788999557495117
819,3.071000099182129,1.2380000352859497,13.779999732971191
822,1.5549999475479126,2.3320000171661377,-11.361000061035156
825,-1.0870000123977661,1.5410000085830688,-11.100000381469727
828,-2.2660000324249268,-2.180000066757202,13.590999603271484
831,-0.6430000066757202,-0.9399999976158142,11.444000244140625
834,2.0320000648498535,-2.058000087738037,11.375
837,3.427000045776367,-1.3940000534057617,13.70199966430664
840,1.9470000267028809,-2.046999931335449,-11.244999885559082
843,-0.800000011920929,-1.4129999876022339,-11.154999732971191
846,5.7230000495910645,2.3389999866485596,13.744000434875488
849,7.007999897003174,1.2769999504089355,11.26200008392334
852,6.919000148773193,1.3049999475479126,-11.161999702453613
855,6.126999855041504,-1.9700000286102295,13.531000137329102
858,7.429999828338623,-1.4769999980926514,11.175999641418457
861,7.159999847412109,-1.378000020980835,-11.090999603271484
864,9.480999946594238,9.954000473022461,6.880000114440918
867,10.697999954223633,8.833000183105469,4.666999816894531
870,-10.060999870300293,9.913000106811523,4.466000080108643
873,-8.583000183105469,8.973999977111816,6.848999977111816
876,-10.102999687194824,10.064000129699707,9.090999603271484
879,11.140000343322754,8.84000015258789,8.91100025177002
882,9.694000244140625,4.964000225067139,6.558000087738037
885,11.074000358581543,6.085999965667725,4.484000205993652
888,-9.9399995803833,5.254000186920166,4.228000164031982
891,-8.604000091552734,6.202000141143799,6.439000129699707
894,-9.779000282287598,4.989999771118164,8.739999771118164
897,11.262999534606934,5.951000213623047,8.598999977111816
900,-5.974999904632568,10.093999862670898,6.627999782562256
903,-4.810999870300293,8.954000473022461,4.328000068664551
906,-2.3610000610351563,10.064000129699707,4.611000061035156
909,-0.8830000162124634,8.918999671936035,6.696000099182129
912,-1.8480000495910645,9.90999984741211,9.013999938964844
915,-4.573999881744385,9.315999984741211,9.187999725341797
918,-5.639999866485596,5.558000087738037,6.664000034332275
921,-4.445000171661377,6.188000202178955,4.1620001792907715
924,-1.9769999980926514,5.081999778747559,4.184000015258789
927,-0.9290000200271606,6.159999847412109,6.620999813079834
930,-2.3540000915527344,5.2779998779296875,8.777999877929688
933,-4.896999835968018,6.622000217437744,8.987000465393066
936,1.9019999504089355,9.779000282287598,6.789000034332275
939,3.062999963760376,8.842000007629395,4.6020002365112305
942,5.63700008392334,9.871000289916992,4.751999855041504
945,6.9770002365112305,8.95199966430664,7.138999938964844
948,5.538000106811523,10.052000045776367,9.121000289916992
951,2.9730000495910645,9.223999977111816,9.241000175476074
954,1.6920000314712524,5.303999900817871,6.485000133514404
957,3.3420000076293945,6.1529998779296875,4.302999973297119
960,5.928999900817871,5.21999979019165,4.451000213623047
963,7.129000186920166,6.208000183105469,6.9029998779296875
966,5.489999771118164,5.171999931335449,8.861000061035156
969,2.9000000953674316,6.3420000076293945,8.942000389099121
972,9.508999824523926,9.984999656677246,-1.9420000314712524
975,10.73799991607666,9.178999900817871,0.35499998927116394
978,9.359000205993652,10.215999603271484,2.5969998836517334
981,9.722000122070313,5.486999988555908,-2.428999900817871
984,11.187000274658203,6.4679999351501465,-0.0689999982714653
987,9.996000289916992,5.361999988555908,2.0769999027252197
990,-10.199000358581543,9.968000411987305,-0.16099999845027924
993,-8.944999694824219,8.991000175476074,-2.2839999198913574
996,-6.4039998054504395,9.736000061035156,-2.4100000858306885
999,-4.9039998054504395,9.12399959564209,-0.05700000002980232
1002,-6.209000110626221,10.145999908447266,2.180000066757202
1005,-8.805000305175781,9.130999565124512,2.127000093460083
1008,-9.949000358581543,5.203999996185303,-0.0689999982714653
1011,-8.819000244140625,6.2129998207092285,-2.3239998817443848
1014,-6.085000038146973,5.4730000495910645,-2.634999990463257
1017,-5.008999824523926,6.498000144958496,-0.4359999895095825
1020,-5.800000190734863,5.074999809265137,1.940000057220459
1023,-8.319999694824219,6.177000045776367,1.968999981880188
1026,-2.256999969482422,9.894000053405762,0.07100000232458115
1029,-0.6990000009536743,9.256999969482422,-2.122999906539917
1032,2.005000114440918,10.07800006866455,-2.4679999351501465
1035,2.8910000324249268,8.937000274658203,-0.04500000178813934
1038,1.565000057220459,9.550000190734863,2.2190001010894775
1041,-1.062999963760376,8.878000259399414,2.500999927520752
1044,-2.371000051498413,5.635000228881836,-0.382999986410141
1047,-0.6179999709129333,6.51200008392334,-2.127000093460083
1050,1.6759999990463257,5.047999858856201,-2.2009999752044678
1053,3.1419999599456787,6.241000175476074,-0.14300000667572021
1056,1.840000033378601,5.197999954223633,2.2170000076293945
1059,-1.0149999856948853,6.310999870300293,1.8600000143051147
1062,5.642000198364258,9.78499984741211,0.164000004529953
1065,6.997000217437744,8.968000411987305,-2.1489999294281006
1068,6.9039998054504395,8.946000099182129,2.500999927520752
1071,5.827000141143799,5.39300012588501,-0.12999999523162842
1074,7.105000019073486,6.317999839782715,-2.384999990463257
1077,7.295000076293945,6.284999847412109,2.2899999618530273
1080,9.633000373840332,9.942999839782715,-6.683000087738037
1083,10.895000457763672,9.060999870300293,-8.942000389099121
1086,-10.08899974822998,9.87399959564209,-8.920000076293945
1089,-8.649999618530273,8.704999923706055,-6.616000175476074
1092,-10.065999984741211,9.940999984741211,-4.645999908447266
1095,10.786999702453613,9.178000450134277,-4.2220001220703125
1098,9.741999626159668,5.585000038146973,-6.988999843597412
1101,11.366000175476074,6.335999965667725,-9.08899974822998
1104,-9.710000038146973,5.320000171661377,-9.220999717712402
1107,-8.420000076293945,5.974999904632568,-6.697000026702881
1110,-10.164999961853027,5.171999931335449,-4.6529998779296875
1113,11.055000305175781,6.414000034332275,-4.6570000648498535
1116,-6.086999893188477,10.027000427246094,-6.5269999504089355
1119,-4.822999954223633,8.781999588012695,-8.76099967956543
1122,-2.240999937057495,10.055999755859375,-8.753999710083008
1125,-0.703000009059906,8.869000434875488,-6.704999923706055
1128,-2.010999917984009,9.951000213623047,-4.440999984741211
1131,-4.656000137329102,9.019000053405762,-4.459000110626221
1134,-5.873000144958496,5.02400016784668,-6.681000232696533
1137,-4.607999801635742,6.014999866485596,-8.89900016784668
1140,-2.1419999599456787,4.86899995803833,-8.821999549865723
1143,-0.5659999847412109,6.056000232696533,-6.921000003814697
1146,-1.6069999933242798,5.130000114440918,-4.361000061035156
1149,-4.289000034332275,6.296999931335449,-4.543000221252441
1152,1.781000018119812,9.89900016784668,-6.692999839782715
1155,3.1530001163482666,9.111000061035156,-9.006999969482422
1158,5.708000183105469,10.14900016784668,-9.269000053405762
1161,7.089000225067139,9.133000373840332,-6.968999862670898
1164,5.769999980926514,9.781999588012695,-4.6529998779296875
1167,3.111999988555908,8.793999671936035,-4.545000076293945
1170,2.059999942779541,5.052000045776367,-7.077000141143799
1173,3.3580000400543213,6.288000106811523,-9.208000183105469
1176,5.9070000648498535,5.258999824523926,-9.27400016784668
1179,7.065000057220459,6.428999900817871,-6.943999767303467
1182,5.925000190734863,5.244999885559082,-4.690999984741211
1185,2.9570000171661377,6.035999774932861,-4.626999855041504
1188,9.704000473022461,9.717000007629395,11.196000099182129
1191,11.045999526977539,9.24899959564209,13.588000297546387
1194,9.866000175476074,9.87600040435791,-11.295000076293945
1197,9.85200023651123,5.249000072479248,10.89900016784668
1200,11.145000457763672,6.441999912261963,13.246000289916992
1203,10.057999610900879,5.105999946594238,-11.579000473022461
1206,-9.782999992370605,10.015999794006348,13.574999809265137
1209,-8.574999809265137,8.585000038146973,11.338000297546387
1212,-6.183000087738037,9.880999565124512,11.355999946594238
1215,-5.239999771118164,9.227999687194824,13.890000343322754
1218,-6.36299991607666,10.062000274658203,-10.960000038146973
1221,-8.781999588012695,8.875,-11.3100004196167
1224,-9.9350004196167,5.203999996185303,13.406000137329102
1227,-8.592000007629395,5.868000030517578,11.130000114440918
1230,-5.795000076293945,5.23799991607666,11.300000190734863
1233,-4.814000129699707,6.458000183105469,13.704000473022461
1236,-5.820000171661377,5.139999866485596,-11.375
1239,-8.692000389099121,6.138000011444092,-11.592000007629395
1242,-2.615999937057495,10.074000358581543,13.763999938964844
1245,-0.8560000061988831,8.968999862670898,11.520999908447266
1248,1.8769999742507935,9.914999961853027,11.711999893188477
1251,3.13700008392334,8.970000267028809,13.885000228881836
1254,1.062000036239624,9.82699966430664,-11.633999824523926
1257,-1.4240000247955322,8.873000144958496,-11.159000396728516
1260,-2.177000045776367,5.578000068664551,13.800999641418457
1263,-0.9259999990463257,6.192999839782715,11.232000350952148
1266,1.7760000228881836,5.519000053405762,11.289999961853027
1269,3.328000068664551,6.160999774932861,13.625
1272,1.934999942779541,5.189000129699707,-11.39900016784668
1275,-0.9169999957084656,6.098999977111816,-10.991999626159668
1278,5.980000019073486,9.729999542236328,13.607000350952148
1281,7.056000232696533,8.829999923706055,11.27400016784668
1284,7.181000232696533,8.977999687194824,-11.24899959564209
1287,6.061999797821045,5.090000152587891,13.621999740600586
1290,7.122000217437744,6.043000221252441,11.13599967956543
1293,7.473999977111816,6.158999919891357,-11.413999557495117
