0,-2.744999885559082,-1.2200000286102295,3.4149999618530273
3,6.9019999504089355,-8.940999984741211,-11.418999671936035
6,6.698999881744385,1.6770000457763672,-7.914000034332275
9,-7.583000183105469,10.946000099182129,5.184000015258789
12,-4.1539998054504395,-5.1570000648498535,-11.33899974822998
15,0.5609999895095825,3.0480000972747803,1.8849999904632568
18,8.600000381469727,4.11899995803833,9.5
21,6.629000186920166,5.419000148773193,11.029000282287598
24,8.147000312805176,7.809999942779541,7.888999938964844
27,8.083000183105469,-5.627999782562256,-6.510000228881836
30,10.347000122070313,4.619999885559082,11.47599983215332
33,8.848999977111816,-5.560999870300293,13.656000137329102
36,-9.07800006866455,-5.853000164031982,5.447999954223633
39,9.112000465393066,-8.390000343322754,9.697999954223633
42,-1.7400000095367432,-5.74399995803833,5.577000141143799
45,-7.541999816894531,-5.5929999351501465,8.954000473022461
48,-0.39899998903274536,-7.557000160217285,13.295999526977539
51,11.29800033569336,12.291000366210938,11.772000312805176
54,-2.753999948501587,0.8539999723434448,12.616999626159668
57,-8.89900016784668,8.845000267028809,6.553999900817871
60,-5.130000114440918,-6.650000095367432,4.936999797821045
63,7.23799991607666,2.236999988555908,8.081000328063965
66,0.6309999823570251,11.45199966430664,12.885000228881836
69,-5.710000038146973,-9.140999794006348,7.110000133514404
72,1.2280000448226929,-9.276000022888184,-12.267999649047852
75,12.291000366210938,1.5190000534057617,14.206999778747559
78,-9.180999755859375,5.756999969482422,-0.8730000257492065
81,-6.617000102996826,1.9830000400543213,0.6660000085830688
84,5.97599983215332,13.055000305175781,7.456999778747559
87,0.38199999928474426,12.317999839782715,9.99899959564209
90,11.291999816894531,11.420999526977539,-5.328000068664551
93,-10.986000061035156,12.095000267028809,7.447999954223633
96,8.274999618530273,-8.246999740600586,0.593999981880188
99,6.6579999923706055,-7.505000114440918,4.459000110626221
102,5.2230000495910645,-8.355999946594238,-7.883999824523926
105,6.968999862670898,-4.627999782562256,10.048999786376953
108,8.78499984741211,2.4649999141693115,12.319000244140625
111,12.178999900817871,-0.4580000042915344,4.355000019073486
114,0.7260000109672546,-3.9749999046325684,13.21500015258789
117,4.769000053405762,6.585000038146973,-10.152999877929688
120,11.550000190734863,-5.215000152587891,4.1570000648498535
123,6.494999885559082,3.2939999103546143,5.210999965667725
126,-7.256999969482422,-5.598999977111816,-0.24799999594688416
129,-0.42800000309944153,-8.626999855041504,0.2199999988079071
132,-2.2139999866485596,-2.3380000591278076,0.9100000262260437
135,-7.310999870300293,-6.192999839782715,3.4019999504089355
138,-3.178999900817871,-8.255999565124512,-0.3269999921321869
141,12.260000228881836,-2.815000057220459,5.659999847412109
144,6.105999946594238,-7.558000087738037,13.012999534606934
147,-11.274999618530273,-1.3480000495910645,1.7899999618530273
150,-4.127999782562256,10.444999694824219,-8.734999656677246
153,-11.381999969482422,3.9179999828338623,5.796000003814697
156,-9.465999603271484,-6.216000080108643,1.718000054359436
159,6.206999778747559,-4.877999782562256,-0.11999999731779099
162,-7.533999919891357,4.571000099182129,0.9380000233650208
165,-5.553999900817871,7.0269999504089355,1.378000020980835
168,-5.998000144958496,0.04699999839067459,-1.5470000505447388
171,5.267000198364258,-5.11899995803833,-12.791999816894531
174,-1.3329999446868896,5.9120001792907715,5.24399995803833
177,-10.586000442504883,2.059999942779541,3.9089999198913574
180,-7.630000114440918,8.939000129699707,2.2139999866485596
183,2.3299999237060547,-7.965000152587891,-3.4619998931884766
186,2.9000000953674316,1.0190000534057617,-4.051000118255615
189,-2.8380000591278076,-5.408999919891357,8.048999786376953
192,-1.1710000038146973,1.2680000066757202,-1.0099999904632568
195,-0.6190000176429749,12.258000373840332,3.6540000438690186
198,5.198999881744385,11.333999633789063,-1.63100004196167
201,1.496999979019165,-5.697000026702881,1.4839999675750732
204,-2.250999927520752,12.861000061035156,8.149999618530273
207,-2.134000062942505,11.109999656677246,5.775000095367432
210,4.340000152587891,2.303999900817871,3.628000020980835
213,7.9070000648498535,6.754000186920166,-11.289999961853027
216,2.8980000019073486,-7.685999870300293,3.186000108718872
219,-5.288000106811523,10.350000381469727,1.2869999408721924
222,-4.39900016784668,-3.700000047683716,-0.35199999809265137
225,-2.7209999561309814,-7.692999839782715,-3.3959999084472656
228,4.091000080108643,-6.630000114440918,0.9440000057220459
231,9.600000381469727,12.928999900817871,3.13100004196167
234,7.541999816894531,-6.559999942779541,8.175000190734863
237,-10.272000312805176,10.637999534606934,-3.128000020980835
240,-9.414999961853027,6.166999816894531,5.4730000495910645
243,-6.168000221252441,12.883000373840332,1.1710000038146973
246,7.158999919891357,11.937999725341797,2.8410000801086426
249,10.805999755859375,-3.6730000972747803,-1.5670000314712524
252,5.822999954223633,-1.3109999895095825,-3.0789999961853027
255,-9.494999885559082,3.746999979019165,-4.901000022888184
258,-8.539999961853027,-0.6790000200271606,-7.607999801635742
261,-5.685999870300293,-3.9670000076293945,-5.410999774932861
264,0.21799999475479126,-3.0829999446868896,1.5470000505447388
267,-4.4770002365112305,-1.996999979019165,-7.422999858856201
270,8.786999702453613,9.678999900817871,-3.380000114440918
273,-11.229000091552734,10.045999526977539,-8.057000160217285
276,12.020000457763672,-7.480000019073486,8.708000183105469
279,-6.210999965667725,-3.2690000534057617,13.456999778747559
282,-7.129000186920166,-2.9749999046325684,-8.24899959564209
285,-10.178999900817871,-6.75600004196167,-12.15999984741211
288,-8.545000076293945,1.0499999523162842,2.3380000591278076
291,-0.3230000138282776,-7.085999965667725,-2.0980000495910645
294,3.802999973297119,-7.7210001945495605,-5.732999801635742
297,4.840000152587891,-3.5510001182556152,2.552999973297119
300,10.715999603271484,-0.17399999499320984,-0.04899999871850014
303,-9.541000366210938,0.9089999794960022,-4.484000205993652
306,8.977999687194824,-5.556000232696533,-0.07999999821186066
309,8.642000198364258,2.496999979019165,-11.543000221252441
312,7.4629998207092285,-8.66100025177002,-3.431999921798706
315,8.927000045776367,12.625,-5.418000221252441
318,5.421999931335449,-8.659000396728516,-0.14499999582767487
321,-0.843999981880188,1.3259999752044678,-11.104000091552734
324,2.436000108718872,-2.3429999351501465,-10.833999633789063
327,6.514999866485596,9.847000122070313,11.847000122070313
330,10.656999588012695,-6.002999782562256,-2.7839999198913574
333,2.687000036239624,-4.71999979019165,-12.260000228881836
336,9.277000427246094,11.633999824523926,-8.097000122070313
339,-8.779000282287598,-6.329999923706055,-9.26099967956543
342,10.086999893188477,-7.505000114440918,-8.223999977111816
345,-1.0080000162124634,-3.683000087738037,9.347000122070313
348,-10.35099983215332,-3.625,-4.501999855041504
351,-4.105999946594238,-2.4590001106262207,-11.996000289916992
354,-1.2480000257492065,8.175999641418457,14.038000106811523
357,7.4629998207092285,-7.571000099182129,-9.154999732971191
360,-3.9809999465942383,-8.491000175476074,12.012999534606934
363,10.345999717712402,11.491999626159668,8.946000099182129
366,-4.757999897003174,12.463000297546387,9.550000190734863
369,-6.322999954223633,7.999000072479248,10.838000297546387
372,3.9119999408721924,0.8109999895095825,-11.644000053405762
375,-8.144000053405762,7.449999809265137,8.857999801635742
378,1.590000033378601,-4.869999885559082,-9.678999900817871
381,6.050000190734863,10.904999732971191,-6.755000114440918
384,-5.326000213623047,-6.570000171661377,-6.416999816894531
387,-2.2909998893737793,-7.34499979019165,10.232999801635742
390,-2.308000087738037,-8.390000343322754,-10.661999702453613
393,1.4190000295639038,-7.7729997634887695,-9.343000411987305
396,4.144999980926514,-9.480999946594238,-11.770999908447266
399,-9.817000389099121,13.1850004196167,-10.779999732971191
402,12.656000137329102,-7.50600004196167,11.416999816894531
405,8.050000190734863,-5.8429999351501465,-3.7049999237060547
408,-5.4679999351501465,-5.072000026702881,7.269999980926514
411,-9.656000137329102,-4.130000114440918,7.676000118255615
414,1.5520000457763672,7.991000175476074,-9.291000366210938
417,5.693999767303467,2.7760000228881836,-11.088000297546387
420,-4.874000072479248,0.07000000029802322,-5.585000038146973
423,7.390999794006348,-0.8479999899864197,-8.28499984741211
426,0.8019999861717224,4.008999824523926,4.368000030517578
429,6.224999904632568,7.6020002365112305,-6.410999774932861
432,8.484000205993652,-5.339000225067139,-10.239999771118164
435,11.883999824523926,-3.4609999656677246,13.571000099182129
438,-1.3250000476837158,-5.729000091552734,0.9269999861717224
441,-4.730999946594238,-0.8640000224113464,-9.92300033569336
444,-4.960000038146973,3.7360000610351563,8.70300006866455
447,9.059000015258789,2.5480000972747803,-6.290999889373779
450,1.156000018119812,3.305999994277954,11.336999893188477
453,5.541999816894531,-1.2079999446868896,-10.531999588012695
456,8.864999771118164,-4.745999813079834,5.926000118255615
459,-6.508999824523926,6.421000003814697,13.378999710083008
462,-6.114999771118164,0.4230000078678131,10.236000061035156
465,8.61299991607666,-2.382999897003174,4.181000232696533
468,-7.269000053405762,1.6480000019073486,4.989999771118164
471,-3.003999948501587,8.005999565124512,9.23900032043457
474,-4.060999870300293,-0.414000004529953,8.706000328063965
477,-5.214000225067139,6.513000011444092,8.293000221252441
480,0.6069999933242798,0.6650000214576721,12.333999633789063
483,-5.306000232696533,10.095999717712402,-11.163000106811523
486,-7.058000087738037,-0.4779999852180481,12.588000297546387
489,-9.699000358581543,-2.377000093460083,11.0600004196167
492,-2.802999973297119,-1.7100000381469727,6.258999824523926
495,-1.8869999647140503,3.3529999256134033,-9.357000350952148
498,-9.788999557495117,-0.3140000104904175,12.782999992370605
501,-7.554999828338623,12.222000122070313,-3.744999885559082
504,0.871999979019165,7.281000137329102,6.593999862670898
507,1.621999979019165,4.790999889373779,7.864999771118164
510,-7.5370001792907715,2.6459999084472656,8.76200008392334
513,3.3320000171661377,4.335999965667725,5.800000190734863
516,-0.13500000536441803,3.4619998931884766,13.732000350952148
519,-10.204999923706055,4.748000144958496,11.881999969482422
522,0.4729999899864197,0.4729999899864197,9.635000228881836
525,-1.6130000352859497,5.551000118255615,-12.293000221252441
528,-3.26200008392334,-5.870999813079834,3.0420000553131104
531,-7.103000164031982,-8.960000038146973,3.6480000019073486
534,-5.84499979019165,-4.711999893188477,11.022000312805176
537,11.479000091552734,-4.1020002365112305,10.13700008392334
540,4.9029998779296875,-7.61899995803833,-2.9000000953674316
543,5.688000202178955,10.515999794006348,0.925000011920929
546,11.020999908447266,10.63700008392334,2.859999895095825
549,2.996000051498413,8.47599983215332,5.421999931335449
552,2.575000047683716,0.2680000066757202,3.875999927520752
555,11.631999969482422,5.572999954223633,-10.420000076293945
558,-8.196000099182129,10.786999702453613,0.3140000104904175
561,-8.447999954223633,-1.5479999780654907,1.281000018119812
564,7.906000137329102,-0.5740000009536743,-0.11299999803304672
567,4.038000106811523,0.6629999876022339,-6.48799991607666
570,9.755999565124512,1.4950000047683716,6.991000175476074
573,-8.574000358581543,0.7009999752044678,7.224999904632568
576,-5.697000026702881,-7.676000118255615,-1.3109999895095825
579,-5.455999851226807,-8.45300006866455,-4.006999969482422
582,-7.874000072479248,-3.0959999561309814,-1.034000039100647
585,-5.093999862670898,-0.7110000252723694,4.714000225067139
588,-2.7149999141693115,1.8990000486373901,5.11299991607666
591,9.845000267028809,7.690999984741211,14.175999641418457
594,-7.252999782562256,8.095999717712402,-4.74399995803833
597,11.1850004196167,2.8010001182556152,0.11100000143051147
600,2.068000078201294,1.4470000267028809,0.4059999883174896
603,-4.744999885559082,-5.98199987411499,13.031999588012695
606,-0.10700000077486038,0.9589999914169312,3.8910000324249268
609,-4.552000045776367,6.618000030517578,-3.563999891281128
612,-4.35099983215332,4.563000202178955,-0.2800000011920929
615,8.336999893188477,0.6669999957084656,-4.313000202178955
618,0.17299999296665192,5.704999923706055,0.03200000151991844
621,9.32800006866455,-2.259000062942505,14.112000465393066
624,9.939000129699707,-0.24500000476837158,11.598999977111816
627,-4.000999927520752,5.416999816894531,13.678999900817871
630,7.5320000648498535,5.627999782562256,6.326000213623047
633,4.068999767303467,2.9639999866485596,-1.7860000133514404
636,3.7929999828338623,11.866999626159668,6.664000034332275
639,8.220999717712402,-2.8389999866485596,-6.040999889373779
642,0.4659999907016754,2.5789999961853027,6.568999767303467
645,9.60200023651123,-5.874000072479248,11.024999618530273
648,-1.1649999618530273,-3.2699999809265137,4.446000099182129
651,-1.1759999990463257,-5.122000217437744,-7.9029998779296875
654,-11.121000289916992,9.913000106811523,11.748000144958496
657,7.4629998207092285,1.6799999475479126,1.090999960899353
660,-6.159999847412109,-1.75600004196167,2.3989999294281006
663,-11.072999954223633,-8.548999786376953,2.0320000648498535
666,-10.980999946594238,-3.890000104904175,1.1549999713897705
669,-10.375,-9.239999771118164,-0.5299999713897705
672,0.7799999713897705,2.325000047683716,-2.6610000133514404
675,9.326000213623047,0.09600000083446503,4.613999843597412
678,7.109000205993652,-2.634999990463257,1.3990000486373901
681,-3.361999988555908,1.9780000448226929,0.3869999945163727
684,9.369000434875488,11.70199966430664,13.550999641418457
687,-9.371000289916992,7.513000011444092,-8.47599983215332
690,-6.5970001220703125,4.494999885559082,-6.982999801635742
693,10.541999816894531,-0.8479999899864197,-4.961999893188477
696,-7.583000183105469,9.269000053405762,-1.9589999914169312
699,0.3059999942779541,9.90999984741211,-3.874000072479248
702,-8.982999801635742,-1.6319999694824219,-2.9579999446868896
705,-8.26200008392334,-4.585000038146973,-6.190000057220459
708,-11.246000289916992,4.322999954223633,-2.9709999561309814
711,12.031000137329102,1.5140000581741333,-2.5199999809265137
714,1.00600004196167,-0.9309999942779541,-0.39800000190734863
717,-5.760000228881836,-2.450000047683716,7.013999938964844
720,4.764999866485596,-0.05900000035762787,1.5759999752044678
723,3.009999990463257,4.122000217437744,-3.8239998817443848
726,2.8550000190734863,10.58899974822998,-9.166999816894531
729,1.4869999885559082,3.427999973297119,-6.065999984741211
732,5.4070000648498535,3.7829999923706055,1.5989999771118164
735,8.071999549865723,6.724999904632568,-1.4600000381469727
738,-0.5139999985694885,-1.1540000438690186,7.679999828338623
741,-7.1620001792907715,5.160999774932861,-4.5269999504089355
744,1.1510000228881836,11.814000129699707,-6.670000076293945
747,10.006999969482422,-0.6959999799728394,-8.821000099182129
750,1.9910000562667847,-3.2170000076293945,-2.005000114440918
753,9.097999572753906,-2.6419999599456787,10.616000175476074
756,3.260999917984009,-2.309000015258789,-6.671000003814697
759,11.782999992370605,3.378000020980835,-6.428999900817871
762,10.956000328063965,8.472999572753906,-4.559999942779541
765,11.13599967956543,-5.0960001945495605,7.526000022888184
768,1.440999984741211,5.4710001945495605,-10.744999885559082
771,4.705999851226807,8.776000022888184,-8.352999687194824
774,-3.013000011444092,11.958999633789063,13.819999694824219
777,-5.244999885559082,1.9869999885559082,-3.2730000019073486
780,-7.026000022888184,4.479000091552734,5.270999908447266
783,-1.8300000429153442,-4.432000160217285,-12.991000175476074
786,-1.0190000534057617,9.276000022888184,-6.260000228881836
789,9.928999900817871,-3.302000045776367,-9.336000442504883
792,-3.5239999294281006,-2.5399999618530273,10.543999671936035
795,-2.4560000896453857,6.638000011444092,11.72599983215332
798,3.6530001163482666,-0.8389999866485596,-8.815999984741211
801,12.595999717712402,-7.164000034332275,-7.568999767303467
804,12.105999946594238,-1.1759999990463257,-2.1570000648498535
807,12.467000007629395,-0.3569999933242798,-7.3379998207092285
810,-4.300000190734863,5.9079999923706055,-6.619999885559082
813,-0.28200000524520874,-6.671999931335449,-11.315999984741211
816,5.86299991607666,-1.5850000381469727,-5.848999977111816
819,12.822999954223633,-7.849999904632568,6.0920000076293945
822,1.4429999589920044,0.6610000133514404,-10.210000038146973
825,-8.595000267028809,4.941999912261963,-9.138999938964844
828,-1.5850000381469727,-4.244999885559082,-10.190999984741211
831,5.743000030517578,-4.6579999923706055,-4.10099983215332
834,1.7109999656677246,-1.3849999904632568,6.300000190734863
837,8.291000366210938,-3.0820000171661377,-2.4600000381469727
840,1.819000005722046,-1.694000005722046,-4.335000038146973
843,-2.365000009536743,-1.9170000553131104,13.053000450134277
846,4.796000003814697,-3.437999963760376,-1.9229999780654907
849,-0.8349999785423279,-2.753999948501587,-3.4839999675750732
852,-2.2639999389648438,-1.659000039100647,-9.597999572753906
855,2.186000108718872,-1.343000054359436,13.666999816894531
858,4.618000030517578,4.0370001792907715,12.494999885559082
861,-3.0929999351501465,-5.067999839782715,-2.555000066757202
864,11.147000312805176,8.548999786376953,-9.944999694824219
867,-10.293000221252441,8.574999809265137,-1.0740000009536743
870,3.6070001125335693,-7.745999813079834,7.96999979019165
873,-5.146999835968018,3.3259999752044678,-11.90999984741211
876,-7.60699987411499,3.9210000038146973,11.480999946594238
879,-7.938000202178955,-7.406000137329102,-5.682000160217285
882,9.932999610900879,0.057999998331069946,-11.57699966430664
885,4.877999782562256,6.25,6.833000183105469
888,-7.3979997634887695,-0.3319999873638153,-10.54699993133545
891,12.168000221252441,9.17199993133545,8.928999900817871
894,-7.360000133514404,10.517999649047852,14.401000022888184
897,12.661999702453613,-0.7879999876022339,-11.12600040435791
900,-3.3949999809265137,6.293000221252441,3.3459999561309814
903,8.51099967956543,10.444000244140625,4.788000106811523
906,-4.360000133514404,-0.6629999876022339,0.5600000023841858
909,-5.580999851226807,9.119999885559082,4.632999897003174
912,1.8070000410079956,-7.572000026702881,5.790999889373779
915,-4.348999977111816,9.86299991607666,10.609999656677246
918,-10.588000297546387,8.6850004196167,-12.1850004196167
921,-5.074999809265137,1.496000051498413,6.934000015258789
924,-8.369999885559082,-1.8930000066757202,7.908999919891357
927,0.6930000185966492,8.885000228881836,-1.1390000581741333
930,1.1950000524520874,3.4590001106262207,-8.90999984741211
933,7.910999774932861,7.339000225067139,12.11400032043457
936,-1.9119999408721924,4.232999801635742,-1.5549999475479126
939,2.9130001068115234,9.232999801635742,0.5699999928474426
942,7.999000072479248,10.704000473022461,7.534999847412109
945,8.545999526977539,-8.493000030517578,6.466000080108643
948,3.9110000133514404,9.644000053405762,11.041999816894531
951,3.8540000915527344,6.836999893188477,-1.8250000476837158
954,-7.190999984741211,2.1070001125335693,13.579999923706055
957,-2.9730000495910645,9.244000434875488,4.051000118255615
960,4.558000087738037,12.727999687194824,4.1020002365112305
963,-1.4110000133514404,10.187999725341797,9.15999984741211
966,-8.395999908447266,-4.416999816894531,-12.336000442504883
969,-3.746999979019165,1.0579999685287476,-11.873000144958496
972,-10.76099967956543,6.663000106811523,3.135999917984009
975,6.869999885559082,-4.880000114440918,3.7899999618530273
978,-0.3319999873638153,-7.576000213623047,7.3480000495910645
981,1.0770000219345093,6.234000205993652,-7.119999885559082
984,7.025000095367432,3.2049999237060547,-3.502000093460083
987,-10.5,9.194000244140625,1.8450000286102295
990,2.4670000076293945,11.425999641418457,-3.062999963760376
993,-10.17300033569336,8.326000213623047,-5.545000076293945
996,-9.76099967956543,12.41100025177002,3.9189999103546143
999,-1.6970000267028809,11.664999961853027,-2.809000015258789
1002,10.010000228881836,4.1519999504089355,7.060999870300293
1005,12.378999710083008,1.3569999933242798,7.632999897003174
1008,-5.086999893188477,6.480000019073486,5.544000148773193
1011,6.840000152587891,5.909999847412109,2.2339999675750732
1014,-6.610000133514404,5.750999927520752,-1.8350000381469727
1017,-1.9539999961853027,2.7160000801086426,10.204999923706055
1020,12.423999786376953,4.146999835968018,2.117000102996826
1023,8.621000289916992,12.404999732971191,-1.4040000438690186
1026,-0.5410000085830688,-4.14900016784668,-1.2139999866485596
1029,-0.06499999761581421,11.107999801635742,1.0299999713897705
1032,-0.972000002861023,7.2210001945495605,2.240999937057495
1035,-2.1589999198913574,2.944000005722046,7.598999977111816
1038,-2.578000068664551,-8.449000358581543,2.700000047683716
1041,12.817000389099121,6.388999938964844,8.189000129699707
1044,-3.609999895095825,7.2820000648498535,-0.621999979019165
1047,0.6340000033378601,7.048999786376953,-3.1080000400543213
1050,-3.507999897003174,9.3100004196167,-4.610000133514404
1053,0.3019999861717224,8.909000396728516,3.9230000972747803
1056,-3.4609999656677246,3.563999891281128,2.7960000038146973
1059,10.34000015258789,8.303000450134277,-0.640999972820282
1062,-2.6050000190734863,-6.999000072479248,-6.1539998054504395
1065,-2.552000045776367,10.090999603271484,1.6019999980926514
1068,11.126999855041504,-8.75100040435791,-2.4739999771118164
1071,1.3910000324249268,12.156000137329102,5.763000011444092
1074,3.312000036239624,10.567999839782715,3.128999948501587
1077,10.461999893188477,-7.639999866485596,4.804999828338623
1080,3.0399999618530273,5.004000186920166,-0.06199999898672104
1083,10.696999549865723,5.609000205993652,-4.5970001220703125
1086,-6.915999889373779,9.291000366210938,-9.140999794006348
1089,-10.845999717712402,-8.314000129699707,-5.019000053405762
1092,10.687000274658203,8.211000442504883,4.216000080108643
1095,-6.366000175476074,-1.4700000286102295,-3.9089999198913574
1098,8.637999534606934,3.809999942779541,-0.7139999866485596
1101,5.434000015258789,5.314000129699707,-3.8440001010894775
1104,7.431000232696533,10.019000053405762,-9.46500015258789
1107,9.694000244140625,10.619000434875488,0.2280000001192093
1110,8.074000358581543,6.1479997634887695,-4.224999904632568
1113,9.107000350952148,6.015999794006348,3.7990000247955322
1116,-9.687999725341797,-5.193999767303467,10.482999801635742
1119,-5.427000045776367,10.946999549865723,-2.385999917984009
1122,-6.126999855041504,-5.329999923706055,-9.22599983215332
1125,-1.5169999599456787,5.64300012588501,-4.389999866485596
1128,5.940000057220459,10.211999893188477,-4.044000148773193
1131,-4.3480000495910645,-7.388999938964844,-9.060999870300293
1134,7.629000186920166,4.7829999923706055,-6.7729997634887695
1137,-9.388999938964844,10.454999923706055,-10.100000381469727
1140,-0.8029999732971191,-8.855999946594238,-7.35699987411499
1143,3.009000062942505,7.76200008392334,-6.090000152587891
1146,10.480999946594238,4.630000114440918,-12.883999824523926
1149,-7.2170000076293945,1.468000054359436,-6.159999847412109
1152,3.6059999465942383,8.982999801635742,-3.6050000190734863
1155,4.408999919891357,-7.078000068664551,-10.458999633789063
1158,7.6020002365112305,12.522000312805176,11.876999855041504
1161,0.9150000214576721,-5.690999984741211,-6.368000030517578
1164,2.1600000858306885,-2.4670000076293945,3.180999994277954
1167,9.755000114440918,-4.118000030517578,2.062000036239624
1170,-5.308000087738037,-4.395999908447266,2.5179998874664307
1173,-1.2669999599456787,7.947999954223633,-10.289999961853027
1176,2.240999937057495,9.371999740600586,12.95199966430664
1179,5.7789998054504395,4.203999996185303,-8.829000473022461
1182,7.672999858856201,8.34000015258789,1.2089999914169312
1185,-9.887999534606934,-3.1549999713897705,-9.984000205993652
1188,10.583999633789063,7.589000225067139,10.685999870300293
1191,8.423999786376953,2.875,3.313999891281128
1194,3.931999921798706,10.184000015258789,-12.116999626159668
1197,11.565999984741211,9.685999870300293,6.375
1200,-9.173999786376953,1.3489999771118164,-9.711999893188477
1203,-11.12600040435791,-0.3140000104904175,9.767000198364258
1206,7.184000015258789,-3.0829999446868896,-11.64900016784668
1209,-0.3009999990463257,-5.867000102996826,11.244999885559082
1212,-1.909999966621399,10.211999893188477,12.107000350952148
1215,0.3370000123977661,11.012999534606934,-10.38700008392334
1218,11.201000213623047,-5.441999912261963,-5.61299991607666
1221,6.381999969482422,8.659000396728516,-12.541999816894531
1224,-4.886000156402588,8.585000038146973,-6.776000022888184
1227,8.053999900817871,7.164999961853027,-8.553000450134277
1230,-7.61299991607666,5.047999858856201,-11.553999900817871
1233,-1.7350000143051147,11.550000190734863,-8.918000221252441
1236,-3.2079999446868896,10.118000030517578,-1.0759999752044678
1239,11.175000190734863,-3.1449999809265137,-7.015999794006348
1242,9.640999794006348,-7.671999931335449,-11.888999938964844
1245,0.7369999885559082,10.024999618530273,7.285999774932861
1248,4.644000053405762,6.854000091552734,9.723999977111816
1251,-3.187000036239624,-4.047999858856201,-5.396999835968018
1254,3.4600000381469727,-5.093999862670898,-5.340000152587891
1257,10.890000343322754,-4.570000171661377,-11.446000099182129
1260,0.7440000176429749,7.269999980926514,12.265000343322754
1263,2.265000104904175,5.560999870300293,10.369999885559082
1266,2.572999954223633,10.935999870300293,9.039999961853027
1269,5.379000186920166,0.5120000243186951,-1.0210000276565552
1272,-10.89900016784668,3.197000026702881,-9.0649995803833
1275,-3.759000062942505,4.081999778747559,-4.329999923706055
1278,2.7760000228881836,5.020999908447266,14.050999641418457
1281,9.27400016784668,10.039999961853027,-11.557999610900879
1284,-8.579999923706055,8.447999954223633,13.244000434875488
1287,7.129000186920166,4.348999977111816,14.265000343322754
1290,-9.458000183105469,3.5339999198913574,-12.836000442504883
1293,-1.6460000276565552,6.885000228881836,-7.706999778747559
