0,-1.8389999866485596,-8.640000343322754,-1.8990000486373901
3,10.942999839782715,-6.209000110626221,9.932999610900879
6,-5.573999881744385,-1.871999979019165,-9.958000183105469
9,-3.9070000648498535,9.78499984741211,7.425000190734863
12,-3.756999969482422,11.406000137329102,-7.177000045776367
15,-0.38100001215934753,-1.3300000429153442,-0.020999999716877937
18,9.873000144958496,8.378999710083008,10.814000129699707
21,5.566999912261963,4.00600004196167,-11.550999641418457
24,9.093000411987305,8.567000389099121,13.5649995803833
27,9.526000022888184,-6.4710001945495605,-4.38700008392334
30,12.00100040435791,0.8859999775886536,-11.614999771118164
33,9.581999778747559,-8.282999992370605,5.573999881744385
36,-3.6619999408721924,-7.473999977111816,8.982000350952148
39,-9.715999603271484,12.53499984741211,10.345999717712402
42,2.3359999656677246,-4.973999977111816,3.694000005722046
45,-5.260000228881836,12.741000175476074,10.524999618530273
48,-0.050999999046325684,12.168999671936035,11.82800006866455
51,-6.697000026702881,-7.73799991607666,11.755000114440918
54,-3.171999931335449,-0.8960000276565552,6.198999881744385
57,-0.9729999899864197,6.079999923706055,10.47700023651123
60,-3.700000047683716,12.229000091552734,4.704999923706055
63,-10.331999778747559,-3.3429999351501465,2.3420000076293945
66,4.020999908447266,-8.065999984741211,10.616000175476074
69,-1.0779999494552612,-5.794000148773193,9.982000350952148
72,8.883000373840332,-5.107999801635742,11.361000061035156
75,-8.03600025177002,-4.113999843597412,3.700000047683716
78,-7.923999786376953,-2.191999912261963,-3.4719998836517334
81,-5.388999938964844,1.6269999742507935,3.0999999046325684
84,4.690999984741211,-9.529000282287598,5.809000015258789
87,-3.8610000610351563,8.914999961853027,11.116000175476074
90,9.434000015258789,3.944000005722046,-4.668000221252441
93,12.592000007629395,9.73900032043457,10.119999885559082
96,5.204999923706055,12.625,2.806999921798706
99,7.320000171661377,-9.475000381469727,0.7210000157356262
102,9.00100040435791,5.97599983215332,-9.178000450134277
105,-9.13700008392334,-4.9019999504089355,10.255000114440918
108,-8.916000366210938,3.822999954223633,12.789999961853027
111,11.321000099182129,3.8919999599456787,1.871000051498413
114,5.35699987411499,-5.436999797821045,7.230999946594238
117,3.9560000896453857,-0.5299999713897705,-9.262999534606934
120,-8.723999977111816,-6.980999946594238,1.718999981880188
123,9.342000007629395,2.5910000801086426,7.072999954223633
126,-8.555000305175781,7.9679999351501465,-2.8910000324249268
129,6.2129998207092285,3.1740000247955322,-0.9509999752044678
132,0.6890000104904175,-6.250999927520752,12.213000297546387
135,-7.941999912261963,10.586000442504883,-1.2519999742507935
138,-2.065999984741211,7.2870001792907715,0.847000002861023
141,-7.763000011444092,-6.830999851226807,4.689000129699707
144,6.548999786376953,10.668000221252441,4.168000221252441
147,-6.8520002365112305,4.578000068664551,4.151000022888184
150,-4.894000053405762,9.89900016784668,-11.253999710083008
153,11.940999984741211,3.1619999408721924,5.678999900817871
156,-9.678000450134277,7.164999961853027,-0.5540000200271606
159,5.9679999351501465,-7.126999855041504,0.6209999918937683
162,-8.687000274658203,3.986999988555908,-0.14900000393390656
165,-2.114000082015991,9.482000350952148,-2.306999921798706
168,-0.7490000128746033,-1.1710000038146973,-9.909000396728516
171,8.180999755859375,0.746999979019165,8.803999900817871
174,-9.126999855041504,5.859000205993652,7.563000202178955
177,9.718000411987305,6.234000205993652,3.499000072479248
180,8.869000434875488,2.628999948501587,0.14399999380111694
183,9.848999977111816,10.550000190734863,-4.111999988555908
186,3.740000009536743,-6.929999828338623,-7.372000217437744
189,-1.2730000019073486,-1.9490000009536743,9.083999633789063
192,-1.2109999656677246,-2.558000087738037,3.312999963760376
195,-2.3289999961853027,12.60099983215332,7.866000175476074
198,-0.7860000133514404,7.914999961853027,4.449999809265137
201,0.7450000047683716,-8.38700008392334,4.864999771118164
204,1.3329999446868896,-8.182000160217285,10.704000473022461
207,-1.440999984741211,10.32800006866455,5.5879998207092285
210,7.630000114440918,-2.7709999084472656,2.246999979019165
213,5.9730000495910645,1.4539999961853027,-9.979999542236328
216,4.170000076293945,11.8100004196167,8.461999893188477
219,-2.434999942779541,4.677000045776367,1.4129999876022339
222,-6.307000160217285,-4.013999938964844,-0.4699999988079071
225,1.531999945640564,-4.038000106811523,-5.059999942779541
228,5.86899995803833,-6.6539998054504395,4.714000225067139
231,7.710999965667725,6.236999988555908,7.448999881744385
234,10.484999656677246,-4.184999942779541,8.02299976348877
237,10.189000129699707,7.335000038146973,-5.859000205993652
240,-7.848999977111816,6.636000156402588,1.5570000410079956
243,-5.2179999351501465,11.043999671936035,-2.11899995803833
246,8.211000442504883,9.637999534606934,5.988999843597412
249,11.317999839782715,-4.269999980926514,-6.866000175476074
252,5.439000129699707,-3.9489998817443848,-8.055999755859375
255,-8.652999877929688,-7.609000205993652,-6.797999858856201
258,-6.09499979019165,-6.834000110626221,-7.585999965667725
261,-3.509000062942505,-1.4129999876022339,-8.284000396728516
264,0.6930000185966492,-8.067999839782715,1.5549999475479126
267,-10.690999984741211,-5.040999889373779,-9.954000473022461
270,6.389999866485596,9.470999717712402,-5.426000118255615
273,12.581000328063965,9.307000160217285,-6.752999782562256
276,-7.626999855041504,10.050999641418457,9.668999671936035
279,-4.15500020980835,-3.7079999446868896,9.164999961853027
282,-9.112000465393066,-7.915999889373779,13.229999542236328
285,10.149999618530273,-9.041000366210938,12.286999702453613
288,-2.256999969482422,3.3340001106262207,8.831999778747559
291,0.5809999704360962,7.326000213623047,0.6499999761581421
294,6.435999870300293,12.055999755859375,-6.572999954223633
297,10.845999717712402,-4.414999961853027,-0.20499999821186066
300,11.944999694824219,12.762999534606934,-0.6740000247955322
303,-3.3889999389648438,-3.812999963760376,-3.75600004196167
306,6.28000020980835,9.111000061035156,-1.4279999732971191
309,8.906999588012695,-0.9909999966621399,14.001999855041504
312,-11.322999954223633,-6.901000022888184,-6.729000091552734
315,-6.826000213623047,4.928999900817871,-2.9579999446868896
318,1.690000057220459,6.869999885559082,5.504000186920166
321,3.3550000190734863,-2.5969998836517334,-12.729000091552734
324,4.7230000495910645,-5.763999938964844,-13.168999671936035
327,9.506999969482422,-8.682999610900879,8.819000244140625
330,9.027999877929688,12.345999717712402,-9.005000114440918
333,3.938999891281128,-9.29699993133545,-11.718999862670898
336,9.557000160217285,10.673999786376953,-6.958000183105469
339,-10.718000411987305,9.657999992370605,-1.3309999704360962
342,0.04399999976158142,8.666000366210938,13.541999816894531
345,-0.3880000114440918,-1.6050000190734863,6.309000015258789
348,-8.324999809265137,-4.322000026702881,-5.535999774932861
351,-2.7130000591278076,-4.044000148773193,-7.7230000495910645
354,2.00600004196167,4.248000144958496,-7.860000133514404
357,-10.310999870300293,4.4029998779296875,-4.005000114440918
360,-3.755000114440918,-4.589000225067139,11.619999885559082
363,11.925000190734863,11.645000457763672,6.355999946594238
366,-2.805000066757202,11.350000381469727,11.663999557495117
369,-2.694999933242798,-7.255000114440918,11.88700008392334
372,3.063999891281128,-4.572000026702881,11.6850004196167
375,-9.779000282287598,8.678999900817871,8.057000160217285
378,5.361000061035156,11.039999961853027,-12.708999633789063
381,6.913000106811523,7.889999866485596,-12.034000396728516
384,-5.945000171661377,-7.947000026702881,-10.131999969482422
387,-6.053999900817871,-6.211999893188477,9.659000396728516
390,-6.47599983215332,10.364999771118164,13.52400016784668
393,-0.8349999785423279,8.85099983215332,10.881999969482422
396,7.51800012588501,12.321000099182129,10.831000328063965
399,-8.37600040435791,12.722999572753906,-4.138999938964844
402,12.552000045776367,11.927000045776367,12.567999839782715
405,9.178999900817871,-9.069000244140625,-4.7179999351501465
408,-1.7769999504089355,9.446000099182129,2.500999927520752
411,-7.427000045776367,-8.329000473022461,-1.7549999952316284
414,7.079999923706055,10.116999626159668,12.652000427246094
417,8.07800006866455,1.4539999961853027,11.218999862670898
420,-9.868000030517578,-0.25200000405311584,-4.09499979019165
423,-6.880000114440918,-4.9720001220703125,-9.206999778747559
426,-0.6209999918937683,0.39800000190734863,2.756999969482422
429,2.2780001163482666,9.70199966430664,-10.901000022888184
432,8.27299976348877,-5.714000225067139,-11.760000228881836
435,-10.461999893188477,-3.5859999656677246,8.340999603271484
438,-2.677000045776367,3.183000087738037,5.676000118255615
441,-1.2000000476837158,-1.0429999828338623,14.411999702453613
444,-5.263999938964844,4.321000099182129,13.331999778747559
447,4.315000057220459,2.940000057220459,-6.172999858856201
450,2.799999952316284,6.908999919891357,-8.779000282287598
453,-2.674999952316284,-3.882999897003174,-12.342000007629395
456,-9.220999717712402,12.192999839782715,7.72599983215332
459,-5.451000213623047,-6.452000141143799,-12.524999618530273
462,-3.01200008392334,0.13500000536441803,10.515000343322754
465,-9.906999588012695,-4.184000015258789,-0.3610000014305115
468,-7.636000156402588,1.9490000009536743,8.265000343322754
471,4.625,6.510000228881836,6.517000198364258
474,-1.652999997138977,-6.949999809265137,6.276000022888184
477,-4.927999973297119,8.010000228881836,5.434000015258789
480,3.628000020980835,-1.2450000047683716,10.477999687194824
483,3.6589999198913574,5.874000072479248,-11.440999984741211
486,1.1759999990463257,-0.5460000038146973,11.718999862670898
489,-7.093999862670898,2.0980000495910645,10.914999961853027
492,3.7799999713897705,0.925000011920929,8.388999938964844
495,0.34299999475479126,4.203000068664551,13.020999908447266
498,10.842000007629395,-1.3650000095367432,6.14300012588501
501,11.64799976348877,8.498000144958496,-3.4579999446868896
504,1.375,1.1360000371932983,4.919000148773193
507,-0.6940000057220459,1.3270000219345093,6.745999813079834
510,-1.0290000438690186,0.8930000066757202,12.532999992370605
513,3.984999895095825,-7.205999851226807,2.6480000019073486
516,3.9709999561309814,1.7489999532699585,-11.86400032043457
519,-9.25100040435791,1.5169999599456787,14.050999641418457
522,0.9739999771118164,-3.5929999351501465,1.7640000581741333
525,-3.1089999675750732,7.000999927520752,-7.039999961853027
528,0.42899999022483826,-5.734000205993652,0.3009999990463257
531,-5.459000110626221,7.7170000076293945,2.4590001106262207
534,-8.218999862670898,-5.442999839782715,12.895000457763672
537,-5.21999979019165,-0.9639999866485596,4.410999774932861
540,-0.3889999985694885,4.076000213623047,-1.5429999828338623
543,7.882999897003174,7.165999889373779,0.382999986410141
546,-8.963000297546387,-9.347000122070313,0.5180000066757202
549,7.859000205993652,4.785999774932861,4.920000076293945
552,5.861000061035156,-5.447999954223633,-1.534000039100647
555,11.82800006866455,-0.8489999771118164,10.779999732971191
558,7.872000217437744,11.177000045776367,-2.430000066757202
561,-10.800000190734863,-6.505000114440918,-3.996999979019165
564,5.179999828338623,-2.86299991607666,-0.07000000029802322
567,6.230000019073486,-3.627000093460083,-10.95300006866455
570,-10.4399995803833,1.0579999685287476,6.861999988555908
573,-8.116999626159668,-1.6619999408721924,-0.7509999871253967
576,-4.620999813079834,5.590000152587891,-1.4359999895095825
579,0.8140000104904175,10.157999992370605,-3.26200008392334
582,-5.895999908447266,-6.322000026702881,0.8799999952316284
585,-5.86899995803833,-3.0299999713897705,2.203000068664551
588,5.184000015258789,4.318999767303467,5.169000148773193
591,-9.86400032043457,6.874000072479248,-11.76099967956543
594,11.277000427246094,7.623000144958496,-8.607999801635742
597,-11.291000366210938,3.240000009536743,-0.8939999938011169
600,-2.734999895095825,-1.8890000581741333,-1.4950000047683716
603,-4.189000129699707,-5.210999965667725,-9.687999725341797
606,6.072000026702881,-2.9570000171661377,5.669000148773193
609,-0.6230000257492065,4.390999794006348,-7.7829999923706055
612,-2.559999942779541,6.263999938964844,5.974999904632568
615,8.817000389099121,-5.744999885559082,-1.5399999618530273
618,2.2109999656677246,3.3359999656677246,1.5399999618530273
621,-10.062999725341797,-0.9240000247955322,8.779000282287598
624,11.513999938964844,-5.552000045776367,2.2920000553131104
627,-5.242000102996826,5.590000152587891,-7.798999786376953
630,8.737000465393066,4.460999965667725,8.980999946594238
633,3.013000011444092,-0.3889999985694885,2.128000020980835
636,6.454999923706055,3.674999952316284,2.75600004196167
639,10.935999870300293,-8.329999923706055,-8.659000396728516
642,8.12600040435791,1.503999948501587,5.090000152587891
645,7.209000110626221,12.5,7.747000217437744
648,-3.7209999561309814,-3.3440001010894775,3.9860000610351563
651,3.3480000495910645,12.524999618530273,-0.3630000054836273
654,-3.4070000648498535,6.284999847412109,-12.005999565124512
657,8.430000305175781,-1.2829999923706055,4.738999843597412
660,-6.835000038146973,-0.5450000166893005,1.5709999799728394
663,-8.788999557495117,2.4809999465942383,-2.703000068664551
666,-8.684000015258789,10.333999633789063,1.4149999618530273
669,8.104000091552734,8.574999809265137,2.7760000228881836
672,2.4619998931884766,1.25,-7.603000164031982
675,-11.005999565124512,-0.6430000066757202,1.3680000305175781
678,8.829000473022461,11.293000221252441,2.5139999389648438
681,-0.10700000077486038,-2.6649999618530273,-3.2890000343322754
684,-8.66100025177002,9.02400016784668,14.288999557495117
687,9.51099967956543,0.8420000076293945,-6.191999912261963
690,-6.189000129699707,1.878000020980835,0.1940000057220459
693,7.839000225067139,-5.297999858856201,1.4579999446868896
696,-7.448999881744385,10.027000427246094,-4.554999828338623
699,1.9420000314712524,8.713000297546387,-6.446000099182129
702,10.326000213623047,-1.6929999589920044,0.5400000214576721
705,-6.361999988555908,-6.793000221252441,-4.939000129699707
708,11.366000175476074,1.6080000400543213,-3.8389999866485596
711,6.76200008392334,-1.7949999570846558,-2.888000011444092
714,3.5799999237060547,-9.173999786376953,-9.0
717,-5.051000118255615,-7.415999889373779,3.3469998836517334
720,4.269999980926514,-5.182000160217285,-5.224999904632568
723,3.638000011444092,2.0769999027252197,-3.7669999599456787
726,7.14300012588501,12.425000190734863,-10.87399959564209
729,7.290999889373779,-5.7729997634887695,-9.142000198364258
732,4.099999904632568,1.6690000295639038,0.43700000643730164
735,7.625,5.816999912261963,-5.01200008392334
738,5.880000114440918,1.7059999704360962,6.423999786376953
741,-5.179999828338623,-1.3910000324249268,-3.6700000762939453
744,3.007999897003174,11.118000030517578,-5.859000205993652
747,-10.602999687194824,-3.009000062942505,12.720999717712402
750,-0.22599999606609344,-2.9100000858306885,-7.916999816894531
753,-7.432000160217285,-7.51200008392334,7.551000118255615
756,10.321999549865723,-5.315999984741211,-9.08899974822998
759,-9.89799976348877,-0.8029999732971191,-7.159999847412109
762,-3.2219998836517334,-1.809000015258789,-5.484000205993652
765,-6.76200008392334,10.84000015258789,7.146999835968018
768,4.656000137329102,8.708000183105469,-10.244999885559082
771,-0.4869999885559082,7.650000095367432,-7.5980000495910645
774,-10.206999778747559,-4.539999961853027,5.900000095367432
777,3.3550000190734863,-0.4740000069141388,-5.326000213623047
780,-6.164999961853027,5.855999946594238,6.3480000495910645
783,0.8980000019073486,-8.826000213623047,-9.40999984741211
786,-4.142000198364258,9.282999992370605,-0.039000000804662704
789,10.604000091552734,10.57800006866455,-11.61299991607666
792,-3.700000047683716,6.547999858856201,12.36400032043457
795,3.0829999446868896,2.63700008392334,12.965999603271484
798,8.190999984741211,-8.526000022888184,-12.892000198364258
801,-5.821000099182129,12.630999565124512,-4.590000152587891
804,-8.708999633789063,-5.703999996185303,-2.2279999256134033
807,-7.546999931335449,-0.5839999914169312,-8.723999977111816
810,-8.01099967956543,1.840000033378601,-9.996000289916992
813,0.10000000149011612,-2.9820001125335693,11.562999725341797
816,8.984999656677246,-0.003000000026077032,-2.947999954223633
819,7.510000228881836,-6.978000164031982,9.854999542236328
822,6.175000190734863,-0.9490000009536743,11.293999671936035
825,-5.39900016784668,4.790999889373779,-10.168999671936035
828,-0.06499999761581421,-7.534999847412109,-7.271999835968018
831,5.192999839782715,6.843999862670898,-4.355000019073486
834,-1.7790000438690186,-8.380000114440918,3.5179998874664307
837,2.3580000400543213,11.777999877929688,2.0980000495910645
840,4.435999870300293,-7.867000102996826,-1.8869999647140503
843,2.2279999256134033,-4.84499979019165,8.944999694824219
846,1.434000015258789,10.843000411987305,4.526000022888184
849,3.384000062942505,-8.855999946594238,-5.320000171661377
852,-0.7860000133514404,-5.215000152587891,-5.835999965667725
855,1.2289999723434448,1.0399999618530273,9.3149995803833
858,6.057000160217285,7.815000057220459,9.25100040435791
861,-5.848999977111816,-4.946000099182129,-2.809000015258789
864,8.309000015258789,8.362000465393066,-3.1659998893737793
867,-9.244000434875488,1.0859999656677246,-0.3140000104904175
870,5.85099983215332,-8.541999816894531,12.939000129699707
873,1.3289999961853027,6.538000106811523,-12.866000175476074
876,-4.065000057220459,1.9229999780654907,12.28600025177002
879,0.26899999380111694,-6.918000221252441,-3.25600004196167
882,-10.880999565124512,3.3239998817443848,10.954000473022461
885,2.8350000381469727,3.062000036239624,6.324999809265137
888,-1.3380000591278076,-9.352999687194824,-11.11299991607666
891,10.918999671936035,7.97599983215332,7.0920000076293945
894,-7.033999919891357,5.0,8.88700008392334
897,-7.053999900817871,-4.298999786376953,-11.819000244140625
900,-2.4140000343322754,2.3499999046325684,3.1110000610351563
903,7.8379998207092285,9.96500015258789,8.821999549865723
906,-2.1579999923706055,0.9150000214576721,0.12700000405311584
909,-9.555000305175781,8.291000366210938,2.989000082015991
912,5.066999912261963,-5.88100004196167,9.845000267028809
915,-1.2940000295639038,7.997000217437744,7.781000137329102
918,-9.704000473022461,4.328999996185303,-10.734999656677246
921,-3.871000051498413,1.027999997138977,7.836999893188477
924,-4.360000133514404,-7.374000072479248,6.135000228881836
927,-2.7920000553131104,9.12399959564209,-5.110000133514404
930,1.3700000047683716,-5.0970001220703125,-8.432000160217285
933,11.055999755859375,8.043000221252441,-11.52299976348877
936,2.6050000190734863,-5.5229997634887695,-1.315999984741211
939,6.6570000648498535,1.5420000553131104,-2.8959999084472656
942,3.25600004196167,-7.625,6.926000118255615
945,9.720000267028809,-4.938000202178955,5.190999984741211
948,3.0820000171661377,9.685999870300293,13.758000373840332
951,5.360000133514404,5.570000171661377,-6.750999927520752
954,-2.315999984741211,1.0700000524520874,-8.836000442504883
957,-4.565000057220459,10.442999839782715,2.5840001106262207
960,1.7829999923706055,10.3149995803833,11.531000137329102
963,-0.24699999392032623,-5.543000221252441,-12.572999954223633
966,-7.7170000076293945,-1.0750000476837158,10.392999649047852
969,1.5870000123977661,-0.7099999785423279,-11.73799991607666
972,-10.95199966430664,1.7100000381469727,3.1730000972747803
975,7.889999866485596,-6.618000030517578,7.21999979019165
978,-0.8989999890327454,-4.2870001792907715,5.704999923706055
981,2.246999979019165,-0.9860000014305115,-0.44600000977516174
984,9.166000366210938,-2.98799991607666,-5.4079999923706055
987,-9.555999755859375,4.798999786376953,4.854000091552734
990,5.579999923706055,11.241999626159668,-8.947999954223633
993,11.956000328063965,4.573999881744385,-6.460000038146973
996,-7.002999782562256,10.008000373840332,4.53000020980835
999,5.008999824523926,-0.1860000044107437,-1.5299999713897705
1002,7.309999942779541,3.140000104904175,13.336000442504883
1005,-7.617000102996826,0.24400000274181366,6.113999843597412
1008,-3.046999931335449,3.4100000858306885,-1.069000005722046
1011,8.937999725341797,2.802000045776367,2.9189999103546143
1014,-5.271999835968018,2.0160000324249268,-2.246000051498413
1017,-0.25600001215934753,3.0829999446868896,10.515999794006348
1020,11.713000297546387,5.3429999351501465,7.392000198364258
1023,9.71500015258789,5.201000213623047,-0.6610000133514404
1026,-0.5210000276565552,11.946999549865723,2.0980000495910645
1029,-4.663000106811523,3.818000078201294,10.265000343322754
1032,3.421999931335449,-3.197000026702881,-2.9760000705718994
1035,-0.5690000057220459,5.308000087738037,7.817999839782715
1038,-2.0280001163482666,6.869999885559082,-2.0409998893737793
1041,-5.230999946594238,-1.2100000381469727,8.666999816894531
1044,-6.053999900817871,9.696000099182129,-7.486000061035156
1047,-0.2290000021457672,-0.890999972820282,-5.747000217437744
1050,-7.11899995803833,8.9350004196167,-10.13599967956543
1053,1.5499999523162842,4.5229997634887695,3.9709999561309814
1056,-5.357999801635742,3.0179998874664307,6.323999881744385
1059,9.065999984741211,-8.696000099182129,-1.6419999599456787
1062,4.254000186920166,10.39799976348877,-2.9189999103546143
1065,-1.6610000133514404,1.3220000267028809,-2.7990000247955322
1068,-10.206999778747559,7.21999979019165,-5.111999988555908
1071,1.496999979019165,-5.664999961853027,6.317999839782715
1074,6.375,6.077000141143799,-1.6260000467300415
1077,10.538999557495117,11.20300006866455,9.128999710083008
1080,10.482999801635742,0.8159999847412109,-0.7929999828338623
1083,6.434999942779541,1.027999997138977,-6.020999908447266
1086,-3.1080000400543213,8.173999786376953,-10.034000396728516
1089,-3.73799991607666,12.170000076293945,-9.979999542236328
1092,10.88700008392334,5.375,10.53499984741211
1095,-9.687999725341797,-3.5209999084472656,-7.828999996185303
1098,8.401000022888184,-6.821000099182129,3.5950000286102295
1101,5.978000164031982,3.984999895095825,-8.788999557495117
1104,8.793000221252441,2.4240000247955322,-10.300000190734863
1107,12.022000312805176,6.105000019073486,-2.1410000324249268
1110,5.659999847412109,8.065999984741211,-7.5960001945495605
1113,10.76099967956543,1.6050000190734863,11.857999801635742
1116,-9.970999717712402,9.869000434875488,5.166999816894531
1119,-7.5920000076293945,5.428999900817871,-5.690000057220459
1122,-8.300999641418457,-1.5,13.043999671936035
1125,2.6640000343322754,8.060999870300293,-3.822999954223633
1128,8.300000190734863,8.710000038146973,-8.373000144958496
1131,-2.9609999656677246,-2.059000015258789,12.70199966430664
1134,6.494999885559082,-2.390000104904175,-6.160999774932861
1137,0.8059999942779541,10.711999893188477,-8.651000022888184
1140,1.5149999856948853,-8.994999885559082,14.130000114440918
1143,3.111999988555908,-2.562999963760376,-7.415999889373779
1146,9.479000091552734,1.6430000066757202,14.23799991607666
1149,-3.0480000972747803,3.7170000076293945,-8.84000015258789
1152,1.5529999732971191,5.795000076293945,-2.384999990463257
1155,2.135999917984009,-4.809000015258789,-11.354000091552734
1158,-9.107000350952148,8.50100040435791,11.647000312805176
1161,0.7670000195503235,12.50100040435791,-1.6749999523162842
1164,4.119999885559082,-3.010999917984009,2.7669999599456787
1167,10.491000175476074,-8.126999855041504,1.3250000476837158
1170,-4.521999835968018,-8.855999946594238,-0.9459999799728394
1173,-0.4129999876022339,9.026000022888184,-10.49899959564209
1176,3.815999984741211,9.407999992370605,9.968000411987305
1179,6.044000148773193,-2.36299991607666,13.880000114440918
1182,4.242000102996826,4.329999923706055,-2.4600000381469727
1185,-8.692999839782715,-0.9850000143051147,-11.201000213623047
1188,-1.5640000104904175,4.008999824523926,-12.088000297546387
1191,11.168999671936035,-2.9200000762939453,3.8989999294281006
1194,6.164000034332275,-4.210000038146973,12.01099967956543
1197,-11.064000129699707,6.123000144958496,2.928999900817871
1200,-5.85699987411499,-0.6740000247955322,-12.515000343322754
1203,-8.300999641418457,0.5619999766349792,3.555999994277954
1206,9.97700023651123,-1.2990000247955322,8.711000442504883
1209,-2.509999990463257,-7.206999778747559,-12.57800006866455
1212,1.128000020980835,9.020999908447266,8.815999984741211
1215,3.5269999504089355,7.479000091552734,12.531999588012695
1218,11.763999938964844,12.677000045776367,-3.5969998836517334
1221,7.764999866485596,-7.867000102996826,-7.426000118255615
1224,-2.058000087738037,10.916000366210938,-12.809000015258789
1227,9.812000274658203,-3.812000036239624,-13.312999725341797
1230,-9.958999633789063,3.453000068664551,-8.180999755859375
1233,-0.8500000238418579,11.053000450134277,-6.146999835968018
1236,-7.982999801635742,7.214000225067139,-7.831999778747559
1239,-11.23799991607666,-2.2829999923706055,-11.75
1242,-10.163999557495117,-7.038000106811523,-11.392999649047852
1245,0.3449999988079071,-7.982999801635742,8.114999771118164
1248,3.996999979019165,10.258000373840332,4.835999965667725
1251,0.028999999165534973,-9.1899995803833,-4.791999816894531
1254,6.238999843597412,-9.244000434875488,-3.434000015258789
1257,-10.468999862670898,-7.355999946594238,10.925999641418457
1260,4.228000164031982,4.728000164031982,11.076000213623047
1263,7.074999809265137,4.5920000076293945,11.189000129699707
1266,1.6950000524520874,11.772000312805176,7.031000137329102
1269,6.552000045776367,-4.235000133514404,-3.8959999084472656
1272,10.187000274658203,2.819000005722046,-8.092000007629395
1275,-0.24300000071525574,1.5440000295639038,-7.23199987411499
1278,6.455999851226807,7.561999797821045,12.11299991607666
1281,-7.236000061035156,4.704999923706055,-12.052000045776367
1284,-7.730000019073486,13.04699993133545,-11.85099983215332
1287,2.9119999408721924,5.071000099182129,8.288999557495117
1290,-5.474999904632568,1.6629999876022339,-10.819999694824219
1293,1.003000020980835,0.8659999966621399,-3.9679999351501465
