0,8.345000267028809,-1.3669999837875366,5.932000160217285
3,11.83899974822998,-4.804999828338623,7.00600004196167
6,11.963000297546387,-4.084000110626221,4.269999980926514
9,-6.864999771118164,-4.485000133514404,7.486000061035156
12,-8.13599967956543,-2.638000011444092,9.25100040435791
15,-10.859999656677246,-2.9630000591278076,8.710000038146973
18,10.20300006866455,-9.222000122070313,6.051000118255615
21,-11.0649995803833,-7.998000144958496,6.328000068664551
24,-9.600000381469727,-9.461000442504883,4.448999881744385
27,-8.468999862670898,-6.784999847412109,6.53000020980835
30,-7.078000068664551,-8.170000076293945,8.590999603271484
33,10.50100040435791,-7.091000080108643,7.7820000648498535
36,-3.197999954223633,-3.739000082015991,6.754000186920166
39,-7.511000156402588,-2.684000015258789,5.21999979019165
42,-3.2320001125335693,-3.746999979019165,3.8429999351501465
45,-0.8199999928474426,-5.534999847412109,5.701000213623047
48,0.2160000056028366,-2.9679999351501465,8.717000007629395
51,-2.188999891281128,-4.310999870300293,9.21500015258789
54,-4.249000072479248,-8.5600004196167,7.650000095367432
57,-4.625999927520752,-5.918000221252441,6.622000217437744
60,-4.939000129699707,-5.867000102996826,3.7170000076293945
63,1.434000015258789,-6.690000057220459,6.695000171661377
66,0.26600000262260437,-8.008999824523926,8.869999885559082
69,-2.375999927520752,-7.144000053405762,9.067000389099121
72,2.125999927520752,-2.759999990463257,6.609000205993652
75,1.2790000438690186,-3.1570000648498535,4.130000114440918
78,3.742000102996826,-2.9089999198913574,2.99399995803833
81,7.257999897003174,-4.943999767303467,4.958000183105469
84,6.236000061035156,-2.888000011444092,6.453000068664551
87,4.363999843597412,-3.805999994277954,8.300999641418457
90,3.9489998817443848,-7.336999893188477,5.881999969482422
93,1.843999981880188,-5.906000137329102,3.9030001163482666
96,3.937000036239624,-6.388000011444092,2.181999921798706
99,5.940000057220459,-7.304999828338623,4.098999977111816
102,7.593999862670898,-7.604000091552734,8.897000312805176
105,5.000999927520752,-6.453999996185303,8.581000328063965
108,9.11400032043457,-3.48799991607666,-2.684999942779541
111,10.107999801635742,-4.0289998054504395,-0.08699999749660492
114,9.479000091552734,-3.2820000648498535,4.385000228881836
117,8.550999641418457,-7.554999828338623,-2.999000072479248
120,11.093000411987305,-6.6519999504089355,0.9629999995231628
123,8.918000221252441,-6.876999855041504,2.88700008392334
126,-10.571999549865723,-3.563999891281128,-0.09099999815225601
129,-9.517000198364258,-4.302000045776367,-2.552000045776367
132,-6.948999881744385,-3.2780001163482666,-2.3559999465942383
135,-5.645999908447266,-4.025000095367432,0.13199999928474426
138,-7.498000144958496,-3.1080000400543213,2.430999994277954
141,-9.640000343322754,-4.769999980926514,2.4700000286102295
144,-9.91100025177002,-7.531000137329102,0.671999990940094
147,-9.744000434875488,-6.96999979019165,-2.197000026702881
150,-6.888999938964844,-7.598999977111816,-2.3550000190734863
153,-5.531000137329102,-6.822999954223633,-0.03200000151991844
156,-6.302000045776367,-7.811999797821045,2.428999900817871
159,-8.621000289916992,-7.0289998054504395,3.634999990463257
162,-3.328000068664551,-2.509000062942505,-0.45899999141693115
165,-2.1989998817443848,-3.8469998836517334,-2.6619999408721924
168,0.21899999678134918,-3.249000072479248,-3.190999984741211
171,1.4839999675750732,-4.188000202178955,-0.8190000057220459
174,0.20999999344348907,-3.3389999866485596,1.3660000562667847
177,-2.2929999828338623,-4.3480000495910645,1.38100004196167
180,-3.131999969482422,-8.053000450134277,-0.37599998712539673
183,-2.0160000324249268,-6.578999996185303,-2.809999942779541
186,0.5979999899864197,-7.5279998779296875,-3.0260000228881836
189,1.3459999561309814,-6.9019999504089355,-0.5350000262260437
192,0.09700000286102295,-7.576000213623047,1.9270000457763672
195,-2.638000011444092,-6.802999973297119,2.0789999961853027
198,3.880000114440918,-3.375999927520752,-1.9830000400543213
201,7.1570000648498535,-5.085999965667725,-1.784999966621399
204,6.000999927520752,-3.5759999752044678,-0.006000000052154064
207,3.8970000743865967,-7.666999816894531,-0.47099998593330383
210,5.671999931335449,-7.204999923706055,-2.4040000438690186
213,8.14799976348877,-3.671999931335449,1.8079999685287476
216,9.67199993133545,-3.046999931335449,-7.02400016784668
219,11.029999732971191,-4.177999973297119,-9.26200008392334
222,-10.083999633789063,-3.2079999446868896,-9.088000297546387
225,-8.717000007629395,-4.008999824523926,-6.836999893188477
228,-10.225000381469727,-2.8259999752044678,-4.863999843597412
231,10.83899974822998,-3.934999942779541,-4.789000034332275
234,9.562000274658203,-7.610000133514404,-7.448999881744385
237,11.439000129699707,-6.89900016784668,-9.302000045776367
240,-9.673999786376953,-7.952000141143799,-9.003000259399414
243,-9.190999984741211,-6.589000225067139,-6.558000087738037
246,-10.651000022888184,-7.9730000495910645,-4.5929999351501465
249,10.564000129699707,-6.7230000495910645,-4.815000057220459
252,-6.330999851226807,-2.7690000534057617,-7.086999893188477
255,-4.7210001945495605,-3.9130001068115234,-8.937000274658203
258,-2.24399995803833,-3.0329999923706055,-9.399999618530273
261,-1.156999945640564,-4.1570000648498535,-6.984000205993652
264,-2.927999973297119,-2.809000015258789,-5.242000102996826
267,-5.377999782562256,-3.9070000648498535,-4.454999923706055
270,-6.622000217437744,-8.090999603271484,-6.781000137329102
273,-5.034999847412109,-6.9079999923706055,-8.79699993133545
276,-2.4600000381469727,-7.6529998779296875,-9.317000389099121
279,-1.2209999561309814,-7.035999774932861,-7.074999809265137
282,-2.992000102996826,-7.914000034332275,-4.9079999923706055
285,-5.504000186920166,-6.790999889373779,-4.685999870300293
288,1.6640000343322754,-2.805000066757202,-7.232999801635742
291,3.371999979019165,-4.22599983215332,-8.949999809265137
294,5.925000190734863,-2.9600000381469727,-9.178000450134277
297,6.934000015258789,-3.7060000896453857,-6.691999912261963
300,4.866000175476074,-3.193000078201294,-4.5980000495910645
303,2.1480000019073486,-4.2129998207092285,-4.879000186920166
306,1.3220000267028809,-7.880000114440918,-7.613999843597412
309,3.3340001106262207,-7.045000076293945,-9.220999717712402
312,6.271999835968018,-7.517000198364258,-9.239999771118164
315,7.103000164031982,-6.769999980926514,-6.699999809265137
318,4.932000160217285,-8.03600025177002,-5.14300012588501
321,2.4040000438690186,-6.98799991607666,-5.1519999504089355
324,11.788000106811523,-2.4609999656677246,11.125
327,12.192000389099121,-3.622999906539917,13.583999633789063
330,10.602999687194824,-2.6419999599456787,-11.522000312805176
333,10.833000183105469,-7.339000225067139,10.687000274658203
336,12.473999977111816,-6.630000114440918,13.164999961853027
339,10.704999923706055,-7.730999946594238,-11.991000175476074
342,-8.760000228881836,-3.053999900817871,13.168000221252441
345,-6.736999988555908,-3.811000108718872,11.442000389099121
348,-3.993000030517578,-3.256999969482422,11.107000350952148
351,-3.5969998836517334,-4.270999908447266,13.708000183105469
354,-5.242000102996826,-3.371999979019165,-11.458000183105469
357,-8.279999732971191,-3.8519999980926514,-11.354999542236328
360,-8.505000114440918,-7.534999847412109,13.293000221252441
363,-6.901000022888184,-6.800000190734863,11.08899974822998
366,-4.376999855041504,-7.830999851226807,10.866999626159668
369,-3.687000036239624,-7.326000213623047,13.505000114440918
372,-5.801000118255615,-7.866000175476074,-11.489999771118164
375,-8.428000450134277,-6.734000205993652,-11.312999725341797
378,-0.949999988079071,-3.565999984741211,13.034000396728516
381,0.9729999899864197,-3.9769999980926514,11.116000175476074
384,4.011000156402588,-3.296999931335449,10.994999885559082
387,4.795000076293945,-3.622999906539917,13.64900016784668
390,2.6029999256134033,-3.367000102996826,-11.505000114440918
393,-0.18199999630451202,-4.043000221252441,-11.222999572753906
396,-0.6729999780654907,-7.88100004196167,13.369000434875488
399,0.7440000176429749,-6.7820000648498535,11.253000259399414
402,3.4110000133514404,-7.545000076293945,11.083999633789063
405,4.376999855041504,-6.488999843597412,13.42300033569336
408,2.367000102996826,-6.999000072479248,-11.800000190734863
411,-0.45399999618530273,-6.875,-11.11299991607666
414,7.546999931335449,-2.7039999961853027,13.383000373840332
417,9.090999603271484,-3.4549999237060547,11.234999656677246
420,7.841000080108643,-3.8410000801086426,-11.178000450134277
423,7.015999794006348,-7.560999870300293,13.369999885559082
426,8.378999710083008,-6.348999977111816,11.133000373840332
429,8.12399959564209,-6.730999946594238,-11.355999946594238
432,10.916000366210938,4.544000148773193,4.908999919891357
435,-10.437000274658203,4.38100004196167,6.644999980926514
438,-9.034000396728516,4.466000080108643,4.229000091552734
441,-5.495999813079834,3.062999963760376,6.958000183105469
444,-6.814000129699707,4.1539998054504395,9.079000473022461
447,-9.730999946594238,3.7130000591278076,9.130000114440918
450,10.04800033569336,0.8730000257492065,6.119999885559082
453,12.234999656677246,-0.7250000238418579,7.056000232696533
456,-10.13700008392334,-1.8519999980926514,4.942999839782715
459,-6.109000205993652,0.3499999940395355,7.209000110626221
462,-8.032999992370605,0.10700000077486038,9.057999610900879
465,-10.543000221252441,1.1380000114440918,8.951000213623047
468,-3.0929999351501465,4.215000152587891,6.3979997634887695
471,-5.6529998779296875,2.3489999771118164,4.329999923706055
474,-1.7920000553131104,4.98199987411499,3.884999990463257
477,2.053999900817871,3.009000062942505,7.0
480,0.4009999930858612,4.176000118255615,8.935999870300293
483,-2.0959999561309814,3.063999891281128,8.755000114440918
486,-3.934000015258789,-1.121999979019165,6.994999885559082
489,-6.464000225067139,-0.2980000078678131,4.636000156402588
492,-3.5260000228881836,-0.9459999799728394,4.198999881744385
495,2.000999927520752,0.11900000274181366,6.681000232696533
498,0.25099998712539673,-0.06400000303983688,8.916000366210938
501,-2.568000078201294,0.3529999852180481,8.78499984741211
504,4.677000045776367,4.065000057220459,6.583000183105469
507,2.263000011444092,3.0869998931884766,4.2779998779296875
510,4.104000091552734,4.64900016784668,2.6700000762939453
513,8.920999526977539,3.4070000648498535,6.35099983215332
516,7.90500020980835,4.423999786376953,8.795000076293945
519,5.5269999504089355,3.062000036239624,9.470999717712402
522,4.630000114440918,-0.5479999780654907,6.7170000076293945
525,2.1610000133514404,0.4000000059604645,3.881999969482422
528,4.534999847412109,-0.23199999332427979,2.5439999103546143
531,7.728000164031982,2.2209999561309814,3.6559998989105225
534,6.423999786376953,-0.2160000056028366,4.49399995803833
537,5.129000186920166,0.2669999897480011,9.265000343322754
540,9.121000289916992,4.535999774932861,-2.2820000648498535
543,9.739999771118164,2.7760000228881836,0.07000000029802322
546,10.847999572753906,4.61299991607666,1.8170000314712524
549,9.35200023651123,-0.6690000295639038,-2.1510000228881836
552,10.305000305175781,-0.032999999821186066,0.3970000147819519
555,10.3149995803833,1.128000020980835,3.2100000381469727
558,-10.071999549865723,4.2179999351501465,0.6679999828338623
561,-9.27299976348877,3.3259999752044678,-1.9140000343322754
564,-6.828000068664551,4.335999965667725,-2.3559999465942383
567,-6.072999954223633,3.6050000190734863,0.0860000029206276
570,-6.857999801635742,4.135000228881836,2.5829999446868896
573,-10.633999824523926,2.6480000019073486,2.7660000324249268
576,-10.704999923706055,-0.843999981880188,-0.02800000086426735
579,-8.98900032043457,0.6159999966621399,-1.86899995803833
582,-6.541999816894531,-0.4490000009536743,-2.2990000247955322
585,-5.695000171661377,0.7910000085830688,-0.07500000298023224
588,-7.109000205993652,-0.22499999403953552,1.9199999570846558
591,-10.095000267028809,-0.15800000727176666,2.8380000591278076
594,-3.2920000553131104,4.665999889373779,0.35199999809265137
597,-2.2100000381469727,3.809999942779541,-2.1730000972747803
600,0.7089999914169312,4.576000213623047,-2.6689999103546143
603,2.0940001010894775,3.318000078201294,-0.29499998688697815
606,0.640999972820282,4.034999847412109,2.3320000171661377
609,-3.440999984741211,2.9210000038146973,2.6500000953674316
612,-3.118000030517578,0.1889999955892563,-0.19300000369548798
615,-1.9229999780654907,1.0920000076293945,-2.5840001106262207
618,0.4970000088214874,-0.1899999976158142,-2.8350000381469727
621,1.9880000352859497,0.722000002861023,-0.6290000081062317
624,0.42800000309944153,-0.527999997138977,1.6050000190734863
627,-2.114000082015991,0.531000018119812,2.3459999561309814
630,4.485000133514404,4.607999801635742,-0.07800000160932541
633,6.495999813079834,3.680000066757202,-1.8250000476837158
636,6.3379998207092285,4.520999908447266,4.488999843597412
639,4.079999923706055,-0.39100000262260437,-2.0339999198913574
642,7.543000221252441,1.1970000267028809,-1.0420000553131104
645,5.802000045776367,-0.6660000085830688,0.04500000178813934
648,9.689000129699707,4.359000205993652,-7.046000003814697
651,11.355999946594238,3.555000066757202,-9.140000343322754
654,-9.531000137329102,4.2129998207092285,-9.208000183105469
657,-8.779999732971191,3.4600000381469727,-6.756999969482422
660,-10.366999626159668,4.379000186920166,-4.440999984741211
663,10.484000205993652,3.3359999656677246,-4.447000026702881
666,9.637999534606934,-0.12399999797344208,-6.813000202178955
669,11.394000053405762,0.7829999923706055,-8.694999694824219
672,-9.425999641418457,-0.4620000123977661,-9.128000259399414
675,-8.857000350952148,0.7300000190734863,-6.823999881744385
678,-10.008999824523926,-0.15700000524520874,-4.5
681,10.942999839782715,0.6740000247955322,-4.24399995803833
684,-6.053999900817871,4.236999988555908,-7.03000020980835
687,-4.5329999923706055,3.430000066757202,-9.130000114440918
690,-1.8940000534057617,3.993000030517578,-9.743000030517578
693,-0.7590000033378601,3.7890000343322754,-6.790999889373779
696,-2.450000047683716,4.210000038146973,-4.822000026702881
699,-4.948999881744385,3.5880000591278076,-4.541999816894531
702,-6.0269999504089355,0.0949999988079071,-7.114999771118164
705,-4.386000156402588,0.7099999785423279,-9.222999572753906
708,-1.7089999914169312,-0.35899999737739563,-9.437999725341797
711,-0.6800000071525574,0.8230000138282776,-7.093999862670898
714,-2.553999900817871,0.06599999964237213,-5.1620001792907715
717,-5.093999862670898,0.746999979019165,-4.6020002365112305
720,2.134999990463257,4.297999858856201,-6.90500020980835
723,3.984999895095825,3.4630000591278076,-8.970000267028809
726,6.427999973297119,4.354000091552734,-9.020000457763672
729,7.145999908447266,3.431999921798706,-6.440000057220459
732,5.689000129699707,4.383999824523926,-4.2769999504089355
735,2.5980000495910645,3.38100004196167,-4.354000091552734
738,1.8539999723434448,-0.08100000023841858,-7.646999835968018
741,3.815000057220459,0.7590000033378601,-9.152999877929688
744,6.498000144958496,-0.18400000035762787,-9.057999610900879
747,6.993000030517578,0.25,-6.2270002365112305
750,4.541999816894531,-0.3619999885559082,-4.827000141143799
753,2.121000051498413,0.7049999833106995,-4.946000099182129
756,11.60200023651123,4.835000038146973,10.72700023651123
759,12.182000160217285,3.760999917984009,13.380000114440918
762,10.651000022888184,4.357999801635742,-11.633999824523926
765,11.270000457763672,0.2160000056028366,11.133000373840332
768,12.531000137329102,0.8489999771118164,13.758000373840332
771,10.67300033569336,0.3869999945163727,-11.383999824523926
774,-8.317999839782715,4.315999984741211,13.35099983215332
777,-6.302999973297119,3.49399995803833,11.786999702453613
780,-3.7060000896453857,4.448999881744385,11.276000022888184
783,-3.125,3.3510000705718994,13.614999771118164
786,-5.072000026702881,3.875,-11.652999877929688
789,-7.855999946594238,3.3369998931884766,-11.357000350952148
792,-8.616999626159668,-0.33000001311302185,13.321999549865723
795,-6.609000205993652,0.7829999923706055,11.663000106811523
798,-4.15500020980835,-0.40700000524520874,11.161999702453613
801,-3.5480000972747803,0.5379999876022339,13.652999877929688
804,-5.040999889373779,-0.5799999833106995,-11.63599967956543
807,-7.604000091552734,0.3499999940395355,-11.298999786376953
810,-0.6340000033378601,4.5320000648498535,13.432000160217285
813,0.9340000152587891,3.1489999294281006,11.510000228881836
816,3.5510001182556152,4.199999809265137,11.217000007629395
819,4.761000156402588,3.6570000648498535,13.520000457763672
822,3.431999921798706,4.678999900817871,-11.515999794006348
825,0.5870000123977661,3.947000026702881,-11.29800033569336
828,-0.875,-0.6549999713897705,13.777999877929688
831,0.8769999742507935,0.2980000078678131,11.593000411987305
834,3.812999963760376,-0.38999998569488525,11.406000137329102
837,4.716000080108643,0.8939999938011169,13.85200023651123
840,2.7660000324249268,-0.14000000059604645,-11.517000198364258
843,0.3580000102519989,0.8579999804496765,-11.145000457763672
846,7.163000106811523,4.952000141143799,13.541000366210938
849,8.979999542236328,4.010000228881836,11.378000259399414
852,8.053999900817871,3.5910000801086426,-11.409000396728516
855,7.3429999351501465,0.04500000178813934,13.234000205993652
858,8.755000114440918,1.0230000019073486,10.76099967956543
861,7.958000183105469,0.6729999780654907,-11.152000427246094
864,10.538999557495117,10.741999626159668,7.7220001220703125
867,11.295000076293945,9.130999565124512,3.7899999618530273
870,-10.192000389099121,10.817999839782715,2.6570000648498535
873,-6.86899995803833,10.460000038146973,7.6579999923706055
876,-8.055999755859375,11.807999610900879,9.786999702453613
879,-10.413999557495117,11.154000282287598,11.157999992370605
882,9.529999732971191,8.121999740600586,7.00600004196167
885,11.593999862670898,7.1519999504089355,5.517000198364258
888,-9.055999755859375,7.071000099182129,5.296999931335449
891,-8.824000358581543,8.388999938964844,7.955999851226807
894,-6.429999828338623,7.01800012588501,8.847000122070313
897,12.52299976348877,9.4350004196167,9.258999824523926
900,-3.997999906539917,11.005000114440918,7.09499979019165
903,-4.150000095367432,10.5,4.343999862670898
906,1.7890000343322754,11.142999649047852,4.1579999923706055
909,1.8009999990463257,11.039999961853027,7.059999942779541
912,-0.020999999716877937,11.640999794006348,8.923999786376953
915,-2.4670000076293945,10.633999824523926,9.496999740600586
918,-4.077000141143799,7.140999794006348,7.2230000495910645
921,-4.671999931335449,7.736999988555908,4.480000019073486
924,1.1959999799728394,7.900000095367432,4.285999774932861
927,1.7510000467300415,8.258999824523926,6.998000144958496
930,0.18700000643730164,6.771999835968018,9.151000022888184
933,-2.496000051498413,7.591000080108643,9.434000015258789
936,4.03000020980835,12.468000411987305,6.7829999923706055
939,6.39900016784668,11.418999671936035,5.732999801635742
942,5.869999885559082,12.541999816894531,3.240000009536743
945,9.60200023651123,11.133000373840332,4.308000087738037
948,7.291999816894531,12.086000442504883,8.418000221252441
951,4.72599983215332,11.515000343322754,9.192000389099121
954,4.089000225067139,6.919000148773193,6.543000221252441
957,4.511000156402588,7.418000221252441,2.368000030517578
960,5.979000091552734,7.1479997634887695,4.5920000076293945
963,7.876999855041504,9.053000450134277,5.0879998207092285
966,7.546999931335449,7.3379998207092285,8.72700023651123
969,5.071000099182129,8.284000396728516,9.083999633789063
972,9.045000076293945,12.145999908447266,-2.5339999198913574
975,9.98799991607666,11.821999549865723,0.11299999803304672
978,8.550000190734863,12.751999855041504,2.427000045776367
981,8.977999687194824,7.39300012588501,-1.9630000591278076
984,9.119999885559082,8.95199966430664,0.49000000953674316
987,11.211999893188477,7.392000198364258,1.3849999904632568
990,-10.925999641418457,12.218000411987305,0.2549999952316284
993,-9.64900016784668,11.140999794006348,-1.88100004196167
996,-7.0329999923706055,11.805000305175781,-2.0940001010894775
999,-6.104000091552734,10.795999526977539,0.32600000500679016
1002,-6.206999778747559,11.753000259399414,2.9059998989105225
1005,-7.703000068664551,10.930000305175781,5.132999897003174
1008,-9.734999656677246,7.11299991607666,0.3479999899864197
1011,-9.406999588012695,8.345999717712402,-2.321000099182129
1014,-7.011000156402588,7.228000164031982,-2.5260000228881836
1017,-5.684999942779541,7.98799991607666,0.11900000274181366
1020,-6.521999835968018,6.869999885559082,2.569000005722046
1023,-8.963000297546387,8.312999725341797,2.7360000610351563
1026,-3.006999969482422,11.48799991607666,0.2809999883174896
1029,-1.7890000343322754,10.800999641418457,-2.2130000591278076
1032,0.9129999876022339,12.211000442504883,-2.559000015258789
1035,1.6920000314712524,11.477999687194824,-0.03400000184774399
1038,0.15299999713897705,12.187000274658203,2.1029999256134033
1041,-2.0269999504089355,10.38700008392334,2.496999979019165
1044,-3.197000026702881,7.2170000076293945,-0.13199999928474426
1047,-1.7549999952316284,8.109000205993652,-2.365999937057495
1050,0.9369999766349792,7.323999881744385,-2.563999891281128
1053,1.8730000257492065,8.487000465393066,-0.22300000488758087
1056,0.4819999933242798,6.843999862670898,1.8389999866485596
1059,-2.361999988555908,7.519000053405762,2.703000068664551
1062,4.48199987411499,12.173999786376953,-0.15399999916553497
1065,6.392000198364258,11.050000190734863,-1.8079999685287476
1068,3.9860000610351563,10.857999801635742,2.259000062942505
1071,4.375,7.293000221252441,-0.382999986410141
1074,6.302999973297119,8.128000259399414,-2.0820000171661377
1077,6.75600004196167,10.121999740600586,0.8619999885559082
1080,9.519000053405762,12.053999900817871,-6.747000217437744
1083,11.133999824523926,11.142000198364258,-8.684000015258789
1086,-9.744999885559082,11.539999961853027,-9.022000312805176
1089,-8.501999855041504,10.571999549865723,-6.748000144958496
1092,-10.121999740600586,11.645999908447266,-4.644000053405762
1095,10.793999671936035,11.307000160217285,-4.36899995803833
1098,9.730999946594238,7.164000034332275,-6.5980000495910645
1101,11.168999671936035,8.206999778747559,-9.125
1104,-9.890999794006348,6.960000038146973,-9.281999588012695
1107,-8.715999603271484,7.788000106811523,-6.918000221252441
1110,-10.272000312805176,7.314000129699707,-4.508999824523926
1113,10.642000198364258,8.428999900817871,-4.10699987411499
1116,-5.986000061035156,11.416999816894531,-6.866000175476074
1119,-4.124000072479248,10.769000053405762,-8.930000305175781
1122,-1.6740000247955322,12.027000427246094,-8.873000144958496
1125,-0.6539999842643738,10.508000373840332,-6.74399995803833
1128,-2.5820000171661377,11.59000015258789,-4.739999771118164
1131,-5.215000152587891,11.104999542236328,-4.234000205993652
1134,-6.107999801635742,6.986999988555908,-7.142000198364258
1137,-4.313000202178955,7.673999786376953,-9.062999725341797
1140,-1.7400000095367432,6.815999984741211,-9.27400016784668
1143,-0.7630000114440918,7.925000190734863,-6.8470001220703125
1146,-2.7730000019073486,7.127999782562256,-4.849999904632568
1149,-5.2729997634887695,8.317999839782715,-4.765999794006348
1152,1.6670000553131104,11.881999969482422,-6.820000171661377
1155,3.74399995803833,11.032999992370605,-8.595999717712402
1158,6.39300012588501,11.520000457763672,-9.168000221252441
1161,6.942999839782715,10.734000205993652,-6.446000099182129
1164,5.349999904632568,11.76099967956543,-4.27400016784668
1167,2.628000020980835,10.822999954223633,-4.395999908447266
1170,2.0190000534057617,7.034999847412109,-6.807000160217285
1173,3.884999990463257,8.095000267028809,-8.57800006866455
1176,6.247000217437744,7.11899995803833,-9.329000473022461
1179,7.118000030517578,8.08899974822998,-6.86299991607666
1182,5.556000232696533,7.230000019073486,-4.5879998207092285
1185,3.052999973297119,8.048999786376953,-4.159999847412109
1188,10.762999534606934,12.378999710083008,10.130000114440918
1191,-10.92199993133545,10.972999572753906,13.90999984741211
1194,10.463000297546387,11.593999862670898,-11.52299976348877
1197,11.21500015258789,7.651000022888184,10.970000267028809
1200,12.41100025177002,7.9019999504089355,13.482999801635742
1203,10.532999992370605,7.215000152587891,-11.64900016784668
1206,-8.152000427246094,12.182000160217285,14.093999862670898
1209,-6.645999908447266,10.947999954223633,11.833999633789063
1212,-3.9539999961853027,11.96500015258789,11.46399974822998
1215,-3.2309999465942383,11.086999893188477,14.079000473022461
1218,-5.124000072479248,11.590999603271484,-11.265000343322754
1221,-7.565000057220459,10.468999862670898,-11.015000343322754
1224,-8.491000175476074,7.11299991607666,13.444000244140625
1227,-6.913000106811523,8.034000396728516,11.532999992370605
1230,-4.2129998207092285,7.090000152587891,11.451000213623047
1233,-3.3420000076293945,8.079999923706055,-13.222000122070313
1236,-5.150000095367432,6.7820000648498535,-11.442999839782715
1239,-7.836999893188477,7.823999881744385,-11.102999687194824
1242,-0.41100001335144043,11.659000396728516,13.732999801635742
1245,1.180999994277954,11.097000122070313,11.557000160217285
1248,3.6549999713897705,12.163000106811523,11.531999588012695
1251,4.046000003814697,11.4350004196167,14.029000282287598
1254,2.427000045776367,12.243000030517578,-11.142999649047852
1257,0.08799999952316284,10.937000274658203,-10.725000381469727
1260,-0.5080000162124634,7.247000217437744,13.829000473022461
1263,0.8299999833106995,8.074999809265137,11.597000122070313
1266,3.440999984741211,7.427999973297119,11.055999755859375
1269,4.00600004196167,8.704000473022461,13.510000228881836
1272,3.0510001182556152,7.682000160217285,-11.36299991607666
1275,0.3619999885559082,8.008000373840332,-10.942000389099121
1278,6.804999828338623,12.08899974822998,13.73799991607666
1281,8.437999725341797,11.310999870300293,11.015000343322754
1284,7.828000068664551,10.567999839782715,-11.35099983215332
1287,6.714000225067139,7.76800012588501,13.37399959564209
1290,8.517999649047852,8.380000114440918,11.081000328063965
1293,7.909999847412109,7.941999912261963,-11.3100004196167
