0,11.34000015258789,-5.682000160217285,9.293000221252441
3,-10.83899974822998,-6.576000213623047,7.291999816894531
6,-8.343000411987305,-5.552000045776367,7.0929999351501465
9,-6.96999979019165,-6.684000015258789,9.329999923706055
12,-8.41100025177002,-5.3420000076293945,11.440999984741211
15,-10.956999778747559,-6.394999980926514,11.699999809265137
18,11.475000381469727,12.237000465393066,9.701000213623047
21,-10.555000305175781,-9.347999572753906,7.419000148773193
24,-8.053999900817871,12.152999877929688,7.119999885559082
27,-6.576000213623047,-9.437000274658203,9.425000190734863
30,-8.107999801635742,12.397000312805176,11.614999771118164
33,-10.777000427246094,-9.130999565124512,11.980999946594238
36,-4.505000114440918,-5.511000156402588,9.402000427246094
39,-3.0460000038146973,-6.218999862670898,7.2870001792907715
42,-0.3019999861717224,-5.5,7.236000061035156
45,0.9980000257492065,-6.676000118255615,9.414999961853027
48,-0.3319999873638153,-5.565999984741211,11.690999984741211
51,-2.9779999256134033,-6.6570000648498535,11.550000190734863
54,-3.9049999713897705,12.24899959564209,9.376999855041504
57,-3.0969998836517334,-9.03600025177002,7.015999794006348
60,-0.46299999952316284,12.371000289916992,7.160999774932861
63,1.0240000486373901,-9.380000114440918,9.545000076293945
66,-0.16899999976158142,12.37399959564209,11.850000381469727
69,-2.888000011444092,-9.39799976348877,11.838000297546387
72,3.5460000038146973,-5.585999965667725,9.48900032043457
75,4.75600004196167,-6.815000057220459,7.26200008392334
78,7.455999851226807,-5.605000019073486,7.317999839782715
81,8.687000274658203,-6.515999794006348,9.574999809265137
84,7.4670000076293945,-5.241000175476074,11.531000137329102
87,4.931000232696533,-6.440000057220459,11.829000473022461
90,3.691999912261963,11.994999885559082,9.619999885559082
93,4.7870001792907715,-9.64799976348877,7.241000175476074
96,7.48199987411499,12.267000198364258,6.968999862670898
99,8.866000175476074,-9.284000396728516,9.401000022888184
102,7.697999954223633,12.317999839782715,11.697999954223633
105,5.02400016784668,-9.338000297546387,11.694999694824219
108,11.76099967956543,-5.34499979019165,0.7710000276565552
111,-10.581000328063965,-6.453999996185303,2.9719998836517334
114,11.729000091552734,-5.401000022888184,5.038000106811523
117,11.762999534606934,12.20199966430664,0.28600001335144043
120,-10.807999610900879,-9.26200008392334,2.7119998931884766
123,11.82699966430664,11.928000450134277,5.105000019073486
126,-8.043000221252441,-5.334000110626221,3.052999973297119
129,-6.60099983215332,-6.171000003814697,0.8479999899864197
132,-3.937000036239624,-5.389999866485596,0.6159999966621399
135,-2.9719998836517334,-6.543000221252441,2.878000020980835
138,-4.232999801635742,-5.441999912261963,5.019999980926514
141,-6.796000003814697,-6.4720001220703125,5.129000186920166
144,-8.111000061035156,12.33899974822998,2.4779999256134033
147,-6.816999912261963,-9.020999908447266,0.2029999941587448
150,-4.418000221252441,11.916999816894531,0.6570000052452087
153,-2.9030001163482666,-9.25,2.614000082015991
156,-4.166999816894531,12.121000289916992,4.853000164031982
159,-6.848999977111816,-9.305000305175781,4.947999954223633
162,-0.3440000116825104,-5.563000202178955,2.678999900817871
165,1.1699999570846558,-6.440999984741211,0.47999998927116394
168,3.874000072479248,-5.563000202178955,0.3889999985694885
171,4.861999988555908,-6.494999885559082,2.921999931335449
174,3.509000062942505,-5.633999824523926,5.203999996185303
177,0.8069999814033508,-6.439000129699707,4.934000015258789
180,-0.3799999952316284,12.37399959564209,2.447000026702881
183,1.069000005722046,-9.276000022888184,0.3720000088214874
186,3.746999979019165,12.305000305175781,0.2630000114440918
189,4.994999885559082,-9.387999534606934,2.73799991607666
192,3.687999963760376,12.07800006866455,4.916999816894531
195,1.065999984741211,-9.390000343322754,4.931000232696533
198,7.500999927520752,-5.709000110626221,2.8589999675750732
201,9.130999565124512,-6.39900016784668,0.6940000057220459
204,8.871000289916992,-6.5960001945495605,5.067999839782715
207,7.728000164031982,12.086000442504883,2.6410000324249268
210,9.159000396728516,-9.319999694824219,0.4860000014305115
213,9.284000396728516,-9.369999885559082,5.039000034332275
216,11.501999855041504,-5.436999797821045,-4.150000095367432
219,-10.840999603271484,-6.567999839782715,-6.295000076293945
222,-8.298999786376953,-5.4679999351501465,-6.489999771118164
225,-7.104000091552734,-6.1519999504089355,-3.927999973297119
228,-8.055999755859375,-5.508999824523926,-1.496000051498413
231,-10.829999923706055,-6.248000144958496,-1.7029999494552612
234,11.513999938964844,12.270999908447266,-4.252999782562256
237,-10.428999900817871,-9.317999839782715,-6.357999801635742
240,-7.728000164031982,12.220999717712402,-6.382999897003174
243,-6.7270002365112305,-8.875,-4.177000045776367
246,-8.126999855041504,12.456000328063965,-2.0999999046325684
249,-10.836000442504883,-9.086000442504883,-1.9919999837875366
252,-4.260000228881836,-5.715000152587891,-4.007999897003174
255,-3.2170000076293945,-6.573999881744385,-6.388000011444092
258,-0.6179999709129333,-5.3379998207092285,-6.3379998207092285
261,0.7450000047683716,-6.2729997634887695,-4.017000198364258
264,-0.38100001215934753,-5.531000137329102,-1.6959999799728394
267,-2.861999988555908,-6.559999942779541,-1.5119999647140503
270,-4.135000228881836,12.340999603271484,-3.9630000591278076
273,-2.746999979019165,-9.404000282287598,-6.252999782562256
276,-0.10899999737739563,12.210000038146973,-6.71999979019165
279,1.1130000352859497,-9.138999938964844,-4.2129998207092285
282,-0.2619999945163727,12.25,-2.0169999599456787
285,-2.947000026702881,-9.274999618530273,-1.5529999732971191
288,3.2360000610351563,-5.28000020980835,-4.181000232696533
291,4.836999893188477,-6.4629998207092285,-6.114999771118164
294,7.39300012588501,-5.488999843597412,-6.271999835968018
297,8.906000137329102,-6.517000198364258,-4.244999885559082
300,7.986000061035156,-5.802999973297119,-1.8489999771118164
303,4.932000160217285,-6.468999862670898,-1.9490000009536743
306,3.7690000534057617,11.95300006866455,-4.169000148773193
309,5.089000225067139,-9.319000244140625,-6.25
312,7.78000020980835,12.291999816894531,-6.40500020980835
315,8.911999702453613,-9.197999954223633,-4.122000217437744
318,7.546999931335449,12.482999801635742,-1.6959999799728394
321,4.86899995803833,-9.246000289916992,-2.0190000534057617
324,11.451000213623047,-5.745999813079834,14.053999900817871
327,-10.944000244140625,-6.5320000648498535,-10.704000473022461
330,11.47599983215332,-5.676000118255615,-8.505000114440918
333,11.293999671936035,12.218000411987305,-13.180000305175781
336,-10.852999687194824,-9.196999549865723,-10.973999977111816
339,11.699999809265137,12.484000205993652,-8.612000465393066
342,-8.390000343322754,-5.394000053405762,-10.810999870300293
345,-7.624000072479248,-6.438000202178955,13.998000144958496
348,-4.9720001220703125,-6.020999908447266,13.333999633789063
351,-2.3519999980926514,-6.310999870300293,-10.394000053405762
354,-4.340000152587891,-5.394999980926514,-8.668999671936035
357,-6.914000034332275,-6.394000053405762,-8.64799976348877
360,-8.184000015258789,12.402000427246094,-10.895999908447266
363,-7.0279998779296875,-9.119999885559082,-13.178000450134277
366,-4.4039998054504395,12.413000106811523,-13.04699993133545
369,-2.8989999294281006,-9.149999618530273,-10.741999626159668
372,-4.001999855041504,12.029000282287598,-8.491000175476074
375,-6.572000026702881,-9.284000396728516,-8.61400032043457
378,0.28299999237060547,-5.708000183105469,-10.677000045776367
381,1.0989999771118164,-6.479000091552734,14.03600025177002
384,3.6700000762939453,-5.436999797821045,14.026000022888184
387,4.993000030517578,-6.23199987411499,-10.734000205993652
390,3.6659998893737793,-5.541999816894531,-8.53600025177002
393,1.1369999647140503,-6.419000148773193,-8.239999771118164
396,-0.13500000536441803,12.305999755859375,-11.019000053405762
399,1.4479999542236328,-9.222000122070313,-13.074999809265137
402,3.997999906539917,12.006999969482422,-13.111000061035156
405,5.328000068664551,-9.01200008392334,-10.871000289916992
408,3.928999900817871,12.199999809265137,-8.859000205993652
411,1.2100000381469727,-9.182000160217285,-8.850000381469727
414,7.672999858856201,-5.517000198364258,-10.920000076293945
417,8.78600025177002,-6.420000076293945,13.87399959564209
420,8.782999992370605,-6.327000141143799,-8.493000030517578
423,7.705999851226807,12.029999732971191,-10.82800006866455
426,8.73799991607666,-9.131999969482422,-13.098999977111816
429,9.02400016784668,-9.029000282287598,-8.638999938964844
432,11.333000183105469,2.007999897003174,9.454000473022461
435,-10.895999908447266,1.1089999675750732,7.390999794006348
438,-8.237000465393066,2.0840001106262207,7.298999786376953
441,-6.994999885559082,1.3459999561309814,9.75
444,-8.409000396728516,2.191999912261963,11.89900016784668
447,-10.866999626159668,0.753000020980835,11.442999839782715
450,11.404000282287598,-2.825000047683716,9.170999526977539
453,-10.543999671936035,-1.7519999742507935,7.294000148773193
456,-8.071000099182129,-2.7100000381469727,7.208000183105469
459,-6.860000133514404,-1.496000051498413,9.37399959564209
462,-8.468000411987305,-2.611999988555908,11.354000091552734
465,12.437000274658203,-2.007999897003174,11.517999649047852
468,-4.315999984741211,2.0820000171661377,9.458999633789063
471,-2.927999973297119,1.1430000066757202,7.377999782562256
474,-0.35600000619888306,2.0840001106262207,7.486000061035156
477,0.9769999980926514,0.9940000176429749,9.795999526977539
480,-0.5720000267028809,1.934999942779541,11.899999618530273
483,-3.13100004196167,0.9599999785423279,11.958999633789063
486,-4.284999847412109,-2.6989998817443848,9.385000228881836
489,-2.9130001068115234,-1.7020000219345093,7.234000205993652
492,-0.24899999797344208,-2.7330000400543213,7.184999942779541
495,1.1260000467300415,-1.784999966621399,9.418000221252441
498,-0.4399999976158142,-2.6630001068115234,11.550999641418457
501,-3.065000057220459,-1.8359999656677246,11.630999565124512
504,3.502000093460083,1.9980000257492065,9.524999618530273
507,4.685999870300293,0.9079999923706055,7.3470001220703125
510,7.099999904632568,2.132999897003174,7.163000106811523
513,8.795999526977539,1.090000033378601,9.293000221252441
516,7.960000038146973,1.8639999628067017,11.765000343322754
519,5.039999961853027,0.9670000076293945,11.670000076293945
522,3.734999895095825,-2.678999900817871,9.199000358581543
525,5.142000198364258,-1.843999981880188,7.123000144958496
528,7.6620001792907715,-2.890000104904175,7.065999984741211
531,8.928999900817871,-1.6720000505447388,9.222000122070313
534,7.510000228881836,-2.496999979019165,11.336999893188477
537,4.818999767303467,-1.7940000295639038,11.555000305175781
540,11.376999855041504,1.9670000076293945,0.4440000057220459
543,-10.916000366210938,1.347000002861023,2.881999969482422
546,11.324000358581543,2.0480000972747803,5.131999969482422
549,11.649999618530273,-2.5789999961853027,0.28299999237060547
552,-10.616999626159668,-1.378000020980835,2.989000082015991
555,11.442000389099121,-2.6010000705718994,4.9710001945495605
558,-8.182000160217285,1.8220000267028809,2.6019999980926514
561,-6.951000213623047,0.8759999871253967,0.4519999921321869
564,-4.48199987411499,1.9190000295639038,0.5659999847412109
567,-3.134000062942505,1.0329999923706055,2.7269999980926514
570,-4.561999797821045,1.8300000429153442,4.941999912261963
573,-7.138999938964844,0.9049999713897705,5.01200008392334
576,-8.161999702453613,-2.5899999141693115,2.6470000743865967
579,-6.9710001945495605,-1.909999966621399,0.2809999883174896
582,-4.126999855041504,-2.6630001068115234,0.30399999022483826
585,-2.7939999103546143,-1.6990000009536743,2.578000068664551
588,-3.9670000076293945,-2.634999990463257,4.861000061035156
591,-6.7220001220703125,-1.9630000591278076,4.916999816894531
594,-0.40700000524520874,1.9329999685287476,2.809000015258789
597,0.7789999842643738,1.2389999628067017,0.4189999997615814
600,3.4630000591278076,1.9989999532699585,0.25200000405311584
603,4.567999839782715,0.7829999923706055,2.615999937057495
606,3.500999927520752,1.899999976158142,4.926000118255615
609,0.9110000133514404,1.0099999904632568,5.2779998779296875
612,-0.164000004529953,-2.568000078201294,2.365000009536743
615,1.3250000476837158,-1.6360000371932983,0.30799999833106995
618,3.811000108718872,-2.8369998931884766,0.26100000739097595
621,4.691999912261963,-1.9839999675750732,2.6649999618530273
624,3.4679999351501465,-2.878000020980835,5.068999767303467
627,0.9120000004768372,-1.7860000133514404,4.929999828338623
630,7.380000114440918,1.9040000438690186,2.8440001010894775
633,8.706999778747559,0.984000027179718,0.5569999814033508
636,8.675000190734863,1.0180000066757202,5.044000148773193
639,7.4730000495910645,-2.937000036239624,2.681999921798706
642,9.057999610900879,-1.7940000295639038,0.5180000066757202
645,8.661999702453613,-1.63100004196167,4.730999946594238
648,11.069999694824219,1.9639999866485596,-4.0370001792907715
651,-10.923999786376953,1.25,-6.033999919891357
654,-8.053999900817871,1.8450000286102295,-6.1529998779296875
657,-6.84499979019165,0.6949999928474426,-4.015999794006348
660,-8.28600025177002,1.7690000534057617,-1.9490000009536743
663,-10.869000434875488,0.9950000047683716,-1.7039999961853027
666,11.565999984741211,-2.621999979019165,-4.415999889373779
669,-10.722999572753906,-1.6510000228881836,-6.577000141143799
672,-8.015000343322754,-2.802999973297119,-6.427999973297119
675,-6.651000022888184,-1.9900000095367432,-4.043000221252441
678,-8.241999626159668,-2.75,-1.9470000267028809
681,-10.861000061035156,-1.687000036239624,-1.9730000495910645
684,-4.192999839782715,1.875,-3.819000005722046
687,-2.9089999198913574,1.1729999780654907,-6.061999797821045
690,-0.27000001072883606,2.1510000228881836,-6.302000045776367
693,0.8610000014305115,0.9980000257492065,-4.031000137329102
696,-0.4690000116825104,2.2070000171661377,-1.8860000371932983
699,-3.003999948501587,1.1970000267028809,-1.5169999599456787
702,-3.9779999256134033,-2.86299991607666,-4.083000183105469
705,-2.888000011444092,-1.534000039100647,-6.260000228881836
708,-0.14800000190734863,-2.556999921798706,-6.550000190734863
711,0.949999988079071,-1.7589999437332153,-4.125
714,-0.02500000037252903,-2.7330000400543213,-1.8259999752044678
717,-2.753999948501587,-1.5410000085830688,-1.8899999856948853
720,3.4660000801086426,2.0490000247955322,-3.947000026702881
723,5.061999797821045,1.0529999732971191,-5.921999931335449
726,7.4629998207092285,2.0999999046325684,-6.372000217437744
729,8.512999534606934,0.9589999914169312,-3.931999921798706
732,7.27400016784668,2.0209999084472656,-1.7660000324249268
735,4.831999778747559,0.9300000071525574,-1.8309999704360962
738,3.6050000190734863,-2.5179998874664307,-4.236000061035156
741,4.749000072479248,-1.680999994277954,-6.494999885559082
744,7.388999938964844,-2.7829999923706055,-6.548999786376953
747,8.85099983215332,-1.871999979019165,-4.401000022888184
750,7.908999919891357,-3.013000011444092,-2.1559998989105225
753,5.260000228881836,-1.8769999742507935,-1.934000015258789
756,11.404000282287598,1.6979999542236328,13.765000343322754
759,-10.654999732971191,1.1069999933242798,-10.96399974822998
762,11.744000434875488,1.9839999675750732,-8.70300006866455
765,11.699000358581543,-2.999000072479248,-13.144000053405762
768,-10.907999992370605,-1.7769999504089355,-10.89799976348877
771,11.618000030517578,-2.8889999389648438,-8.663999557495117
774,-7.886000156402588,1.9539999961853027,-10.758999824523926
777,-6.75600004196167,0.9710000157356262,14.01099967956543
780,-4.047999858856201,2.1110000610351563,14.229999542236328
783,-3.055000066757202,0.8410000205039978,-10.682000160217285
786,-3.890000104904175,2.197999954223633,-8.359000205993652
789,-6.343999862670898,0.9559999704360962,-8.362000465393066
792,-8.119000434875488,-2.6040000915527344,-11.229999542236328
795,-6.90500020980835,-1.8650000095367432,13.704000473022461
798,-4.435999870300293,-3.2639999389648438,13.684000015258789
801,-2.8380000591278076,-1.8799999952316284,-11.239999771118164
804,-3.8540000915527344,-2.5889999866485596,-8.595000267028809
807,-6.507999897003174,-1.75600004196167,-8.723999977111816
810,-0.46799999475479126,1.8530000448226929,-10.86299991607666
813,1.0010000467300415,1.0920000076293945,13.956000328063965
816,3.88100004196167,1.9609999656677246,14.074999809265137
819,4.98199987411499,0.9570000171661377,-10.887999534606934
822,3.575000047683716,1.7610000371932983,-8.552000045776367
825,0.8610000014305115,1.0779999494552612,-8.583000183105469
828,0.13099999725818634,-2.878999948501587,-10.843000411987305
831,0.9459999799728394,-1.7319999933242798,13.871999740600586
834,3.552000045776367,-2.6740000247955322,13.779000282287598
837,4.888000011444092,-1.8650000095367432,-11.083999633789063
840,3.7170000076293945,-2.7170000076293945,-8.755999565124512
843,1.1619999408721924,-1.5770000219345093,-8.793000221252441
846,7.646999835968018,1.6299999952316284,-10.819999694824219
849,8.831000328063965,1.0369999408721924,14.163000106811523
852,9.11400032043457,0.8700000047683716,-8.475000381469727
855,7.558000087738037,-2.746000051498413,-11.133000373840332
858,8.980999946594238,-1.7079999446868896,-13.20199966430664
861,8.880000114440918,-1.9570000171661377,-8.753000259399414
864,11.263999938964844,9.33899974822998,9.42199993133545
867,-10.779000282287598,8.456999778747559,7.409999847412109
870,-8.116999626159668,9.39900016784668,7.335000038146973
873,-6.915999889373779,8.604000091552734,9.737000465393066
876,-8.232000350952148,9.678999900817871,11.99899959564209
879,-10.722000122070313,8.621000289916992,11.71500015258789
882,11.3149995803833,4.807000160217285,9.355999946594238
885,-10.902000427246094,5.761000156402588,7.169000148773193
888,-8.182000160217285,4.9029998779296875,6.89900016784668
891,-7.199999809265137,5.835000038146973,9.343999862670898
894,-8.319000244140625,4.922999858856201,11.847999572753906
897,12.477999687194824,5.896999835968018,11.644000053405762
900,-4.109000205993652,9.307000160217285,9.87600040435791
903,-2.9639999866485596,8.569000244140625,7.521999835968018
906,-0.3149999976158142,9.614999771118164,7.339000225067139
909,1.0729999542236328,8.404999732971191,9.526000022888184
912,-0.23199999332427979,9.585000038146973,11.930000305175781
915,-2.7939999103546143,8.777000427246094,12.131999969482422
918,-3.9230000972747803,4.910999774932861,9.699000358581543
921,-2.7109999656677246,5.76800012588501,7.2270002365112305
924,0.04800000041723251,4.794000148773193,7.117000102996826
927,1.0470000505447388,5.426000118255615,9.64900016784668
930,-0.014999999664723873,4.690000057220459,12.204000473022461
933,-2.490999937057495,6.056000232696533,12.062999725341797
936,3.671999931335449,9.288999557495117,9.817999839782715
939,4.895999908447266,8.586999893188477,7.389999866485596
942,7.626999855041504,9.392999649047852,7.284999847412109
945,8.675000190734863,8.611000061035156,9.741999626159668
948,7.354000091552734,9.48799991607666,12.0600004196167
951,4.90500020980835,8.310999870300293,11.972000122070313
954,3.752000093460083,4.671000003814697,9.543000221252441
957,4.9070000648498535,5.798999786376953,7.201000213623047
960,7.560999870300293,5.013000011444092,6.982999801635742
963,8.644000053405762,5.739999771118164,9.446000099182129
966,7.4710001945495605,4.5920000076293945,11.656000137329102
969,5.001999855041504,5.605999946594238,11.746000289916992
972,11.444999694824219,9.319999694824219,0.26899999380111694
975,-10.869999885559082,8.039999961853027,2.444999933242798
978,11.777000427246094,9.178999900817871,4.978000164031982
981,11.527000427246094,4.665999889373779,0.05700000002980232
984,-10.862000465393066,5.324999809265137,2.490999937057495
987,11.395999908447266,4.730000019073486,4.880000114440918
990,-8.678000450134277,9.625,2.4260001182556152
993,-7.078999996185303,8.51200008392334,0.4000000059604645
996,-4.3379998207092285,9.229999542236328,0.7009999752044678
999,-2.9769999980926514,8.217000007629395,2.9240000247955322
1002,-4.250999927520752,9.39799976348877,5.034999847412109
1005,-7.051000118255615,8.70199966430664,4.886000156402588
1008,-8.116000175476074,4.583000183105469,2.6730000972747803
1011,-6.843999862670898,5.738999843597412,0.5059999823570251
1014,-4.135000228881836,4.618000030517578,0.39899998903274536
1017,-2.806999921798706,5.493000030517578,2.7149999141693115
1020,-4.355999946594238,4.730000019073486,4.870999813079834
1023,-6.918000221252441,6.025000095367432,4.75600004196167
1026,-0.2849999964237213,9.567000389099121,2.8959999084472656
1029,0.5680000185966492,8.522000312805176,0.5740000009536743
1032,3.4709999561309814,9.515000343322754,0.4959999918937683
1035,5.056000232696533,8.111000061035156,2.7850000858306885
1038,3.696000099182129,9.29800033569336,4.964000225067139
1041,1.0420000553131104,8.77400016784668,5.210000038146973
1044,-0.023000000044703484,4.6539998054504395,2.8589999675750732
1047,0.875,5.547999858856201,0.39800000190734863
1050,3.365000009536743,4.794000148773193,0.003000000026077032
1053,4.619999885559082,5.435999870300293,2.4600000381469727
1056,3.5969998836517334,4.822999954223633,5.007999897003174
1059,1.0850000381469727,6.135000228881836,4.9770002365112305
1062,7.671999931335449,9.324999809265137,2.7049999237060547
1065,8.6899995803833,8.722999572753906,0.29499998688697815
1068,9.067999839782715,8.39900016784668,5.156000137329102
1071,7.580999851226807,4.7729997634887695,2.3369998931884766
1074,8.979999542236328,5.8420000076293945,0.09300000220537186
1077,8.788000106811523,5.676000118255615,4.698999881744385
1080,11.305000305175781,9.312000274658203,-4.401000022888184
1083,-10.737000465393066,8.404999732971191,-6.557000160217285
1086,-8.17300033569336,9.430999755859375,-6.50600004196167
1089,-6.994999885559082,8.269000053405762,-4.1620001792907715
1092,-8.402000427246094,9.482000350952148,-2.072999954223633
1095,-11.010000228881836,8.480999946594238,-2.0409998893737793
1098,11.527999877929688,4.658999919891357,-4.13100004196167
1101,-10.767000198364258,5.690000057220459,-6.328999996185303
1104,-8.258999824523926,4.501999855041504,-6.461999893188477
1107,-6.688000202178955,5.4629998207092285,-4.24399995803833
1110,-7.938000202178955,4.624000072479248,-1.9110000133514404
1113,-10.567999839782715,5.750999927520752,-1.8899999856948853
1116,-4.386000156402588,9.534000396728516,-3.8919999599456787
1119,-2.996999979019165,8.60099983215332,-6.125999927520752
1122,-0.3149999976158142,9.329999923706055,-6.660999774932861
1125,0.9440000057220459,8.687999725341797,-4.065000057220459
1128,-0.48399999737739563,9.345000267028809,-1.7319999933242798
1131,-3.2230000495910645,8.458999633789063,-1.5509999990463257
1134,-4.098999977111816,4.690000057220459,-4.25600004196167
1137,-2.7109999656677246,5.743000030517578,-6.376999855041504
1140,0.1979999989271164,4.98799991607666,-6.52400016784668
1143,1.1519999504089355,5.658999919891357,-4.008999824523926
1146,-0.6370000243186951,4.932000160217285,-2.0250000953674316
1149,-3.2869999408721924,5.732999801635742,-1.9539999961853027
1152,3.6679999828338623,9.17199993133545,-4.068999767303467
1155,4.703000068664551,8.57800006866455,-6.5279998779296875
1158,7.427999973297119,9.359999656677246,-6.613999843597412
1161,8.538000106811523,8.791999816894531,-4.019000053405762
1164,7.289999961853027,9.692999839782715,-1.840999960899353
1167,4.798999786376953,8.50100040435791,-1.7139999866485596
1170,3.6630001068115234,4.697000026702881,-4.321000099182129
1173,4.84499979019165,5.699999809265137,-6.540999889373779
1176,7.570000171661377,4.828000068664551,-6.76800012588501
1179,8.96500015258789,5.857999801635742,-4.3429999351501465
1182,7.692999839782715,4.788000106811523,-2.13100004196167
1185,5.043000221252441,5.619999885559082,-1.9299999475479126
1188,11.527999877929688,9.371000289916992,13.902999877929688
1191,-10.725000381469727,8.41100025177002,-11.050000190734863
1194,11.545999526977539,9.590999603271484,-8.885000228881836
1197,11.744999885559082,4.439000129699707,-13.277000427246094
1200,-10.798999786376953,5.565000057220459,-11.14900016784668
1203,11.753999710083008,4.682000160217285,-8.734000205993652
1206,-8.227999687194824,9.520000457763672,-10.810999870300293
1209,-6.882999897003174,8.859000205993652,14.190999984741211
1212,-4.214000225067139,9.723999977111816,14.234999656677246
1215,-3.0850000381469727,8.460000038146973,-10.795999526977539
1218,-4.369999885559082,9.142999649047852,-8.527000427246094
1221,-7.050000190734863,8.331999778747559,-8.711000442504883
1224,-8.182999610900879,4.742000102996826,-11.015999794006348
1227,-7.026000022888184,6.035999774932861,-13.107000350952148
1230,-4.48199987411499,4.796000003814697,13.515000343322754
1233,-3.252000093460083,5.60699987411499,-11.378000259399414
1236,-4.065999984741211,4.90500020980835,-8.73799991607666
1239,-6.875,5.63100004196167,-8.52400016784668
1242,-0.5529999732971191,9.687000274658203,-10.753000259399414
1245,0.8270000219345093,8.60099983215332,14.355999946594238
1248,3.5999999046325684,9.218999862670898,14.116999626159668
1251,5.09499979019165,8.064000129699707,-10.96399974822998
1254,3.7290000915527344,9.392999649047852,-8.880999565124512
1257,1.2100000381469727,8.399999618530273,-8.871999740600586
1260,-0.4569999873638153,4.644000053405762,-11.067999839782715
1263,1.347000002861023,5.843999862670898,-12.944999694824219
1266,3.8369998931884766,4.73799991607666,-13.175999641418457
1269,5.355999946594238,5.2779998779296875,-10.845999717712402
1272,3.7750000953674316,4.517000198364258,-8.845999717712402
1275,1.2480000257492065,5.585999965667725,-8.961999893188477
1278,7.644000053405762,9.220000267028809,-11.11400032043457
1281,9.01200008392334,8.20300006866455,13.906999588012695
1284,8.86400032043457,8.456000328063965,-8.723999977111816
1287,8.218999862670898,4.323999881744385,-10.902000427246094
1290,9.12399959564209,5.434000015258789,-13.1850004196167
1293,9.255999565124512,5.65500020980835,-8.628000259399414
