0,0.1509999930858612,-5.369999885559082,2.2160000801086426
3,7.943999767303467,-7.385000228881836,13.322999954223633
6,8.991000175476074,0.23600000143051147,-8.407999992370605
9,-6.23199987411499,10.829000473022461,6.881999969482422
12,-1.690999984741211,-6.97599983215332,-5.9730000495910645
15,0.17800000309944153,0.5009999871253967,2.86299991607666
18,10.850000381469727,7.189000129699707,14.557000160217285
21,5.535999774932861,6.9029998779296875,11.425000190734863
24,7.1020002365112305,9.812000274658203,12.78600025177002
27,7.127999782562256,-5.093999862670898,-5.921000003814697
30,11.555000305175781,5.065000057220459,12.986000061035156
33,11.581999778747559,-5.697000026702881,9.390000343322754
36,-9.305000305175781,-7.474999904632568,5.932000160217285
39,12.600000381469727,-8.901000022888184,11.708999633789063
42,2.9660000801086426,-2.382999897003174,5.196000099182129
45,-8.008000373840332,12.713000297546387,7.811999797821045
48,1.2400000095367432,-8.510000228881836,14.42199993133545
51,-9.329999923706055,12.295000076293945,-11.472999572753906
54,-4.724999904632568,1.0440000295639038,9.807000160217285
57,-5.835000038146973,8.265999794006348,10.633000373840332
60,-5.686999797821045,-9.744999885559082,4.775000095367432
63,12.449000358581543,-0.9890000224113464,4.841000080108643
66,1.5130000114440918,-9.057000160217285,11.491000175476074
69,-3.9630000591278076,-6.869999885559082,8.456999778747559
72,4.874000072479248,-4.072999954223633,13.446000099182129
75,-10.729000091552734,0.4749999940395355,7.867000102996826
78,-7.804999828338623,3.9860000610351563,-1.850000023841858
81,-3.7750000953674316,4.559999942779541,-0.4790000021457672
84,7.929999828338623,-7.710999965667725,5.043000221252441
87,-1.0809999704360962,-8.506999969482422,10.720999717712402
90,-10.211999893188477,9.277000427246094,-3.5420000553131104
93,10.621000289916992,11.458999633789063,11.677000045776367
96,6.624000072479248,12.194000244140625,4.23799991607666
99,9.192999839782715,-8.855999946594238,2.8489999771118164
102,8.826000213623047,9.22599983215332,-6.622000217437744
105,10.538000106811523,-1.371000051498413,8.371000289916992
108,-10.04800033569336,3.296999931335449,9.802000045776367
111,-8.076000213623047,3.5250000953674316,1.9259999990463257
114,2.7330000400543213,-1.6419999599456787,11.987000465393066
117,3.9240000247955322,5.453000068664551,-12.413000106811523
120,-9.11400032043457,-5.182000160217285,1.6080000400543213
123,5.816999912261963,3.73799991607666,9.305000305175781
126,-3.880000114440918,-8.626999855041504,0.2280000001192093
129,2.200000047683716,8.112000465393066,0.28999999165534973
132,0.574999988079071,-7.111999988555908,5.515999794006348
135,-6.117000102996826,-7.816999912261963,1.6449999809265137
138,-2.1080000400543213,9.298999786376953,2.302999973297119
141,-7.2789998054504395,-4.3460001945495605,3.486999988555908
144,5.515999794006348,13.192000389099121,9.413999557495117
147,-5.35699987411499,1.034000039100647,4.367000102996826
150,-4.23799991607666,8.076000213623047,-9.392999649047852
153,9.6899995803833,4.501999855041504,7.160999774932861
156,-7.078000068664551,11.312000274658203,-1.1729999780654907
159,4.900000095367432,-7.158999919891357,0.43299999833106995
162,-8.569000244140625,6.369999885559082,-0.7490000128746033
165,-3.2009999752044678,9.5649995803833,-4.769999980926514
168,-1.7450000047683716,-1.0740000009536743,-8.982000350952148
171,5.421000003814697,-1.2899999618530273,12.166999816894531
174,-3.36299991607666,8.446999549865723,6.116000175476074
177,8.684000015258789,5.198999881744385,4.607999801635742
180,-9.857000350952148,8.041000366210938,1.6720000505447388
183,3.49399995803833,12.77400016784668,-4.410999774932861
186,3.2660000324249268,-1.7170000076293945,-7.031000137329102
189,-3.4179999828338623,-2.2699999809265137,11.741000175476074
192,0.628000020980835,-2.382999897003174,-0.453000009059906
195,-1.0429999828338623,12.097000122070313,4.664999961853027
198,5.993000030517578,11.371999740600586,-2.0810000896453857
201,3.4110000133514404,-7.176000118255615,3.947000026702881
204,-1.9639999866485596,-7.817999839782715,6.341000080108643
207,-3.305000066757202,-8.708000183105469,4.064000129699707
210,9.003999710083008,0.7559999823570251,2.1519999504089355
213,8.850000381469727,5.199999809265137,-11.439000129699707
216,5.359000205993652,-8.027999877929688,5.952000141143799
219,-3.806999921798706,9.357999801635742,-1.5290000438690186
222,-3.1510000228881836,-3.9719998836517334,-0.14100000262260437
225,-1.0190000534057617,-5.0920000076293945,-3.3889999389648438
228,6.304999828338623,-6.502999782562256,2.9119999408721924
231,8.487000465393066,8.482000350952148,7.513999938964844
234,10.585000038146973,-3.8510000705718994,7.038000106811523
237,9.539999961853027,10.23900032043457,-4.301000118255615
240,-9.112000465393066,7.583000183105469,4.7829999923706055
243,-4.486999988555908,11.864999771118164,-1.6239999532699585
246,8.277000427246094,10.956000328063965,6.353000164031982
249,10.375,-2.2809998989105225,-1.9889999628067017
252,4.360000133514404,-0.05999999865889549,-3.138000011444092
255,-10.100000381469727,0.9990000128746033,-5.817999839782715
258,-6.126999855041504,-6.751999855041504,-5.317999839782715
261,-4.506999969482422,-3.2090001106262207,-6.7820000648498535
264,2.309000015258789,-4.679999828338623,3.694000005722046
267,-8.12399959564209,-5.006999969482422,-6.236999988555908
270,6.609000205993652,7.7729997634887695,-7.521999835968018
273,-9.022000312805176,9.51099967956543,-8.774999618530273
276,-6.978000164031982,10.241000175476074,12.208000183105469
279,-5.480000019073486,-5.76200008392334,11.531999588012695
282,-7.24399995803833,-4.85099983215332,-12.163000106811523
285,9.392999649047852,-6.202000141143799,-9.878999710083008
288,-2.1019999980926514,4.611999988555908,7.291999816894531
291,3.63700008392334,10.34000015258789,-3.252000093460083
294,4.381999969482422,12.329999923706055,-9.631999969482422
297,6.953999996185303,-3.7769999504089355,2.9539999961853027
300,-9.357999801635742,-3.760999917984009,-0.597000002861023
303,-2.572000026702881,0.11100000143051147,-3.5910000801086426
306,8.612000465393066,-7.3420000076293945,0.574999988079071
309,5.954999923706055,-0.1899999976158142,-12.279999732971191
312,8.281000137329102,-8.244000434875488,-1.9839999675750732
315,11.48900032043457,12.461999893188477,-4.515999794006348
318,2.5350000858306885,10.743000030517578,2.364000082015991
321,-1.1339999437332153,2.134999990463257,13.149999618530273
324,5.236000061035156,-2.0859999656677246,-10.253000259399414
327,8.192999839782715,12.097000122070313,13.989999771118164
330,11.347999572753906,-6.316999912261963,-3.6540000438690186
333,1.0290000438690186,-5.230999946594238,-9.5
336,10.866999626159668,12.765000343322754,-8.170000076293945
339,-4.4039998054504395,11.99899959564209,-4.557000160217285
342,-3.9049999713897705,12.192999839782715,-7.552000045776367
345,-2.4570000171661377,-0.8460000157356262,9.430999755859375
348,-8.038999557495117,-3.4019999504089355,-3.9619998931884766
351,-3.7269999980926514,-4.818999767303467,-10.744000434875488
354,0.0560000017285347,7.866000175476074,12.824999809265137
357,9.336000442504883,-9.326000213623047,-6.13100004196167
360,-8.0649995803833,-6.624000072479248,11.04800033569336
363,11.098999977111816,12.402999877929688,8.244999885559082
366,-4.954999923706055,-8.96399974822998,10.012999534606934
369,-8.958999633789063,11.878000259399414,13.225000381469727
372,0.6869999766349792,-0.7990000247955322,13.97599983215332
375,-8.635000228881836,7.953000068664551,9.432999610900879
378,3.802999973297119,-7.74399995803833,-10.869999885559082
381,9.774999618530273,10.373000144958496,-8.88700008392334
384,-5.709000110626221,-7.973999977111816,-7.599999904632568
387,-9.402999877929688,-7.140999794006348,8.788000106811523
390,-2.947999954223633,12.383000373840332,-11.946000099182129
393,1.0190000534057617,11.144000053405762,-12.368000030517578
396,6.9730000495910645,-6.666999816894531,-11.357000350952148
399,-7.695000171661377,-6.61899995803833,-9.524999618530273
402,10.607000350952148,-6.99399995803833,12.059000015258789
405,8.635000228881836,-6.761000156402588,-4.427000045776367
408,0.6600000262260437,-9.269000053405762,2.805999994277954
411,-1.5859999656677246,-3.869999885559082,5.4710001945495605
414,3.5969998836517334,9.25,-13.25100040435791
417,5.919000148773193,2.3919999599456787,-13.23799991607666
420,-5.459000110626221,1.7259999513626099,-9.032999992370605
423,-7.677000045776367,-2.690999984741211,-7.7789998054504395
426,1.6100000143051147,2.8589999675750732,2.938999891281128
429,6.381999969482422,2.621000051498413,-7.796999931335449
432,11.295999526977539,-8.199000358581543,-10.609000205993652
435,11.130000114440918,-0.8299999833106995,10.822999954223633
438,0.24899999797344208,10.045999526977539,1.2359999418258667
441,-2.5290000438690186,-3.7209999561309814,-8.663000106811523
444,-5.63100004196167,6.39900016784668,8.567999839782715
447,10.197999954223633,2.1110000610351563,-5.757999897003174
450,1.465000033378601,5.419000148773193,13.156000137329102
453,2.619999885559082,-3.5320000648498535,-10.913999557495117
456,11.199999809265137,-7.014999866485596,4.156000137329102
459,-6.547999858856201,-9.229999542236328,-10.862000465393066
462,-6.59499979019165,-2.2799999713897705,9.628000259399414
465,-9.052000045776367,-0.5669999718666077,1.319000005722046
468,-6.663000106811523,5.008999824523926,6.177999973297119
471,-0.9179999828338623,8.727999687194824,9.585000038146973
474,-2.5329999923706055,-3.303999900817871,8.246999740600586
477,-6.160999774932861,8.211999893188477,6.311999797821045
480,-0.25600001215934753,4.2779998779296875,11.347000122070313
483,-2.2939999103546143,10.84000015258789,13.083999633789063
486,-4.98799991607666,-3.614000082015991,13.659000396728516
489,-6.573999881744385,-0.6679999828338623,6.928999900817871
492,0.9449999928474426,-0.367000013589859,10.154999732971191
495,1.371000051498413,5.111000061035156,-9.220999717712402
498,10.720999717712402,1.4819999933242798,6.252999782562256
501,-9.074000358581543,12.08899974822998,-3.0160000324249268
504,0.24699999392032623,5.0970001220703125,2.694999933242798
507,-0.22300000488758087,3.51200008392334,8.729999542236328
510,-7.46999979019165,2.5339999198913574,10.251999855041504
513,5.172999858856201,-1.7070000171661377,3.5299999713897705
516,1.7050000429153442,3.868000030517578,-11.5649995803833
519,-10.680000305175781,2.867000102996826,-13.083999633789063
522,0.6000000238418579,-0.22200000286102295,6.413000106811523
525,-2.614000082015991,7.409999847412109,-11.729000091552734
528,-0.27399998903274536,-2.8610000610351563,3.256999969482422
531,-7.064000129699707,11.881999969482422,1.6519999504089355
534,12.657999992370605,-5.1579999923706055,11.880999565124512
537,-10.569000244140625,-3.318000078201294,8.9399995803833
540,4.502999782562256,8.899999618530273,-1.1019999980926514
543,4.883999824523926,10.305000305175781,3.736999988555908
546,-10.034000396728516,-7.806000232696533,0.746999979019165
549,4.13100004196167,8.144000053405762,7.638000011444092
552,4.929999828338623,-0.8370000123977661,1.031000018119812
555,9.984000205993652,1.1059999465942383,-12.237000465393066
558,11.446000099182129,7.01800012588501,2.927000045776367
561,-7.625999927520752,-7.519000053405762,-0.7770000100135803
564,8.522000312805176,-0.5720000267028809,-0.9169999957084656
567,3.3580000400543213,1.0859999656677246,-5.609000205993652
570,-11.237000465393066,3.8919999599456787,7.370999813079834
573,-7.973999977111816,0.3540000021457672,3.6080000400543213
576,-6.7220001220703125,8.508000373840332,-1.9579999446868896
579,0.8109999895095825,12.166000366210938,-2.7799999713897705
582,-4.11899995803833,-5.26800012588501,3.0260000228881836
585,-2.4839999675750732,1.1030000448226929,1.565999984741211
588,1.781000018119812,5.293000221252441,8.899999618530273
591,9.777999877929688,8.012999534606934,-10.42300033569336
594,-8.5,6.9019999504089355,-8.074000358581543
597,-7.867000102996826,6.123000144958496,2.068000078201294
600,-1.7380000352859497,-1.9950000047683716,0.8019999861717224
603,-3.1659998893737793,-7.021999835968018,-12.083999633789063
606,3.6080000400543213,1.88100004196167,9.397000312805176
609,-4.150000095367432,5.546000003814697,-7.38700008392334
612,-4.679999828338623,8.782999992370605,1.187999963760376
615,11.920000076293945,0.753000020980835,-3.1500000953674316
618,5.5879998207092285,7.709000110626221,1.340999960899353
621,-11.456999778747559,-0.375,-12.776000022888184
624,10.086000442504883,-2.7060000896453857,4.315000057220459
627,-3.3369998931884766,4.730999946594238,-12.390999794006348
630,9.005999565124512,4.380000114440918,9.82699966430664
633,5.156000137329102,1.8559999465942383,0.8550000190734863
636,3.2119998931884766,8.744000434875488,5.26200008392334
639,11.654999732971191,-3.5320000648498535,-3.8910000324249268
642,3.510999917984009,3.3399999141693115,5.61299991607666
645,5.15500020980835,-7.611000061035156,11.753999710083008
648,-1.781999945640564,-0.9010000228881836,4.361999988555908
651,3.0,-6.551000118255615,-3.003999948501587
654,-7.111999988555908,8.303000450134277,14.444000244140625
657,4.386000156402588,3.994999885559082,3.0409998893737793
660,-4.863999843597412,2.246000051498413,1.562999963760376
663,10.26200008392334,12.045000076293945,-1.5199999809265137
666,-8.87399959564209,-6.013999938964844,-2.746000051498413
669,-10.9350004196167,-8.675000190734863,-1.7400000095367432
672,-2.25,1.9739999771118164,-8.378999710083008
675,-10.555999755859375,2.3399999141693115,1.5230000019073486
678,10.090999603271484,-3.4049999713897705,1.5190000534057617
681,-0.5849999785423279,0.7070000171661377,-1.8819999694824219
684,12.562999725341797,9.949000358581543,-10.940999984741211
687,11.8100004196167,4.0960001945495605,-5.315999984741211
690,-4.669000148773193,0.9610000252723694,-6.3460001945495605
693,12.373000144958496,-2.1089999675750732,0.06400000303983688
696,-6.336999893188477,10.083999633789063,-7.711999893188477
699,2.3499999046325684,10.164999961853027,-6.791999816894531
702,11.696000099182129,2.377000093460083,-1.059000015258789
705,-3.7209999561309814,-6.791999816894531,-4.136000156402588
708,-10.652999877929688,4.245999813079834,-2.5209999084472656
711,9.017999649047852,2.055999994277954,-1.1369999647140503
714,2.0850000381469727,-3.9630000591278076,-3.634000062942505
717,-5.216000080108643,-4.139999866485596,5.304999828338623
720,6.210999965667725,-2.7780001163482666,-7.2210001945495605
723,6.071000099182129,3.2109999656677246,-1.3969999551773071
726,1.6109999418258667,11.265999794006348,-9.519000053405762
729,3.186000108718872,1.4040000438690186,-8.420999526977539
732,6.002999782562256,6.020999908447266,3.6740000247955322
735,10.335000038146973,6.8480000495910645,-3.063999891281128
738,3.2850000858306885,0.44699999690055847,6.938000202178955
741,-6.197999954223633,1.7630000114440918,-4.052999973297119
744,2.9509999752044678,-9.251999855041504,-7.104000091552734
747,10.732000350952148,-4.0289998054504395,-8.621999740600586
750,0.49300000071525574,-2.0899999141693115,-4.7829999923706055
753,-10.133000373840332,-4.810999870300293,6.394999980926514
756,9.267999649047852,-2.197000026702881,-7.197999954223633
759,10.937999725341797,2.2769999504089355,-8.371999740600586
762,-11.220999717712402,7.324999809265137,-1.4950000047683716
765,-7.302999973297119,-7.199999809265137,4.085000038146973
768,6.301000118255615,6.418000221252441,-13.210000038146973
771,2.186000108718872,7.418000221252441,-11.17199993133545
774,-4.958000183105469,-4.526000022888184,9.17300033569336
777,-1.5379999876022339,0.4909999966621399,-6.1479997634887695
780,-3.822999954223633,5.192999839782715,2.872999906539917
783,-0.5509999990463257,-6.564000129699707,-11.184000015258789
786,-1.496999979019165,10.548999786376953,-2.825000047683716
789,-9.869999885559082,-8.005000114440918,-9.862000465393066
792,-4.880000114440918,4.007999897003174,9.62600040435791
795,-2.0429999828338623,6.443999767303467,11.192999839782715
798,7.921999931335449,-3.244999885559082,-10.013999938964844
801,-6.767000198364258,-9.00100040435791,-3.7939999103546143
804,-5.941999912261963,-3.3469998836517334,-0.421999990940094
807,-9.527000427246094,-1.0240000486373901,-3.631999969482422
810,-5.202000141143799,4.0920000076293945,-10.347000122070313
813,-0.22699999809265137,-6.688000202178955,13.196999549865723
816,10.706000328063965,-0.5630000233650208,-5.453000068664551
819,11.026000022888184,-7.34499979019165,7.296000003814697
822,0.5120000243186951,1.4450000524520874,-11.663000106811523
825,-6.6570000648498535,6.574999809265137,-10.116000175476074
828,0.5509999990463257,-2.4800000190734863,-7.932000160217285
831,5.888999938964844,-8.5,-3.062000036239624
834,0.7039999961853027,-4.188000202178955,6.89900016784668
837,6.322999954223633,-5.943999767303467,-2.2679998874664307
840,5.940999984741211,-3.6589999198913574,-3.753999948501587
843,-1.9819999933242798,-0.5080000162124634,13.390999794006348
846,3.1489999294281006,-8.833000183105469,1.5099999904632568
849,0.17399999499320984,-5.24399995803833,-0.5270000100135803
852,-3.2809998989105225,-7.116000175476074,-8.182999610900879
855,-0.6949999928474426,0.8920000195503235,8.458999633789063
858,6.423999786376953,8.331000328063965,9.142000198364258
861,-4.525000095367432,-1.7879999876022339,-2.441999912261963
864,9.862000465393066,6.50600004196167,-5.826000213623047
867,-10.91100025177002,10.11400032043457,-1.0470000505447388
870,2.819999933242798,-6.703000068664551,10.451000213623047
873,-2.9100000858306885,2.1679999828338623,-11.331000328063965
876,-5.9730000495910645,3.1630001068115234,12.762999534606934
879,-3.36299991607666,-6.52400016784668,-1.4079999923706055
882,12.265000343322754,1.850000023841858,11.642000198364258
885,4.150000095367432,5.341000080108643,7.3429999351501465
888,-5.841000080108643,-1.319000005722046,-11.508999824523926
891,11.925999641418457,8.57699966430664,11.496000289916992
894,-5.133999824523926,12.762999534606934,12.883000373840332
897,-9.670000076293945,-1.0230000019073486,-8.982000350952148
900,-1.5740000009536743,6.244999885559082,0.9300000071525574
903,6.061999797821045,10.694000244140625,10.449000358581543
906,-3.2170000076293945,2.138000011444092,-1.5520000457763672
909,-10.99899959564209,9.638999938964844,8.758000373840332
912,2.7039999961853027,-4.369999885559082,11.937999725341797
915,-4.823999881744385,10.229999542236328,9.029000282287598
918,10.821999549865723,3.4030001163482666,-10.942999839782715
921,-4.489999771118164,3.375,6.525000095367432
924,-4.335000038146973,-1.4850000143051147,5.260000228881836
927,0.47600001096725464,8.46500015258789,-3.3369998931884766
930,0.47200000286102295,2.0,-9.010000228881836
933,10.222000122070313,11.310999870300293,-11.395999908447266
936,1.625,-0.367000013589859,-2.8550000190734863
939,10.071000099182129,8.649999618530273,1.0889999866485596
942,4.26800012588501,-5.828000068664551,7.690000057220459
945,8.354000091552734,-8.755000114440918,7.624000072479248
948,3.7839999198913574,-9.121999740600586,13.425999641418457
951,4.1479997634887695,5.064000129699707,-1.7940000295639038
954,-5.539999961853027,1.409999966621399,-12.244000434875488
957,-6.446000099182129,9.567999839782715,3.3320000171661377
960,4.232999801635742,11.817999839782715,7.377999782562256
963,-0.9409999847412109,-6.386000156402588,9.008999824523926
966,-9.222000122070313,-2.1630001068115234,11.019000053405762
969,-3.25,-0.4300000071525574,-11.220999717712402
972,12.324000358581543,4.321000099182129,3.246999979019165
975,10.944000244140625,-5.98199987411499,1.7669999599456787
978,0.07800000160932541,-2.812000036239624,9.317000389099121
981,-0.6620000004768372,6.079999923706055,-3.2100000381469727
984,8.23900032043457,-2.5309998989105225,-4.552999973297119
987,11.38599967956543,10.149999618530273,6.585999965667725
990,4.136000156402588,8.977999687194824,-8.307999610900879
993,-10.00100040435791,11.217000007629395,-5.5329999923706055
996,-10.102999687194824,11.104999542236328,1.6269999742507935
999,1.5390000343322754,5.879000186920166,-1.4639999866485596
1002,9.39799976348877,8.288999557495117,12.314000129699707
1005,-9.045000076293945,1.784999966621399,5.908999919891357
1008,-5.954999923706055,6.564000129699707,3.997999906539917
1011,10.123000144958496,7.684000015258789,5.381999969482422
1014,-5.36899995803833,5.136000156402588,-2.7850000858306885
1017,-3.5350000858306885,4.401000022888184,12.055999755859375
1020,-8.696999549865723,4.11299991607666,4.501999855041504
1023,9.869000434875488,11.354999542236328,1.0670000314712524
1026,-0.33000001311302185,-8.342000007629395,-0.9580000042915344
1029,-3.319000005722046,10.50100040435791,4.328999996185303
1032,0.1899999976158142,3.249000072479248,-1.1729999780654907
1035,-2.7699999809265137,7.081999778747559,8.310999870300293
1038,-1.5160000324249268,12.5649995803833,1.2979999780654907
1041,-6.9629998207092285,-0.11999999731779099,11.246000289916992
1044,-5.304999828338623,7.919000148773193,-4.309000015258789
1047,-3.6730000972747803,3.132999897003174,-3.9690001010894775
1050,-2.2219998836517334,7.395999908447266,-7.589000225067139
1053,2.365999937057495,6.998000144958496,3.4000000953674316
1056,-1.99399995803833,5.61299991607666,4.748000144958496
1059,8.49899959564209,8.560999870300293,-2.2850000858306885
1062,0.4009999930858612,-7.322000026702881,-4.392000198364258
1065,-2.8239998817443848,6.7789998054504395,-1.8140000104904175
1068,-10.144000053405762,-9.029999732971191,-7.355000019073486
1071,0.03500000014901161,-4.708000183105469,11.298999786376953
1074,7.395999908447266,9.131999969482422,3.2950000762939453
1077,9.79800033569336,10.015000343322754,9.36299991607666
1080,8.779999732971191,4.90500020980835,-1.7879999876022339
1083,8.432000160217285,4.2769999504089355,-6.677999973297119
1086,-4.181000232696533,8.984000205993652,-13.043000221252441
1089,-5.02400016784668,11.20300006866455,-10.015999794006348
1092,-11.01099967956543,5.7789998054504395,10.449000358581543
1095,-6.556000232696533,-1.1150000095367432,-4.573999881744385
1098,11.57800006866455,-0.48100000619888306,2.318000078201294
1101,8.019000053405762,2.3519999980926514,-4.0320000648498535
1104,8.067999839782715,6.067999839782715,-8.987000465393066
1107,10.13599967956543,10.791999816894531,3.7820000648498535
1110,5.639999866485596,5.480999946594238,-5.308000087738037
1113,10.130000114440918,6.9730000495910645,9.187000274658203
1116,-10.038000106811523,12.041999816894531,9.571000099182129
1119,-6.122000217437744,7.38700008392334,-6.789000034332275
1122,-9.04699993133545,-1.194000005722046,13.416000366210938
1125,1.9529999494552612,6.693999767303467,-7.136000156402588
1128,3.3369998931884766,8.256999969482422,-4.951000213623047
1131,-6.840000152587891,-7.5970001220703125,13.986000061035156
1134,5.585000038146973,-0.007000000216066837,-8.347999572753906
1137,-1.281000018119812,10.102999687194824,-6.807000160217285
1140,0.8460000157356262,-7.546999931335449,-7.505000114440918
1143,4.538000106811523,2.6480000019073486,-3.859999895095825
1146,9.583000183105469,3.117000102996826,12.833000183105469
1149,-5.497000217437744,-0.9980000257492065,-8.420999526977539
1152,6.052000045776367,7.048999786376953,-2.068000078201294
1155,4.698999881744385,-5.209000110626221,-11.37399959564209
1158,-9.993000030517578,9.300999641418457,13.640000343322754
1161,2.2269999980926514,-6.947000026702881,-0.35199999809265137
1164,2.2829999923706055,-1.1970000267028809,2.687000036239624
1167,-10.232999801635742,-8.930000305175781,3.5999999046325684
1170,-2.203000068664551,-6.770999908447266,1.9889999628067017
1173,-0.24799999594688416,8.824999809265137,-11.77299976348877
1176,3.6489999294281006,11.326000213623047,11.694999694824219
1179,4.914999961853027,3.1459999084472656,-10.46500015258789
1182,7.125,9.71500015258789,-0.03500000014901161
1185,11.961999893188477,-2.378999948501587,-10.359999656677246
1188,-7.431000232696533,4.921000003814697,-12.647000312805176
1191,10.112000465393066,2.8959999084472656,3.8610000610351563
1194,5.993000030517578,-9.045000076293945,-12.282999992370605
1197,-10.35200023651123,10.12600040435791,4.507999897003174
1200,-8.29699993133545,-0.19099999964237213,-11.194000244140625
1203,-8.847000122070313,-2.431999921798706,4.7129998207092285
1206,8.53600025177002,-0.7020000219345093,12.112000465393066
1209,-2.8929998874664307,-6.958000183105469,12.16100025177002
1212,-2.5429999828338623,11.802000045776367,10.060999870300293
1215,0.25600001215934753,10.47599983215332,11.96399974822998
1218,-9.940999984741211,-7.122000217437744,-5.209000110626221
1221,5.040999889373779,9.993000030517578,-10.880000114440918
1224,-1.0219999551773071,-9.163999557495117,-10.218999862670898
1227,8.595000267028809,-0.8330000042915344,-11.100000381469727
1230,-7.882999897003174,3.61899995803833,-8.949000358581543
1233,0.2409999966621399,12.281000137329102,-7.159999847412109
1236,-7.077000141143799,10.364999771118164,-4.960000038146973
1239,-11.00100040435791,-3.0889999866485596,-6.468999862670898
1242,11.956999778747559,-5.156000137329102,-11.324999809265137
1245,-0.7009999752044678,12.230999946594238,7.585000038146973
1248,1.6749999523162842,8.779000282287598,9.22599983215332
1251,-2.7079999446868896,-3.010999917984009,-4.710000038146973
1254,5.395999908447266,-7.519999980926514,-5.804999828338623
1257,-9.821000099182129,-3.697000026702881,14.027000427246094
1260,3.3929998874664307,8.668999671936035,11.27400016784668
1263,3.5950000286102295,5.0960001945495605,11.36400032043457
1266,1.878999948501587,11.79800033569336,8.604000091552734
1269,7.033999919891357,-0.21899999678134918,-3.3380000591278076
1272,-10.342000007629395,3.634000062942505,-7.7129998207092285
1275,-2.3440001010894775,3.6440000534057617,-6.354000091552734
1278,7.290999889373779,8.692999839782715,-11.798999786376953
1281,12.293999671936035,5.834000110626221,-9.086999893188477
1284,-7.324999809265137,10.201000213623047,-10.836999893188477
1287,7.020999908447266,3.736999988555908,11.930999755859375
1290,-7.961999893188477,2.5269999504089355,-11.8149995803833
1293,-0.574999988079071,5.7729997634887695,-6.052000045776367
