0,9.159000396728516,-2.9570000171661377,6.605999946594238
3,11.100000381469727,-4.72599983215332,5.581999778747559
6,-9.847000122070313,-5.1020002365112305,5.13100004196167
9,-7.998000144958496,-6.210000038146973,6.895999908447266
12,-7.074999809265137,-3.8610000610351563,8.135000228881836
15,10.272000312805176,-4.410999774932861,8.62600040435791
18,9.925999641418457,10.602999687194824,5.204999923706055
21,10.494000434875488,-8.355999946594238,5.236000061035156
24,-10.746999740600586,-9.310999870300293,4.215000152587891
27,-8.8149995803833,-8.687000274658203,6.13100004196167
30,-7.4730000495910645,-9.234000205993652,8.486000061035156
33,9.62399959564209,12.777999877929688,7.514999866485596
36,-4.038000106811523,-4.250999927520752,6.794000148773193
39,-6.853000164031982,-4.572000026702881,3.921999931335449
42,-2.0480000972747803,-4.247000217437744,4.7729997634887695
45,0.41499999165534973,-5.09499979019165,5.7230000495910645
48,-0.1599999964237213,-4.38700008392334,8.392000198364258
51,-2.6419999599456787,-5.105000019073486,9.20199966430664
54,-4.816999912261963,-9.369000434875488,7.341000080108643
57,-5.363999843597412,-6.689000129699707,6.241000175476074
60,-5.2179999351501465,-6.63700008392334,3.453000068664551
63,0.8140000104904175,-8.083000183105469,6.315000057220459
66,-0.6499999761581421,-8.496000289916992,8.644000053405762
69,-3.2079999446868896,-8.017999649047852,9.208999633789063
72,2.632999897003174,-3.9189999103546143,6.894999980926514
75,1.8279999494552612,-5.140999794006348,3.4860000610351563
78,4.301000118255615,-4.660999774932861,2.2320001125335693
81,5.5329999923706055,-6.056000232696533,4.186999797821045
84,6.598999977111816,-3.9200000762939453,5.921000003814697
87,4.77400016784668,-4.796999931335449,8.187999725341797
90,3.4230000972747803,-9.001999855041504,6.591000080108643
93,1.4739999771118164,-7.894999980926514,3.638000011444092
96,3.434000015258789,-8.972999572753906,1.934999942779541
99,4.936999797821045,-8.730999946594238,4.245999813079834
102,6.936999797821045,-9.130999565124512,8.529000282287598
105,4.716000080108643,-7.614999771118164,8.53600025177002
108,8.85099983215332,-4.159999847412109,-2.252000093460083
111,10.14900016784668,-5.054999828338623,0.10300000011920929
114,10.041000366210938,-4.642000198364258,2.865999937057495
117,9.229000091552734,-8.394000053405762,-2.4600000381469727
120,10.579999923706055,-7.817999839782715,-0.03200000151991844
123,9.810999870300293,-8.305999755859375,2.6029999256134033
126,-10.850000381469727,-4.0920000076293945,-0.27000001072883606
129,-9.696999549865723,-5.02400016784668,-2.5439999103546143
132,-7.243000030517578,-3.7980000972747803,-2.7149999141693115
135,-6.085999965667725,-5.302999973297119,-0.8029999732971191
138,-7.480999946594238,-4.103000164031982,1.309000015258789
141,-9.925999641418457,-5.228000164031982,2.26200008392334
144,-10.236000061035156,-8.8149995803833,-0.0820000022649765
147,-9.675999641418457,-7.75,-2.6549999713897705
150,-7.021999835968018,-8.621999740600586,-3.0339999198913574
153,-5.888999938964844,-7.999000072479248,-0.6349999904632568
156,-6.704999923706055,-8.517999649047852,1.9950000047683716
159,-9.192999839782715,-7.769999980926514,2.3949999809265137
162,-3.7990000247955322,-4.0370001792907715,-0.18400000035762787
165,-2.000999927520752,-4.889999866485596,-2.3570001125335693
168,0.5230000019073486,-4.059000015258789,-3.0929999351501465
171,1.6970000267028809,-5.061999797821045,-0.8539999723434448
174,0.35199999809265137,-3.9089999198913574,1.2410000562667847
177,-2.2070000171661377,-4.521999835968018,2.0350000858306885
180,-3.296999931335449,-8.876999855041504,-0.4129999876022339
183,-2.072000026702881,-7.815000057220459,-2.634000062942505
186,0.34599998593330383,-8.876999855041504,-3.4700000286102295
189,1.1119999885559082,-8.206999778747559,-0.9660000205039978
192,-0.10300000011920929,-8.690999984741211,1.4520000219345093
195,-2.921999931335449,-7.14300012588501,1.7489999532699585
198,3.861999988555908,-4.361999988555908,-2.431999921798706
201,7.4120001792907715,-6.189000129699707,-1.350000023841858
204,5.440000057220459,-4.636000156402588,-0.27399998903274536
207,3.859999895095825,-8.876999855041504,-0.8140000104904175
210,5.383999824523926,-7.521999835968018,-2.816999912261963
213,8.446999549865723,-6.479000091552734,3.9730000495910645
216,9.708999633789063,-3.7980000972747803,-6.986000061035156
219,10.95300006866455,-4.946000099182129,-9.182999610900879
222,-10.027000427246094,-4.2769999504089355,-9.479999542236328
225,-9.312000274658203,-4.831999778747559,-6.922999858856201
228,-10.8149995803833,-3.7170000076293945,-4.697000026702881
231,10.298999786376953,-4.515999794006348,-4.460999965667725
234,9.26200008392334,-8.694999694824219,-7.410999774932861
237,11.175999641418457,-8.295000076293945,-9.366999626159668
240,-9.868000030517578,-8.769000053405762,-9.836999893188477
243,-9.08899974822998,-7.696000099182129,-7.14900016784668
246,-10.77299976348877,-8.623000144958496,-5.13100004196167
249,10.097999572753906,-7.401000022888184,-4.876999855041504
252,-6.743000030517578,-3.9040000438690186,-7.296000003814697
255,-4.716000080108643,-5.130000114440918,-9.394000053405762
258,-2.068000078201294,-4.188000202178955,-9.517999649047852
261,-1.4470000267028809,-4.868000030517578,-6.9079999923706055
264,-3.1080000400543213,-3.9790000915527344,-4.781000137329102
267,-5.723999977111816,-4.986000061035156,-4.822000026702881
270,-6.579999923706055,-8.378000259399414,-7.290999889373779
273,-4.75600004196167,-7.866000175476074,-9.289999961853027
276,-1.968000054359436,-8.741000175476074,-9.628000259399414
279,-1.0809999704360962,-7.7210001945495605,-7.355000019073486
282,-2.7290000915527344,-8.479000091552734,-5.373000144958496
285,-5.4070000648498535,-7.580999851226807,-4.980999946594238
288,1.3040000200271606,-3.9509999752044678,-7.631999969482422
291,2.940000057220459,-5.164000034332275,-9.465999603271484
294,5.921999931335449,-4.546000003814697,-9.27299976348877
297,6.849999904632568,-5.26200008392334,-6.859000205993652
300,4.7170000076293945,-4.215000152587891,-5.196000099182129
303,2.0490000247955322,-4.931000232696533,-5.14300012588501
306,1.6679999828338623,-8.711000442504883,-7.952000141143799
309,3.4600000381469727,-7.818999767303467,-10.005999565124512
312,6.14300012588501,-8.83899974822998,-9.786999702453613
315,6.728000164031982,-8.008000373840332,-7.234000205993652
318,4.806000232696533,-8.595000267028809,-5.289000034332275
321,2.0,-7.7129998207092285,-5.380000114440918
324,11.725000381469727,-3.6649999618530273,10.82800006866455
327,11.890999794006348,-5.013999938964844,13.321999549865723
330,10.270000457763672,-4.23199987411499,-11.730999946594238
333,10.779999732971191,-9.222000122070313,10.104000091552734
336,12.168999671936035,-8.034000396728516,13.536999702453613
339,10.39799976348877,-9.098999977111816,-11.734000205993652
342,-8.85200023651123,-4.248000144958496,13.265000343322754
345,-7.420000076293945,-4.994999885559082,10.746000289916992
348,-4.693999767303467,-4.2820000648498535,11.04800033569336
351,-3.5380001068115234,-4.841000080108643,13.812000274658203
354,-5.421000003814697,-3.803999900817871,-11.677000045776367
357,-7.96999979019165,-5.211999893188477,-11.307000160217285
360,-8.819999694824219,-8.616000175476074,12.753000259399414
363,-7.0229997634887695,-7.703000068664551,10.784000396728516
366,-4.61299991607666,-8.96399974822998,11.487000465393066
369,-3.5980000495910645,-7.761000156402588,13.689000129699707
372,-5.488999843597412,-8.762999534606934,-11.753999710083008
375,-8.079000473022461,-7.767000198364258,-11.631999969482422
378,-1.0049999952316284,-4.043000221252441,13.137999534606934
381,0.6940000057220459,-4.783999919891357,10.923999786376953
384,3.5989999771118164,-4.250999927520752,10.706999778747559
387,4.460999965667725,-4.815000057220459,13.227999687194824
390,2.3949999809265137,-4.129000186920166,-11.916000366210938
393,-0.33500000834465027,-5.000999927520752,-11.517000198364258
396,-1.1160000562667847,-8.647000312805176,12.968000411987305
399,0.6809999942779541,-7.941999912261963,11.10099983215332
402,3.365000009536743,-8.864999771118164,10.807999610900879
405,4.4039998054504395,-7.763999938964844,13.104000091552734
408,2.382999897003174,-8.61400032043457,-12.392999649047852
411,-0.15800000727176666,-7.789000034332275,-11.562000274658203
414,7.322000026702881,-4.488999843597412,13.256999969482422
417,9.010000228881836,-5.196000099182129,11.13599967956543
420,7.736000061035156,-5.297999858856201,-11.293999671936035
423,6.940999984741211,-8.899999618530273,12.95300006866455
426,8.303000450134277,-8.024999618530273,10.668999671936035
429,7.920000076293945,-8.11299991607666,-11.727999687194824
432,11.204999923706055,3.5510001182556152,4.5920000076293945
435,-10.531000137329102,2.436000108718872,6.418000221252441
438,-8.619000434875488,3.118000030517578,4.460999965667725
441,-6.616000175476074,2.369999885559082,6.679999828338623
444,-7.803999900817871,3.072000026702881,9.02400016784668
447,-10.440999984741211,2.5510001182556152,9.270000457763672
450,9.968999862670898,-0.6330000162124634,5.461999893188477
453,-10.833000183105469,-0.30300000309944153,6.629000186920166
456,-10.027000427246094,-2.3389999866485596,4.896999835968018
459,-6.493000030517578,-0.24899999797344208,6.992000102996826
462,-7.611999988555908,-1.3609999418258667,9.154000282287598
465,-10.256999969482422,-0.30399999022483826,9.36299991607666
468,-3.9649999141693115,3.236999988555908,6.331999778747559
471,-6.60099983215332,0.3479999899864197,3.0380001068115234
474,-1.5240000486373901,3.6519999504089355,3.687999963760376
477,1.3760000467300415,2.3550000190734863,6.275000095367432
480,-0.4020000100135803,3.1589999198913574,8.307999610900879
483,-3.1589999198913574,2.619999885559082,8.8149995803833
486,-4.109000205993652,-1.4910000562667847,6.791999816894531
489,-7.248000144958496,-1.7280000448226929,4.7210001945495605
492,-2.13100004196167,-1.4529999494552612,4.742000102996826
495,0.10499999672174454,-0.35100001096725464,6.085000038146973
498,-0.35499998927116394,-1.5240000486373901,8.52299976348877
501,-2.8389999866485596,-0.2759999930858612,9.098999977111816
504,4.017000198364258,2.9000000953674316,6.260000228881836
507,2.2360000610351563,1.940999984741211,3.680000066757202
510,5.361000061035156,3.11899995803833,2.743000030517578
513,9.161999702453613,1.9709999561309814,5.635000228881836
516,8.029000282287598,3.1489999294281006,9.017999649047852
519,5.190000057220459,2.555999994277954,9.031000137329102
522,2.7639999389648438,-1.2489999532699585,6.413000106811523
525,1.965000033378601,-0.7699999809265137,3.372999906539917
528,4.480999946594238,-1.902999997138977,2.433000087738037
531,6.702000141143799,-0.9539999961853027,3.7850000858306885
534,5.561999797821045,-1.3940000534057617,6.204999923706055
537,4.406000137329102,-0.05999999865889549,8.52400016784668
540,8.633999824523926,2.993000030517578,-1.6859999895095825
543,9.166999816894531,1.6749999523162842,0.8980000019073486
546,10.767999649047852,3.6989998817443848,1.8960000276565552
549,8.902999877929688,-1.409999966621399,-2.0889999866485596
552,9.925999641418457,-1.0479999780654907,0.5669999718666077
555,9.25100040435791,-2.049999952316284,3.1050000190734863
558,-10.390999794006348,3.680000066757202,0.9480000138282776
561,-10.017999649047852,2.63100004196167,-1.6030000448226929
564,-7.357999801635742,3.640000104904175,-2.4619998931884766
567,-6.343999862670898,2.3550000190734863,-0.008999999612569809
570,-6.578999996185303,3.1730000972747803,2.621000051498413
573,-9.232999801635742,1.309000015258789,2.4639999866485596
576,12.612000465393066,-1.1059999465942383,-0.40700000524520874
579,-9.564000129699707,-0.019999999552965164,-2.440000057220459
582,-7.132999897003174,-1.1480000019073486,-3.053999900817871
585,-6.025000095367432,-0.4180000126361847,-0.32100000977516174
588,-7.85699987411499,-1.2910000085830688,1.2450000047683716
591,-10.598999977111816,-1.0549999475479126,2.303999900817871
594,-3.874000072479248,3.4030001163482666,-0.007000000216066837
597,-1.7300000190734863,2.617000102996826,-1.6030000448226929
600,0.9340000152587891,3.5420000553131104,-2.361999988555908
603,2.2239999771118164,2.240000009536743,-0.32199999690055847
606,0.5270000100135803,2.9089999198913574,1.815999984741211
609,-3.7720000743865967,1.652999997138977,2.3269999027252197
612,-3.4839999675750732,-1.3680000305175781,-0.32600000500679016
615,-2.121999979019165,-0.5429999828338623,-2.630000114440918
618,0.5339999794960022,-1.1699999570846558,-2.9089999198913574
621,2.184999942779541,-0.4950000047683716,-0.8360000252723694
624,0.3630000054836273,-0.9919999837875366,1.0809999704360962
627,-2.190000057220459,-0.45500001311302185,2.065999984741211
630,4.40500020980835,3.9149999618530273,0.14000000059604645
633,5.880000114440918,2.759000062942505,-1.8739999532699585
636,7.644000053405762,1.6360000371932983,3.2960000038146973
639,4.052999973297119,-1.5759999752044678,-2.5490000247955322
642,6.921000003814697,0.4269999861717224,-0.593999981880188
645,5.375999927520752,-1.8009999990463257,-0.1940000057220459
648,9.312000274658203,3.494999885559082,-6.928999900817871
651,11.107000350952148,2.503999948501587,-8.793000221252441
654,-9.930000305175781,3.256999969482422,-9.045999526977539
657,-8.807000160217285,2.5339999198913574,-6.550000190734863
660,-10.739999771118164,3.4739999771118164,-4.86899995803833
663,10.085000038146973,2.7160000801086426,-4.140999794006348
666,9.569000244140625,-0.9359999895095825,-6.729000091552734
669,11.307000160217285,-0.6069999933242798,-8.843000411987305
672,-9.645000457763672,-1.371000051498413,-9.394000053405762
675,-9.118000030517578,-0.17800000309944153,-7.074999809265137
678,-10.666999816894531,-0.9359999895095825,-4.890999794006348
681,10.508000373840332,-0.17499999701976776,-3.934999942779541
684,-6.2170000076293945,3.5859999656677246,-6.868000030517578
687,-4.690000057220459,2.5260000228881836,-8.982000350952148
690,-2.1410000324249268,3.4839999675750732,-9.236000061035156
693,-1.0850000381469727,2.7230000495910645,-6.7210001945495605
696,-2.3420000076293945,3.375,-4.208000183105469
699,-5.493000030517578,2.6449999809265137,-4.440000057220459
702,-6.572000026702881,-1.0729999542236328,-7.176000118255615
705,-4.620999813079834,-0.19599999487400055,-8.732999801635742
708,-2.186000108718872,-1.1440000534057617,-9.583999633789063
711,-1.1009999513626099,-0.0729999989271164,-7.083000183105469
714,-2.799999952316284,-1.1959999799728394,-5.164000034332275
717,-5.427000045776367,-0.13300000131130219,-4.941999912261963
720,1.6929999589920044,3.296999931335449,-7.176000118255615
723,3.2960000038146973,2.117000102996826,-9.272000312805176
726,5.935999870300293,3.2720000743865967,-9.164999961853027
729,6.761000156402588,2.5910000801086426,-6.572000026702881
732,4.809999942779541,3.453000068664551,-4.698999881744385
735,2.2909998893737793,2.4779999256134033,-4.573999881744385
738,1.2979999780654907,-1.0779999494552612,-7.557000160217285
741,3.424999952316284,-0.6119999885559082,-9.024999618530273
744,5.910999774932861,-1.6150000095367432,-9.060999870300293
747,6.9770002365112305,-0.28700000047683716,-6.39900016784668
750,4.854000091552734,-1.4579999446868896,-5.078000068664551
753,2.364000082015991,-0.3059999942779541,-5.1579999923706055
756,11.390999794006348,3.446000099182129,11.423999786376953
759,12.151000022888184,2.556999921798706,13.895000457763672
762,10.345000267028809,3.2320001125335693,-11.404999732971191
765,11.531999588012695,-0.8870000243186951,11.310999870300293
768,12.463000297546387,-0.289000004529953,13.914999961853027
771,10.168000221252441,-1.5729999542236328,-11.378999710083008
774,-8.861000061035156,3.1429998874664307,13.590999603271484
777,-7.138000011444092,2.2850000858306885,11.73799991607666
780,-4.565999984741211,2.86899995803833,11.07800006866455
783,-3.7230000495910645,2.7309999465942383,13.604000091552734
786,-5.480000019073486,3.374000072479248,-11.508999824523926
789,-8.015000343322754,2.434000015258789,-11.03600025177002
792,-8.592000007629395,-1.3389999866485596,13.401000022888184
795,-6.927000045776367,-0.44699999690055847,11.487000465393066
798,-4.203999996185303,-1.1859999895095825,11.244000434875488
801,-3.2709999084472656,-0.07999999821186066,13.652000427246094
804,-4.959000110626221,-1.0509999990463257,-11.51200008392334
807,-7.800000190734863,-0.2770000100135803,-11.281999588012695
810,-1.059000015258789,3.4019999504089355,13.27299976348877
813,0.5450000166893005,2.447999954223633,11.01200008392334
816,3.0739998817443848,3.131999969482422,10.76099967956543
819,3.9149999618530273,2.5829999446868896,13.498000144958496
822,2.2070000171661377,3.005000114440918,-11.668000221252441
825,-0.43299999833106995,2.374000072479248,-11.343000411987305
828,-0.8080000281333923,-1.1130000352859497,13.07699966430664
831,0.43700000643730164,-0.36800000071525574,10.769000053405762
834,3.1600000858306885,-1.2480000257492065,10.729999542236328
837,4.033999919891357,-0.421999990940094,13.265999794006348
840,2.5220000743865967,-1.2669999599456787,-11.71399974822998
843,-0.42500001192092896,-0.3230000138282776,-11.557000160217285
846,6.754000186920166,3.0869998931884766,13.211000442504883
849,8.765999794006348,2.4100000858306885,11.531999588012695
852,7.499000072479248,2.1689999103546143,-11.055000305175781
855,6.479000091552734,-1.7359999418258667,13.633999824523926
858,9.017999649047852,-0.32899999618530273,12.170000076293945
861,7.440999984741211,-0.621999979019165,-11.095000267028809
864,10.253999710083008,9.088000297546387,7.77400016784668
867,11.151000022888184,8.41100025177002,4.03000020980835
870,-11.015999794006348,10.531000137329102,2.9779999256134033
873,-7.714000225067139,9.854000091552734,6.938000202178955
876,-8.503000259399414,10.829999923706055,9.663000106811523
879,-10.73900032043457,9.53600025177002,10.894000053405762
882,9.600000381469727,6.579999923706055,7.139999866485596
885,11.73900032043457,6.038000106811523,5.307000160217285
888,-9.10099983215332,5.706999778747559,5.057000160217285
891,-8.96399974822998,7.3470001220703125,7.394000053405762
894,-7.13100004196167,5.828999996185303,8.70199966430664
897,12.439000129699707,7.651000022888184,8.890999794006348
900,-4.639999866485596,10.1850004196167,6.669000148773193
903,-5.275000095367432,9.741999626159668,4.09499979019165
906,1.2389999628067017,9.907999992370605,3.7850000858306885
909,1.1200000047683716,9.770000457763672,6.468999862670898
912,-0.746999979019165,10.54800033569336,8.392999649047852
915,-3.2880001068115234,9.970000267028809,9.196999549865723
918,-4.776000022888184,6.0370001792907715,7.120999813079834
921,-4.770999908447266,7.104000091552734,4.568999767303467
924,0.9120000004768372,5.446000099182129,4.205999851226807
927,1.4529999494552612,6.900000095367432,6.598999977111816
930,-0.4099999964237213,5.984000205993652,8.414999961853027
933,-3.249000072479248,7.066999912261963,8.897000312805176
936,3.5799999237060547,10.706000328063965,6.934000015258789
939,4.361999988555908,9.73900032043457,4.410999774932861
942,6.486000061035156,11.39799976348877,4.6529998779296875
945,7.4120001792907715,9.678999900817871,6.64300012588501
948,6.664999961853027,10.663999557495117,9.243000030517578
951,4.418000221252441,9.437000274658203,9.347999572753906
954,3.7019999027252197,5.618000030517578,6.743000030517578
957,2.6640000343322754,7.590000152587891,3.6089999675750732
960,5.289000034332275,5.3420000076293945,4.379000186920166
963,6.809000015258789,6.991000175476074,6.053999900817871
966,7.816999912261963,5.991000175476074,9.135000228881836
969,5.01200008392334,6.486000061035156,9.076000213623047
972,8.531999588012695,11.159000396728516,-2.3389999866485596
975,9.833000183105469,10.380999565124512,0.05299999937415123
978,8.77400016784668,11.493000030517578,2.8259999752044678
981,8.746000289916992,5.919000148773193,-2.1730000972747803
984,8.942999839782715,7.7179999351501465,0.19099999964237213
987,11.109999656677246,6.499000072479248,1.8270000219345093
990,-11.022000312805176,10.78499984741211,-0.13300000131130219
993,-9.513999938964844,9.888999938964844,-2.3399999141693115
996,-7.122000217437744,10.960000038146973,-2.7079999446868896
999,-6.343999862670898,10.145999908447266,0.20200000703334808
1002,-6.933000087738037,11.293000221252441,2.7669999599456787
1005,-8.66100025177002,9.536999702453613,4.310999870300293
1008,-10.048999786376953,6.513999938964844,0.6269999742507935
1011,-9.489999771118164,7.111999988555908,-2.2219998836517334
1014,-6.861999988555908,6.550000190734863,-2.0940001010894775
1017,-6.4670000076293945,7.458000183105469,0.5440000295639038
1020,-4.1539998054504395,4.447999954223633,3.7769999504089355
1023,-8.461000442504883,7.184000015258789,2.747999906539917
1026,-3.7269999980926514,10.774999618530273,-0.5519999861717224
1029,-2.2239999771118164,9.800000190734863,-2.683000087738037
1032,0.3930000066757202,10.583000183105469,-3.246999979019165
1035,1.0570000410079956,10.01099967956543,-0.5550000071525574
1038,-0.26899999380111694,10.789999961853027,1.6660000085830688
1041,-2.7290000915527344,9.638999938964844,1.8179999589920044
1044,-3.940999984741211,6.171999931335449,-0.05000000074505806
1047,-2.121000051498413,7.107999801635742,-2.0380001068115234
1050,0.5040000081062317,6.60099983215332,-2.697999954223633
1053,1.409000039100647,7.006999969482422,-0.12200000137090683
1056,-0.367000013589859,5.738999843597412,1.7790000438690186
1059,-2.924999952316284,7.031000137329102,2.4760000705718994
1062,3.7330000400543213,10.682000160217285,-0.5419999957084656
1065,5.835999965667725,10.015000343322754,-2.180000066757202
1068,3.13700008392334,10.803999900817871,2.124000072479248
1071,4.228000164031982,6.830999851226807,-0.5659999847412109
1074,6.23199987411499,7.250999927520752,-2.318000078201294
1077,4.947000026702881,7.00600004196167,2.2990000247955322
1080,9.456000328063965,11.036999702453613,-6.677999973297119
1083,10.968000411987305,10.121000289916992,-9.019000053405762
1086,-10.012999534606934,11.045000076293945,-9.406000137329102
1089,-9.071000099182129,10.20199966430664,-6.933000087738037
1092,-10.815999984741211,10.904999732971191,-4.627999782562256
1095,10.190999984741211,9.934000015258789,-4.2829999923706055
1098,9.470000267028809,6.2789998054504395,-7.119999885559082
1101,11.255000114440918,7.196000099182129,-9.168999671936035
1104,-9.781999588012695,5.97599983215332,-9.392000198364258
1107,-9.027999877929688,7.459000110626221,-7.0320000648498535
1110,-10.218000411987305,6.190999984741211,-4.764999866485596
1113,10.520999908447266,6.736000061035156,-4.24399995803833
1116,-6.559999942779541,11.204000473022461,-6.959000110626221
1119,-4.734000205993652,10.142000198364258,-8.72700023651123
1122,-2.1080000400543213,10.755000114440918,-9.664999961853027
1125,-1.274999976158142,9.885000228881836,-7.089000225067139
1128,-3.0810000896453857,10.82800006866455,-5.329999923706055
1131,-5.552999973297119,10.038999557495117,-4.663000106811523
1134,-6.360000133514404,6.517000198364258,-6.800000190734863
1137,-4.605999946594238,7.308000087738037,-8.871000289916992
1140,-2.2750000953674316,6.132999897003174,-9.567000389099121
1143,-1.2489999532699585,6.697999954223633,-6.966000080108643
1146,-2.7009999752044678,6.0929999351501465,-4.546000003814697
1149,-5.248000144958496,7.296000003814697,-4.24399995803833
1152,1.6039999723434448,10.951000213623047,-7.230000019073486
1155,3.0260000228881836,9.805000305175781,-9.409000396728516
1158,5.763000011444092,10.939000129699707,-9.281999588012695
1161,6.7820000648498535,9.958999633789063,-6.692999839782715
1164,5.183000087738037,11.079000473022461,-4.683000087738037
1167,2.5399999618530273,10.104000091552734,-4.830999851226807
1170,1.7879999876022339,5.994999885559082,-7.039999961853027
1173,3.2139999866485596,6.935999870300293,-9.371999740600586
1176,6.026000022888184,5.989999771118164,-9.315999984741211
1179,6.815999984741211,6.998000144958496,-6.679999828338623
1182,4.9629998207092285,6.2729997634887695,-4.869999885559082
1185,2.3359999656677246,7.23199987411499,-4.709000110626221
1188,10.399999618530273,10.3149995803833,10.152999877929688
1191,12.097000122070313,9.53600025177002,13.548999786376953
1194,10.343999862670898,10.574000358581543,-11.659000396728516
1197,10.961000442504883,6.079999923706055,11.324000358581543
1200,12.230999946594238,6.828000068664551,13.562000274658203
1203,10.491999626159668,6.078999996185303,-11.717000007629395
1206,-8.940999984741211,10.57800006866455,13.522000312805176
1209,-7.2179999351501465,9.5,11.581999778747559
1212,-4.563000202178955,10.652999877929688,11.4350004196167
1215,-3.757999897003174,9.758999824523926,13.987000465393066
1218,-5.546000003814697,10.76099967956543,-11.279999732971191
1221,-8.217000007629395,9.791999816894531,-11.192999839782715
1224,-8.751999855041504,5.849999904632568,13.253000259399414
1227,-6.953999996185303,6.822000026702881,11.277000427246094
1230,-4.276000022888184,5.6570000648498535,11.265000343322754
1233,-3.510999917984009,6.741000175476074,13.788999557495117
1236,-5.395999908447266,6.169000148773193,-11.51099967956543
1239,-8.020000457763672,7.047999858856201,-11.463000297546387
1242,-1.0290000438690186,10.989999771118164,13.29699993133545
1245,0.3709999918937683,10.026000022888184,11.038999557495117
1248,3.1419999599456787,10.782999992370605,11.383999824523926
1251,4.041999816894531,9.562000274658203,13.640000343322754
1254,2.2090001106262207,10.862000465393066,-11.944999694824219
1257,-0.4090000092983246,9.958000183105469,-11.569999694824219
1260,-0.902999997138977,6.298999786376953,13.253999710083008
1263,0.49900001287460327,7.059000015258789,10.76200008392334
1266,3.0989999771118164,5.809999942779541,11.076000213623047
1269,3.687000036239624,6.741000175476074,13.663999557495117
1272,1.9040000438690186,5.8460001945495605,-11.482000350952148
1275,-0.5839999914169312,7.191999912261963,-11.369999885559082
1278,6.510000228881836,10.545999526977539,13.440999984741211
1281,7.921999931335449,9.539999961853027,11.423999786376953
1284,7.663000106811523,9.894000053405762,-11.234999656677246
1287,6.3470001220703125,5.934999942779541,13.644000053405762
1290,8.038000106811523,6.8470001220703125,11.642000198364258
1293,7.86899995803833,7.25,-11.118000030517578
