0,1.6410000324249268,-7.526000022888184,6.940999984741211
3,-9.85099983215332,12.494000434875488,9.89900016784668
6,7.76200008392334,-5.366000175476074,9.140999794006348
9,12.23900032043457,-8.10200023651123,8.032999992370605
12,11.640999794006348,-5.301000118255615,7.841000080108643
15,5.926000118255615,-2.621000051498413,7.767000198364258
18,9.057000160217285,10.829999923706055,7.375999927520752
21,9.418999671936035,11.89900016784668,9.95300006866455
24,-10.361000061035156,12.241999626159668,6.191999912261963
27,9.501999855041504,-7.613999843597412,8.569999694824219
30,-7.736999988555908,12.255000114440918,8.102999687194824
33,4.085999965667725,9.960000038146973,7.164999961853027
36,-9.22599983215332,-4.427999973297119,6.736999988555908
39,11.522000312805176,-5.6519999504089355,5.033999919891357
42,-3.010999917984009,-7.789000034332275,0.7170000076293945
45,-5.290999889373779,-7.330999851226807,6.230999946594238
48,-6.127999782562256,-5.771999835968018,9.295999526977539
51,-8.100000381469727,-7.418000221252441,8.336999893188477
54,12.506999969482422,-2.061000108718872,7.293000221252441
57,-5.6020002365112305,11.970000267028809,4.558000087738037
60,-3.9839999675750732,12.390000343322754,6.853000164031982
63,6.7230000495910645,9.27299976348877,7.519000053405762
66,-1.184999942779541,9.62600040435791,8.73900032043457
69,-5.605999946594238,12.206000328063965,9.819999694824219
72,-1.0169999599456787,-7.88100004196167,5.790999889373779
75,0.03400000184774399,11.595000267028809,5.923999786376953
78,-0.3529999852180481,-8.420999526977539,3.2230000495910645
81,7.818999767303467,-6.261000156402588,4.125
84,1.027999997138977,-5.934000015258789,9.241999626159668
87,-2.871999979019165,-9.352999687194824,9.91100025177002
90,1.7949999570846558,11.866000175476074,10.468999862670898
93,-2.5769999027252197,10.095999717712402,5.751999855041504
96,2.260999917984009,-8.029999732971191,2.688999891281128
99,3.4839999675750732,-8.25100040435791,5.228000164031982
102,5.289000034332275,11.934000015258789,13.20300006866455
105,3.6440000534057617,-8.173999786376953,12.894000053405762
108,5.459000110626221,-6.440000057220459,-2.802000045776367
111,9.076000213623047,-5.500999927520752,0.25200000405311584
114,0.0010000000474974513,12.352999687194824,8.517999649047852
117,7.085000038146973,11.663000106811523,-0.020999999716877937
120,5.9679999351501465,-8.020000457763672,-0.414000004529953
123,9.638999938964844,12.258999824523926,2.7709999084472656
126,6.723999977111816,-4.873000144958496,-1.1160000562667847
129,-10.319999694824219,-7.751999855041504,-1.4850000143051147
132,-8.592000007629395,-5.605000019073486,-0.3880000114440918
135,-7.861000061035156,-5.821000099182129,2.2739999294281006
138,-9.402999877929688,-6.260000228881836,4.564000129699707
141,9.590999603271484,-7.436999797821045,5.802000045776367
144,10.60200023651123,12.484000205993652,5.283999919891357
147,9.585000038146973,12.267999649047852,-1.0870000123977661
150,-8.491000175476074,12.59000015258789,-1.3020000457763672
153,-8.223999977111816,-8.517000198364258,2.61899995803833
156,-8.177000045776367,-8.87399959564209,5.375999927520752
159,8.185999870300293,-7.9629998207092285,1.496999979019165
162,-5.739999771118164,-4.561999797821045,1.3550000190734863
165,-4.120999813079834,-4.622000217437744,-1.0260000228881836
168,-1.6150000095367432,-5.14900016784668,-1.7719999551773071
171,-2.1480000019073486,-5.204999923706055,1.4240000247955322
174,-6.671000003814697,1.4279999732971191,4.684999942779541
177,-5.5,-5.965000152587891,3.88700008392334
180,-6.26200008392334,12.694000244140625,0.9229999780654907
183,-5.730000019073486,-9.027999877929688,-2.0420000553131104
186,-3.0859999656677246,-8.940999984741211,-3.244999885559082
189,2.5190000534057617,10.081000328063965,2.572999954223633
192,-1.6410000324249268,-9.451000213623047,-0.9160000085830688
195,-4.389999866485596,-8.79800033569336,2.8910000324249268
198,0.8679999709129333,-5.008999824523926,-0.3009999990463257
201,2.440000057220459,-7.925000190734863,-1.6360000371932983
204,3.7699999809265137,-6.803999900817871,0.6510000228881836
207,-0.30300000309944153,9.678999900817871,-1.9930000305175781
210,0.9449999928474426,12.9350004196167,0.2240000069141388
213,2.5810000896453857,-2.986999988555908,5.370999813079834
216,5.984000205993652,-5.2829999923706055,-5.978000164031982
219,7.359000205993652,-6.89300012588501,-8.043999671936035
222,9.817000389099121,-6.232999801635742,-8.753999710083008
225,10.788000106811523,-7.504000186920166,-6.520999908447266
228,9.98799991607666,-6.002999782562256,-3.2869999408721924
231,10.338000297546387,-7.427000045776367,-1.062999963760376
234,5.994999885559082,11.593000411987305,-6.185999870300293
237,8.034000396728516,-9.414999961853027,-7.730000019073486
240,10.164999961853027,11.770999908447266,-8.48900032043457
243,10.057000160217285,12.29800033569336,-5.517000198364258
246,8.690999984741211,-8.85200023651123,-3.572000026702881
249,5.959000110626221,-8.871999740600586,-4.334000110626221
252,-10.178999900817871,-3.8489999771118164,-7.03000020980835
255,-9.043000221252441,-4.997000217437744,-9.836999893188477
258,-6.59499979019165,-3.624000072479248,-10.083999633789063
261,-5.889999866485596,-4.822999954223633,-4.526000022888184
264,-6.228000164031982,-5.951000213623047,-2.186000108718872
267,-8.484999656677246,-5.198999881744385,-5.002999782562256
270,-10.196000099182129,-8.3149995803833,-6.861000061035156
273,-8.741999626159668,-7.565000057220459,-8.996999740600586
276,-5.915999889373779,-8.906000137329102,-9.28499984741211
279,-5.360000133514404,-7.880000114440918,-6.658999919891357
282,-6.741000175476074,-9.253000259399414,-4.610000133514404
285,-8.909000396728516,-7.769000053405762,-4.204999923706055
288,-4.433000087738037,-2.86899995803833,-5.827000141143799
291,-0.5580000281333923,-5.739999771118164,-10.524999618530273
294,2.5169999599456787,-7.043000221252441,-7.882999897003174
297,3.632999897003174,-6.150000095367432,-5.440999984741211
300,1.8509999513626099,-6.02400016784668,-3.611999988555908
303,-0.8550000190734863,-6.656000137329102,-4.081999778747559
306,-2.565999984741211,-7.885000228881836,-9.467000007629395
309,-0.3059999942779541,-8.489999771118164,-10.793000221252441
312,1.3259999752044678,11.656000137329102,-9.213000297546387
315,2.5829999446868896,-9.571000099182129,-7.068999767303467
318,3.23799991607666,-9.553000450134277,-3.984999895095825
321,-3.8329999446868896,-6.479000091552734,-4.701000213623047
324,5.689000129699707,-6.59499979019165,11.194000244140625
327,7.875999927520752,-6.197000026702881,-12.460000038146973
330,6.541999816894531,-5.183000087738037,-10.121000289916992
333,8.003000259399414,12.371999740600586,12.206000328063965
336,8.92199993133545,-9.463000297546387,-12.491999626159668
339,7.111000061035156,12.517999649047852,-10.364999771118164
342,9.08899974822998,-7.020999908447266,12.3100004196167
345,-8.741000175476074,-4.236000061035156,9.803000450134277
348,-7.250999927520752,-4.355999946594238,12.855999946594238
351,-7.7230000495910645,-6.616000175476074,-12.17300033569336
354,-10.51099967956543,-6.0269999504089355,-12.413999557495117
357,10.628999710083008,-7.118000030517578,-11.081999778747559
360,11.559000015258789,11.859000205993652,-12.965999603271484
363,12.210000038146973,-7.288000106811523,12.317999839782715
366,-7.894999980926514,11.805999755859375,11.774999618530273
369,-7.36899995803833,-9.166999816894531,-13.064000129699707
372,-8.817000389099121,12.595000267028809,-10.743000030517578
375,12.241000175476074,12.71500015258789,-10.258000373840332
378,-3.9600000381469727,-4.686999797821045,13.722000122070313
381,-5.364999771118164,-6.4730000495910645,12.168999671936035
384,0.9490000009536743,-6.3520002365112305,-12.817000389099121
387,-0.9909999966621399,-6.636000156402588,12.229999542236328
390,-3.186000108718872,-4.9670000076293945,-10.557000160217285
393,-5.408999919891357,-2.7149999141693115,-12.571000099182129
396,-4.776000022888184,-8.810999870300293,13.54699993133545
399,-2.131999969482422,-9.244999885559082,12.567999839782715
402,-0.37599998712539673,11.04699993133545,12.815999984741211
405,1.0570000410079956,-9.159000396728516,-13.076000213623047
408,-3.88700008392334,-9.515999794006348,-11.206000328063965
411,-5.73799991607666,-6.103000164031982,-10.487000465393066
414,3.177999973297119,-4.881999969482422,-12.315999984741211
417,3.7899999618530273,-3.3889999389648438,9.527000427246094
420,3.993000030517578,-6.401000022888184,-10.17199993133545
423,3.4049999713897705,11.697999954223633,-11.913000106811523
426,1.2339999675750732,-7.872000217437744,11.302000045776367
429,4.593999862670898,-9.175999641418457,-9.442000389099121
432,4.060999870300293,2.5980000495910645,4.964000225067139
435,4.742000102996826,1.5679999589920044,7.441999912261963
438,12.35200023651123,-0.9810000061988831,3.0260000228881836
441,-7.357999801635742,1.3040000200271606,10.755000114440918
444,10.58899974822998,-0.10400000214576721,8.11400032043457
447,10.859999656677246,2.515000104904175,6.886000156402588
450,4.353000164031982,-0.7379999756813049,5.736000061035156
453,8.42199993133545,-3.7039999961853027,5.052999973297119
456,10.961999893188477,-2.9649999141693115,3.9579999446868896
459,-9.559000015258789,0.12999999523162842,6.184000015258789
462,8.22599983215332,-1.5789999961853027,8.682999610900879
465,3.9030001163482666,-0.7730000019073486,10.196000099182129
468,-10.428000450134277,2.818000078201294,2.63700008392334
471,10.86400032043457,1.3890000581741333,3.124000072479248
474,-6.3480000495910645,1.715000033378601,0.5989999771118164
477,-4.184000015258789,2.638000011444092,4.551000118255615
480,-4.235000133514404,-0.7419999837875366,10.526000022888184
483,-6.366000175476074,3.572999954223633,9.366000175476074
486,-4.048999786376953,-4.5980000495910645,7.859000205993652
489,9.864999771118164,-3.444999933242798,7.322999954223633
492,-7.111000061035156,-3.8580000400543213,4.965000152587891
495,-0.6330000162124634,-2.430000066757202,7.800000190734863
498,-7.197999954223633,-2.1570000648498535,9.616999626159668
501,-8.729999542236328,-1.9520000219345093,12.994999885559082
504,-0.37299999594688416,5.486000061035156,8.180000305175781
507,-3.368000030517578,0.9409999847412109,8.609000205993652
510,-1.4190000295639038,3.618000030517578,4.770999908447266
513,0.7289999723434448,3.0429999828338623,8.46500015258789
516,3.0280001163482666,2.1050000190734863,9.579999923706055
519,1.6169999837875366,-0.5529999732971191,13.333999633789063
522,-2.931999921798706,-3.065000057220459,9.956999778747559
525,-7.178999900817871,-0.753000020980835,7.214000225067139
528,-4.355000019073486,-1.7940000295639038,-0.671999990940094
531,-1.9079999923706055,-5.820000171661377,4.3429999351501465
534,-4.3480000495910645,-1.6180000305175781,2.8429999351501465
537,1.6740000247955322,-3.7660000324249268,7.756999969482422
540,4.0960001945495605,1.0800000429153442,-3.746000051498413
543,2.614000082015991,3.9590001106262207,0.10400000214576721
546,7.380000114440918,-1.25600004196167,1.3220000267028809
549,0.8690000176429749,-1.8480000495910645,-0.5929999947547913
552,7.263000011444092,-0.7549999952316284,-2.6519999504089355
555,1.656999945640564,-3.0230000019073486,2.365999937057495
558,9.315999984741211,0.9229999780654907,0.8330000042915344
561,9.901000022888184,0.5699999928474426,-1.812999963760376
564,-11.116000175476074,0.8119999766349792,-1.9149999618530273
567,-9.543999671936035,1.9570000171661377,0.07199999690055847
570,5.677000045776367,-0.29499998688697815,3.3289999961853027
573,4.715000152587891,-2.0999999046325684,1.003999948501587
576,9.739999771118164,-2.953000068664551,1.3350000381469727
579,11.147000312805176,-1.5789999961853027,-0.6800000071525574
582,-10.27299976348877,-3.249000072479248,-0.7210000157356262
585,-9.638999938964844,-0.8270000219345093,0.6970000267028809
588,-6.51800012588501,-0.19699999690055847,2.48799991607666
591,4.879000186920166,-5.665999889373779,4.418000221252441
594,-8.093000411987305,3.569000005722046,-2.9679999351501465
597,-7.466000080108643,4.046999931335449,-0.4020000100135803
600,-2.0929999351501465,1.49399995803833,-2.609999895095825
603,-1.7109999656677246,0.039000000804662704,2.6040000915527344
606,-3.559999942779541,1.6510000228881836,0.00800000037997961
609,-9.182999610900879,5.74399995803833,4.690999984741211
612,-8.67300033569336,-1.3589999675750732,3.8959999084472656
615,-7.065000057220459,-0.8489999771118164,-0.6079999804496765
618,-1.975000023841858,-0.640999972820282,-0.9649999737739563
621,-1.527999997138977,-2.4509999752044678,1.5019999742507935
624,-2.380000114440918,-0.8320000171661377,6.545000076293945
627,-4.109000205993652,-3.055000066757202,5.375999927520752
630,3.056999921798706,2.6540000438690186,2.5280001163482666
633,1.5889999866485596,1.5750000476837158,-0.04899999871850014
636,1.8200000524520874,2.063999891281128,6.185999870300293
639,3.861999988555908,-2.0460000038146973,-4.139999866485596
642,3.117000102996826,-0.07800000160932541,2.052000045776367
645,3.99399995803833,-4.381999969482422,2.1559998989105225
648,6.322999954223633,2.937999963760376,-4.541999816894531
651,7.7870001792907715,0.6200000047683716,-8.038000106811523
654,10.532999992370605,0.5910000205039978,-8.458000183105469
657,11.79699993133545,-1.6150000095367432,-7.328000068664551
660,8.397000312805176,0.027000000700354576,-5.10099983215332
663,5.638999938964844,0.8180000185966492,-6.420000076293945
666,4.741000175476074,-1.6059999465942383,-6.750999927520752
669,6.966000080108643,-2.927999973297119,-7.559999942779541
672,9.107000350952148,-3.118000030517578,-9.36400032043457
675,9.97599983215332,-2.375999927520752,-5.0980000495910645
678,8.62399959564209,-3.384999990463257,-2.678999900817871
681,5.406000137329102,-2.322999954223633,-1.687000036239624
684,-9.508000373840332,2.578000068664551,-5.565000057220459
687,-8.633000373840332,2.681999921798706,-8.319000244140625
690,-6.050000190734863,3.635999917984009,-8.741999626159668
693,-4.9629998207092285,1.3639999628067017,-7.267000198364258
696,-4.743000030517578,1.8569999933242798,-3.555999994277954
699,-9.319999694824219,0.3059999942779541,-3.86899995803833
702,11.543000221252441,-5.068999767303467,-5.623000144958496
705,-9.42300033569336,-0.023000000044703484,-8.019000053405762
708,-7.361000061035156,-1.8630000352859497,-8.156999588012695
711,-6.254000186920166,-0.6859999895095825,-5.946000099182129
714,-6.745999813079834,0.05900000035762787,-3.306999921798706
717,-9.310999870300293,-2.9769999980926514,-3.5840001106262207
720,-2.8980000019073486,2.828000068664551,-6.236999988555908
723,-0.22699999809265137,2.0350000858306885,-6.552000045776367
726,2.0190000534057617,3.8440001010894775,-7.203000068664551
729,2.9140000343322754,1.069000005722046,-7.4120001792907715
732,1.621999979019165,0.23499999940395355,-2.5490000247955322
735,-0.335999995470047,0.46399998664855957,-4.453999996185303
738,-1.878000020980835,-1.8049999475479126,-5.323999881744385
741,-1.1269999742507935,-1.402999997138977,-7.888999938964844
744,0.20800000429153442,-3.691999912261963,-8.928999900817871
747,2.049999952316284,-1.565000057220459,-7.894000053405762
750,1.531000018119812,-3.3480000495910645,-4.2170000076293945
753,-1.0119999647140503,-2.9709999561309814,-3.194000005722046
756,6.216000080108643,0.6800000071525574,9.892000198364258
759,7.909999847412109,1.5809999704360962,14.11299991607666
762,6.882999897003174,1.1449999809265137,-10.437999725341797
765,8.97700023651123,-4.5370001792907715,11.29800033569336
768,7.283999919891357,-3.003999948501587,12.855999946594238
771,5.675000190734863,-2.619999885559082,-10.057999610900879
774,10.454000473022461,2.756999969482422,13.843999862670898
777,12.060999870300293,-1.0920000076293945,13.107000350952148
780,11.668999671936035,0.6380000114440918,10.892000198364258
783,-7.794000148773193,0.9850000143051147,13.647000312805176
786,-8.58899974822998,2.8299999237060547,-11.60200023651123
789,9.621000289916992,-0.7329999804496765,-11.793999671936035
792,11.126999855041504,-3.6389999389648438,12.477999687194824
795,12.170999526977539,-5.176000118255615,10.46399974822998
798,-9.576000213623047,-0.5609999895095825,10.505999565124512
801,-10.819000244140625,0.7450000047683716,-12.336000442504883
804,-9.810999870300293,-3.131999969482422,-12.10099983215332
807,10.366999626159668,-3.7060000896453857,-12.140000343322754
810,-5.508999824523926,2.069999933242798,-12.652999877929688
813,0.03700000047683716,1.055999994277954,-11.996999740600586
816,4.6020002365112305,-1.1339999437332153,14.220999717712402
819,4.008999824523926,0.902999997138977,12.586000442504883
822,-1.0010000467300415,1.1950000524520874,-9.145999908447266
825,-4.183000087738037,1.996000051498413,-10.347000122070313
828,-3.7980000972747803,-0.6430000066757202,13.407999992370605
831,-2.437999963760376,-2.697999954223633,12.60200023651123
834,-3.052000045776367,-7.534999847412109,7.7870001792907715
837,-0.08299999684095383,-2.6659998893737793,14.111000061035156
840,-3.5369999408721924,-2.8410000801086426,-8.685999870300293
843,-5.02400016784668,-0.5649999976158142,-9.048999786376953
846,7.5370001792907715,-0.36000001430511475,12.093000411987305
849,5.603000164031982,-5.276000022888184,13.673999786376953
852,0.6940000057220459,3.98799991607666,-10.440999984741211
855,-1.8420000076293945,-5.585000038146973,9.791000366210938
858,1.2660000324249268,-0.12600000202655792,10.413000106811523
861,3.0439999103546143,-2.3389999866485596,-10.848999977111816
864,9.536999702453613,5.5879998207092285,10.210000038146973
867,6.453000068664551,2.299999952316284,3.9110000133514404
870,8.17300033569336,9.182999610900879,9.958999633789063
873,11.333000183105469,7.336999893188477,7.492000102996826
876,10.618000030517578,8.255000114440918,10.192999839782715
879,11.630000114440918,12.54800033569336,11.640000343322754
882,6.663000106811523,5.211999893188477,10.114999771118164
885,9.741000175476074,4.985000133514404,7.2220001220703125
888,9.097000122070313,2.809999942779541,4.658999919891357
891,9.770999908447266,5.623000144958496,4.270999908447266
894,-10.359999656677246,2.813999891281128,10.501999855041504
897,12.36299991607666,4.290999889373779,12.793000221252441
900,-7.627999782562256,9.456999778747559,7.513000011444092
903,-7.2220001220703125,9.824000358581543,4.710999965667725
906,-3.1540000438690186,10.986000061035156,0.008999999612569809
909,-2.936000108718872,5.965000152587891,6.881999969482422
912,-3.614000082015991,8.392000198364258,8.826000213623047
915,-6.160999774932861,8.479000091552734,9.876999855041504
918,-8.854999542236328,4.546999931335449,9.14799976348877
921,-9.256999969482422,2.8519999980926514,4.921999931335449
924,-3.4200000762939453,7.75600004196167,4.703000068664551
927,1.13100004196167,4.39300012588501,4.681000232696533
930,-1.781000018119812,1.0889999866485596,12.64799976348877
933,-9.404000282287598,7.03000020980835,7.160999774932861
936,6.870999813079834,6.501999855041504,7.392000198364258
939,4.453000068664551,6.239999771118164,1.718000054359436
942,4.105000019073486,11.307999610900879,4.659999847412109
945,10.37600040435791,8.819999694824219,5.553999900817871
948,0.2290000021457672,5.639999866485596,11.154000282287598
951,1.3309999704360962,9.368000030517578,6.9730000495910645
954,-4.315000057220459,3.378000020980835,7.395999908447266
957,-0.6629999876022339,1.0180000066757202,5.329999923706055
960,7.11299991607666,3.697999954223633,1.7170000076293945
963,0.6690000295639038,6.880000114440918,5.984000205993652
966,5.0,3.5450000762939453,11.498000144958496
969,-0.9729999899864197,1.6100000143051147,10.031000137329102
972,5.4670000076293945,4.938000202178955,-6.144999980926514
975,6.673999786376953,8.418000221252441,-0.3370000123977661
978,6.931000232696533,10.63599967956543,2.746999979019165
981,4.038000106811523,4.922999858856201,-2.3450000286102295
984,6.743000030517578,6.26200008392334,-2.390000104904175
987,11.656000137329102,6.007999897003174,0.5920000076293945
990,11.440999984741211,11.02299976348877,0.9729999899864197
993,-9.77400016784668,12.178999900817871,1.2350000143051147
996,-9.543999671936035,10.022000312805176,-1.5920000076293945
999,-8.338000297546387,8.779999732971191,0.4620000123977661
1002,-9.157999992370605,10.019000053405762,2.7330000400543213
1005,-10.942000389099121,9.83899974822998,4.755000114440918
1008,10.875,7.140999794006348,-3.049999952316284
1011,9.545999526977539,3.6600000858306885,0.010999999940395355
1014,-5.006999969482422,5.081999778747559,-0.07599999755620956
1017,-9.145999908447266,6.1620001792907715,0.2939999997615814
1020,12.208000183105469,5.181000232696533,3.2360000610351563
1023,7.0970001220703125,6.538000106811523,1.5080000162124634
1026,-5.743000030517578,9.970000267028809,0.9139999747276306
1029,-4.955999851226807,8.717000007629395,-3.757999897003174
1032,-2.877000093460083,9.765000343322754,-2.500999927520752
1035,-2.0160000324249268,9.104999542236328,2.6619999408721924
1038,-1.9880000352859497,11.916000366210938,2.9539999961853027
1041,-5.590000152587891,8.083000183105469,3.25
1044,-4.980999946594238,4.693999767303467,2.760999917984009
1047,-3.680999994277954,6.5879998207092285,-2.497999906539917
1050,-1.0479999780654907,4.205999851226807,-1.5770000219345093
1053,-0.5649999976158142,4.883999824523926,1.1950000524520874
1056,-2.561000108718872,5.710999965667725,3.194000005722046
1059,-7.442999839782715,6.066999912261963,2.690000057220459
1062,0.5210000276565552,8.157999992370605,3.181999921798706
1065,0.8320000171661377,10.053999900817871,0.5809999704360962
1068,1.86899995803833,5.9730000495910645,2.2309999465942383
1071,-0.9110000133514404,2.2239999771118164,0.9860000014305115
1074,4.066999912261963,8.79800033569336,0.7879999876022339
1077,8.538000106811523,8.321999549865723,3.562000036239624
1080,5.48199987411499,8.881999969482422,-6.2779998779296875
1083,7.005000114440918,8.248000144958496,-8.803000450134277
1086,9.713000297546387,8.991999626159668,-8.906000137329102
1089,11.23799991607666,9.645000457763672,-5.519000053405762
1092,7.010000228881836,7.013000011444092,-5.1620001792907715
1095,11.680000305175781,8.54699993133545,-0.531000018119812
1098,10.315999984741211,2.687000036239624,-6.374000072479248
1101,6.580999851226807,5.339000225067139,-8.670000076293945
1104,9.406999588012695,5.169000148773193,-7.611999988555908
1107,9.286999702453613,7.86299991607666,-6.5370001792907715
1110,9.5649995803833,4.928999900817871,-2.493000030517578
1113,9.380999565124512,2.3929998874664307,-3.9049999713897705
1116,-10.411999702453613,11.09000015258789,-6.938000202178955
1119,-8.51099967956543,10.178999900817871,-8.552000045776367
1122,-5.793000221252441,10.6850004196167,-9.184000015258789
1125,-4.185999870300293,9.949999809265137,-6.879000186920166
1128,-6.374000072479248,10.529999732971191,-5.27400016784668
1131,-8.800999641418457,10.083999633789063,-4.400000095367432
1134,-10.899999618530273,5.120999813079834,-5.5929999351501465
1137,-7.814000129699707,7.633999824523926,-7.645999908447266
1140,-5.460999965667725,6.310999870300293,-8.418999671936035
1143,-4.460000038146973,7.306000232696533,-5.99399995803833
1146,-0.8360000252723694,7.005000114440918,-2.5209999084472656
1149,-10.592000007629395,7.949999809265137,-4.264999866485596
1152,-1.7130000591278076,11.86400032043457,-7.585000038146973
1155,-1.2879999876022339,7.368000030517578,-8.748000144958496
1158,2.2950000762939453,8.984999656677246,-8.020999908447266
1161,2.796999931335449,8.9399995803833,-5.379000186920166
1164,0.8820000290870667,11.095999717712402,-4.050000190734863
1167,-1.1030000448226929,12.963000297546387,-5.139999866485596
1170,-2.7869999408721924,5.513000011444092,-5.048999786376953
1173,-0.875,5.186999797821045,-7.103000164031982
1176,1.1050000190734863,6.442999839782715,-9.659000396728516
1179,2.0169999599456787,7.573999881744385,-0.9710000157356262
1182,3.119999885559082,6.169000148773193,-5.557000160217285
1185,1.562999963760376,5.859000205993652,-3.2929999828338623
1188,6.507999897003174,8.942000389099121,12.210000038146973
1191,7.98799991607666,8.430999755859375,14.395000457763672
1194,6.438000202178955,9.925000190734863,-10.977999687194824
1197,10.135000228881836,5.789000034332275,12.994999885559082
1200,8.288999557495117,5.566999912261963,-12.015000343322754
1203,5.756999969482422,3.9130001068115234,-10.862000465393066
1206,10.774999618530273,8.994999885559082,13.289999961853027
1209,-10.800999641418457,7.7779998779296875,11.869999885559082
1212,-8.239999771118164,9.0649995803833,11.902000427246094
1215,-7.61899995803833,8.847000122070313,-12.592000007629395
1218,-9.684000015258789,9.887999534606934,-11.312000274658203
1221,11.63700008392334,8.21399974822998,-11.053000450134277
1224,-11.270999908447266,3.1080000400543213,-11.013999938964844
1227,-9.322999954223633,5.989999771118164,13.925000190734863
1230,-7.9070000648498535,5.566999912261963,11.770000457763672
1233,-7.189000129699707,6.252999782562256,-11.574999809265137
1236,-8.854999542236328,5.586999893188477,-9.526000022888184
1239,11.871999740600586,5.834000110626221,-9.517000198364258
1242,-5.336999893188477,8.699999809265137,12.932999610900879
1245,-3.2860000133514404,7.27400016784668,11.654000282287598
1248,-0.5789999961853027,8.371999740600586,12.378000259399414
1251,-0.7749999761581421,10.008000373840332,-9.432999610900879
1254,-2.2880001068115234,10.520999908447266,-12.15999984741211
1257,-4.71999979019165,9.383999824523926,-11.637999534606934
1260,-4.9679999351501465,4.810999870300293,-12.984000205993652
1263,-5.232999801635742,5.208000183105469,11.270999908447266
1266,0.5120000243186951,3.015000104904175,12.326000213623047
1269,2.1410000324249268,2.943000078201294,-12.66100025177002
1272,-2.180000066757202,3.566999912261963,-9.263999938964844
1275,-3.8359999656677246,6.4770002365112305,-10.713000297546387
1278,2.2669999599456787,7.306000232696533,12.246999740600586
1281,4.9720001220703125,6.798999786376953,11.86400032043457
1284,3.5439999103546143,9.239999771118164,-10.72599983215332
1287,4.947000026702881,5.73199987411499,14.303000450134277
1290,6.815000057220459,3.9760000705718994,13.434000015258789
1293,2.611999988555908,6.968999862670898,-11.902000427246094
