0,11.557000160217285,-4.985000133514404,9.875
3,-10.831999778747559,-6.21999979019165,7.742000102996826
6,-8.10099983215332,-5.201000213623047,7.545000076293945
9,-6.9679999351501465,-6.034999847412109,9.876999855041504
12,-8.234000205993652,-5.372000217437744,12.222999572753906
15,-10.833999633789063,-6.146999835968018,12.154000282287598
18,11.779000282287598,12.21500015258789,9.541000366210938
21,-10.781000137329102,-9.175999641418457,7.2870001792907715
24,-8.072999954223633,12.329000473022461,7.427999973297119
27,-6.9629998207092285,-8.937999725341797,9.685999870300293
30,-8.128000259399414,12.381999969482422,11.996999740600586
33,-10.517999649047852,-8.83899974822998,11.767999649047852
36,-4.4039998054504395,-5.09499979019165,9.6899995803833
39,-2.6619999408721924,-6.076000213623047,7.7179999351501465
42,-0.11400000005960464,-5.0920000076293945,7.714000225067139
45,1.3519999980926514,-6.183000087738037,9.875
48,-0.29100000858306885,-5.294000148773193,11.906000137329102
51,-2.9059998989105225,-6.017000198364258,12.187000274658203
54,-4.071000099182129,12.461999893188477,9.75
57,-2.878000020980835,-8.822999954223633,7.443999767303467
60,-0.2160000056028366,12.708999633789063,7.3429999351501465
63,1.7059999704360962,-8.987000465393066,9.932000160217285
66,-0.13500000536441803,12.699000358581543,11.73900032043457
69,-2.684999942779541,-8.70300006866455,11.984000205993652
72,3.9200000762939453,-4.8460001945495605,10.07699966430664
75,5.045000076293945,-5.994999885559082,7.815000057220459
78,7.824999809265137,-5.23799991607666,7.682000160217285
81,9.10099983215332,-6.105000019073486,10.017000198364258
84,7.815999984741211,-5.144999980926514,12.211999893188477
87,4.947000026702881,-5.968999862670898,12.38599967956543
90,4.13100004196167,12.154999732971191,10.01099967956543
93,5.245999813079834,-8.826000213623047,7.827000141143799
96,7.705999851226807,12.586000442504883,7.458000183105469
99,9.180999755859375,-8.916000366210938,9.604999542236328
102,7.870999813079834,12.63700008392334,11.977999687194824
105,5.247000217437744,-8.802000045776367,12.222999572753906
108,11.612000465393066,-5.382999897003174,0.9139999747276306
111,-10.548999786376953,-6.064000129699707,3.361999988555908
114,11.607999801635742,-5.071000099182129,5.560999870300293
117,11.77400016784668,12.729000091552734,0.5979999899864197
120,-10.550000190734863,-8.906000137329102,3.1070001125335693
123,11.368000030517578,12.378000259399414,4.934000015258789
126,-7.953000068664551,-5.098999977111816,3.2249999046325684
129,-6.76200008392334,-6.150000095367432,1.0160000324249268
132,-3.940000057220459,-5.4079999923706055,0.8500000238418579
135,-2.6070001125335693,-6.24399995803833,3.2360000610351563
138,-3.9600000381469727,-5.178999900817871,5.492000102996826
141,-6.59499979019165,-6.329999923706055,5.328999996185303
144,-7.925000190734863,12.27400016784668,2.808000087738037
147,-6.815999984741211,-9.11299991607666,0.6060000061988831
150,-4.2870001792907715,12.362000465393066,0.29600000381469727
153,-3.552999973297119,-8.800000190734863,2.578000068664551
156,-3.940999984741211,12.588000297546387,5.201000213623047
159,-6.789000034332275,-9.206000328063965,5.116000175476074
162,0.04899999871850014,-5.410999774932861,3.0980000495910645
165,1.2139999866485596,-6.315999984741211,0.7329999804496765
168,3.98799991607666,-5.458000183105469,0.8989999890327454
171,5.064000129699707,-6.251999855041504,3.3369998931884766
174,3.757999897003174,-5.085000038146973,5.5279998779296875
177,1.2430000305175781,-6.250999927520752,5.535999774932861
180,0.3319999873638153,12.635000228881836,3.316999912261963
183,1.2610000371932983,-9.057999610900879,0.777999997138977
186,3.9079999923706055,12.628999710083008,0.5410000085830688
189,4.896999835968018,-8.980999946594238,2.950000047683716
192,4.1579999923706055,12.451000213623047,5.35099983215332
195,1.7020000219345093,-8.927000045776367,5.632999897003174
198,7.511000156402588,-4.994999885559082,3.2039999961853027
201,8.87399959564209,-5.947999954223633,1.1039999723434448
204,8.86299991607666,-6.076000213623047,5.4019999504089355
207,7.783999919891357,12.163999557495117,2.8919999599456787
210,8.95199966430664,-8.717000007629395,0.7599999904632568
213,8.880000114440918,-8.967000007629395,5.14300012588501
216,11.53600025177002,-5.068999767303467,-3.625
219,-11.017999649047852,-5.9679999351501465,-6.119999885559082
222,-8.267999649047852,-5.25600004196167,-6.083000183105469
225,-7.071000099182129,-5.993000030517578,-3.760999917984009
228,-8.041000366210938,-5.243000030517578,-1.3309999704360962
231,-10.755999565124512,-5.953999996185303,-1.4240000247955322
234,11.729999542236328,12.72599983215332,-3.9860000610351563
237,-10.524999618530273,-8.857999801635742,-6.265999794006348
240,-7.710000038146973,12.708000183105469,-6.135000228881836
243,-6.709000110626221,-8.720999717712402,-3.819999933242798
246,-8.060999870300293,12.369000434875488,-1.6610000133514404
249,-10.61400032043457,-8.845000267028809,-1.6950000524520874
252,-4.3420000076293945,-5.192999839782715,-3.7669999599456787
255,-3.055999994277954,-5.974999904632568,-5.961999893188477
258,-0.5220000147819519,-5.209000110626221,-6.080999851226807
261,0.8999999761581421,-6.046000003814697,-3.7920000553131104
264,-0.10000000149011612,-5.114999771118164,-1.3370000123977661
267,-2.759999990463257,-6.2210001945495605,-1.569000005722046
270,-4.1620001792907715,12.560999870300293,-4.11299991607666
273,-2.684000015258789,-8.807999610900879,-6.191999912261963
276,-0.10199999809265137,12.708999633789063,-6.196000099182129
279,1.0019999742507935,-8.871999740600586,-3.8919999599456787
282,-0.052000001072883606,12.522000312805176,-1.6180000305175781
285,-2.6760001182556152,-9.031999588012695,-1.6779999732971191
288,3.63100004196167,-5.2829999923706055,-3.5980000495910645
291,4.914999961853027,-6.080999851226807,-5.89300012588501
294,7.650000095367432,-5.361999988555908,-6.068999767303467
297,8.89799976348877,-6.0980000495910645,-3.680000066757202
300,7.99399995803833,-5.117000102996826,-1.3769999742507935
303,5.223999977111816,-6.264999866485596,-1.5329999923706055
306,3.7780001163482666,12.63700008392334,-4.074999809265137
309,5.296999931335449,-8.736000061035156,-6.289000034332275
312,7.860000133514404,12.34000015258789,-5.88700008392334
315,8.91100025177002,-8.88599967956543,-3.7190001010894775
318,7.885000228881836,12.456000328063965,-1.4780000448226929
321,5.315000057220459,-9.01200008392334,-1.6929999589920044
324,11.420000076293945,-5.251999855041504,-12.581000328063965
327,-10.711999893188477,-6.296000003814697,-10.541999816894531
330,11.29699993133545,-5.271999835968018,-8.53600025177002
333,12.092000007629395,12.803000450134277,-13.020999908447266
336,-10.222000122070313,-9.093000411987305,-10.385000228881836
339,11.581000328063965,12.475000381469727,-8.446999549865723
342,-8.128000259399414,-5.179999828338623,-10.659000396728516
345,-6.64300012588501,-6.236000061035156,-12.656999588012695
348,-4.144000053405762,-4.857999801635742,14.352999687194824
351,-2.921999931335449,-5.960999965667725,-10.470999717712402
354,-4.364999771118164,-5.050000190734863,-8.46500015258789
357,-6.934999942779541,-6.14900016784668,-8.345999717712402
360,-7.578000068664551,12.295999526977539,-10.640000343322754
363,-6.63700008392334,-8.996000289916992,-12.956999778747559
366,-3.990999937057495,12.46500015258789,-12.930000305175781
369,-2.572999954223633,-8.6850004196167,-10.881999969482422
372,-3.6710000038146973,-9.631999969482422,-8.571999549865723
375,-6.558000087738037,-8.888999938964844,-8.486000061035156
378,-0.12999999523162842,-5.085000038146973,-10.569000244140625
381,0.8529999852180481,-6.0929999351501465,14.331999778747559
384,3.318000078201294,-4.965000152587891,-12.54800033569336
387,4.763000011444092,-5.757999897003174,-10.354999542236328
390,3.490000009536743,-5.086999893188477,-8.032999992370605
393,0.9330000281333923,-6.164999961853027,-8.121999740600586
396,-0.12300000339746475,12.532999992370605,-10.73900032043457
399,0.9490000009536743,-8.852999687194824,-13.015000343322754
402,3.753999948501587,12.645000457763672,-12.890999794006348
405,5.065000057220459,-8.744000434875488,-10.736000061035156
408,3.9639999866485596,12.61400032043457,-8.449000358581543
411,1.315000057220459,-8.883000373840332,-8.470000267028809
414,7.449999809265137,-5.192999839782715,-10.560999870300293
417,8.803999900817871,-6.120999813079834,-12.590999603271484
420,8.829000473022461,-6.320000171661377,-8.204000473022461
423,7.688000202178955,12.496999740600586,-10.788999557495117
426,9.449000358581543,-8.769000053405762,-12.746000289916992
429,9.074999809265137,-9.03600025177002,-8.340999603271484
432,11.901000022888184,1.9079999923706055,9.586999893188477
435,-10.689000129699707,1.1460000276565552,7.317999839782715
438,-8.04699993133545,2.552000045776367,7.551000118255615
441,-7.002999782562256,1.5230000019073486,9.980999946594238
444,-8.055000305175781,2.177000045776367,12.47700023651123
447,-10.657999992370605,1.1720000505447388,12.074000358581543
450,11.746000289916992,-2.1989998817443848,9.85099983215332
453,-10.359000205993652,-1.5010000467300415,7.665999889373779
456,-7.710000038146973,-2.446000099182129,7.473999977111816
459,-6.877999782562256,-1.4040000438690186,9.934000015258789
462,-7.955999851226807,-2.7160000801086426,12.236000061035156
465,-10.54800033569336,-1.5759999752044678,12.27400016784668
468,-4.373000144958496,2.2669999599456787,9.595000267028809
471,-2.7750000953674316,1.1779999732971191,7.5920000076293945
474,-0.08900000154972076,2.0810000896453857,7.5920000076293945
477,1.034999966621399,1.4179999828338623,9.972999572753906
480,-0.5320000052452087,2.2230000495910645,12.123000144958496
483,-3.234999895095825,1.3179999589920044,12.055000305175781
486,-4.203000068664551,-2.3529999256134033,10.043999671936035
489,-3.115000009536743,-1.6269999742507935,7.611000061035156
492,-0.006000000052154064,-2.2890000343322754,7.616000175476074
495,1.2690000534057617,-1.3919999599456787,9.942999839782715
498,-0.010999999940395355,-2.4539999961853027,12.043999671936035
501,-2.496000051498413,-1.281000018119812,12.071999549865723
504,3.694000005722046,2.188999891281128,9.935999870300293
507,5.068999767303467,1.5190000534057617,7.702000141143799
510,7.72599983215332,2.24399995803833,7.760000228881836
513,8.982999801635742,1.25600004196167,9.949000358581543
516,7.866000175476074,2.2939999103546143,12.321999549865723
519,5.13700008392334,1.4989999532699585,12.317999839782715
522,3.9760000705718994,-2.200000047683716,9.802000045776367
525,5.355000019073486,-1.284999966621399,7.695000171661377
528,7.834000110626221,-2.384999990463257,7.551000118255615
531,9.057000160217285,-1.6200000047683716,9.82800006866455
534,7.925000190734863,-2.380000114440918,12.086000442504883
537,5.376999855041504,-1.4249999523162842,12.145000457763672
540,11.128000259399414,2.381999969482422,0.6200000047683716
543,-10.663999557495117,1.274999976158142,2.8570001125335693
546,11.491000175476074,2.2920000553131104,5.061999797821045
549,11.432999610900879,-2.6579999923706055,0.8600000143051147
552,-10.656000137329102,-1.4880000352859497,2.8970000743865967
555,11.689000129699707,-2.3320000171661377,5.293000221252441
558,-8.032999992370605,2.052000045776367,3.1740000247955322
561,-7.171999931335449,0.9449999928474426,0.753000020980835
564,-4.593999862670898,2.0859999656677246,0.9179999828338623
567,-2.9549999237060547,1.225000023841858,3.0810000896453857
570,-3.9600000381469727,2.421999931335449,5.511000156402588
573,-6.5970001220703125,1.531000018119812,5.461999893188477
576,-8.140999794006348,-2.312999963760376,2.984999895095825
579,-6.938000202178955,-1.7430000305175781,0.7639999985694885
582,-4.1020002365112305,-2.5409998893737793,0.7210000157356262
585,-2.8980000019073486,-1.468999981880188,2.944999933242798
588,-4.079999923706055,-2.440999984741211,5.184999942779541
591,-6.585999965667725,-1.2669999599456787,5.316999912261963
594,-0.28999999165534973,2.3429999351501465,3.2119998931884766
597,0.8510000109672546,1.4900000095367432,0.9399999976158142
600,3.940000057220459,2.303999900817871,0.9010000228881836
603,5.044000148773193,1.343000054359436,3.171999931335449
606,3.615999937057495,2.3340001106262207,5.422999858856201
609,0.9959999918937683,1.2020000219345093,5.376999855041504
612,-0.3009999990463257,-2.615000009536743,3.078000068664551
615,0.9779999852180481,-1.4800000190734863,0.9589999914169312
618,3.7119998931884766,-2.437999963760376,0.6650000214576721
621,5.138000011444092,-1.503999948501587,3.0250000953674316
624,3.822999954223633,-2.2739999294281006,5.423999786376953
627,1.031000018119812,-1.562000036239624,5.241000175476074
630,7.675000190734863,2.2160000801086426,3.2160000801086426
633,8.713000297546387,1.093000054359436,0.9200000166893005
636,8.98900032043457,1.2669999599456787,5.443999767303467
639,7.855999946594238,-2.3450000286102295,2.947999954223633
642,8.833999633789063,-1.6619999408721924,0.5410000085830688
645,9.137999534606934,-1.3769999742507935,5.382999897003174
648,11.866999626159668,2.2139999866485596,-3.8459999561309814
651,-10.562000274658203,1.3860000371932983,-6.199999809265137
654,-8.121000289916992,2.3559999465942383,-5.829999923706055
657,-6.955999851226807,1.3660000562667847,-3.4539999961853027
660,-8.385000228881836,2.3310000896453857,-1.406999945640564
663,-10.927000045776367,1.149999976158142,-1.3860000371932983
666,11.77299976348877,-2.2920000553131104,-3.875
669,-10.46399974822998,-1.5119999647140503,-6.124000072479248
672,-7.8470001220703125,-2.507999897003174,-6.109000205993652
675,-6.860000133514404,-1.4919999837875366,-3.7249999046325684
678,-8.371999740600586,-2.4570000171661377,-1.656999945640564
681,12.663000106811523,-1.6510000228881836,-1.3229999542236328
684,-4.38700008392334,2.2170000076293945,-3.7269999980926514
687,-2.802999973297119,1.3559999465942383,-5.769999980926514
690,-0.12700000405311584,2.5190000534057617,-5.953999996185303
693,0.8820000290870667,1.281999945640564,-3.75600004196167
696,-0.5899999737739563,2.0989999771118164,-1.3660000562667847
699,-3.365000009536743,1.1979999542236328,-1.4220000505447388
702,-4.317999839782715,-2.3420000076293945,-3.9760000705718994
705,-2.61899995803833,-1.3930000066757202,-5.934999942779541
708,-0.03400000184774399,-2.3959999084472656,-6.145999908447266
711,1.2690000534057617,-1.4490000009536743,-3.553999900817871
714,-0.4099999964237213,-2.318000078201294,-1.5759999752044678
717,-3.1519999504089355,-1.4759999513626099,-1.6019999980926514
720,3.5439999103546143,2.0980000495910645,-3.7230000495910645
723,5.020999908447266,1.2480000257492065,-5.880000114440918
726,7.640999794006348,2.4200000762939453,-5.828000068664551
729,9.083999633789063,1.190999984741211,-3.822999954223633
732,7.701000213623047,1.9589999914169312,-1.590999960899353
735,5.050000190734863,1.440000057220459,-1.319000005722046
738,3.865999937057495,-2.4590001106262207,-3.7290000915527344
741,5.257999897003174,-1.4910000562667847,-5.926000118255615
744,7.90500020980835,-2.6040000915527344,-6.047999858856201
747,9.175000190734863,-1.5299999713897705,-3.9210000038146973
750,7.6570000648498535,-2.3289999961853027,-1.7610000371932983
753,5.089000225067139,-1.4240000247955322,-1.5299999713897705
756,11.769000053405762,2.2179999351501465,14.293000221252441
759,-11.052000045776367,1.340000033378601,-10.385000228881836
762,11.053999900817871,2.299999952316284,-8.352999687194824
765,11.531000137329102,-2.559999942779541,-12.857000350952148
768,12.592000007629395,-1.4220000505447388,-10.729000091552734
771,11.675999641418457,-2.492000102996826,-8.427000045776367
774,-8.449999809265137,2.1710000038146973,-10.295999526977539
777,-6.671999931335449,0.9860000014305115,-12.284000396728516
780,-4.124000072479248,2.0460000038146973,-12.62399959564209
783,-2.5810000896453857,1.2510000467300415,-10.163000106811523
786,-4.198999881744385,2.309000015258789,-8.14900016784668
789,-6.915999889373779,1.2790000438690186,-8.041999816894531
792,-8.178999900817871,-2.375,-10.586000442504883
795,-6.64300012588501,-1.6749999523162842,-12.687999725341797
798,-3.9489998817443848,-2.190000057220459,-12.984000205993652
801,-2.9079999923706055,-1.5440000295639038,-10.520000457763672
804,-4.081999778747559,-2.306999921798706,-8.239999771118164
807,-6.781000137329102,-1.4459999799728394,-8.36400032043457
810,-0.03999999910593033,2.3589999675750732,-10.491000175476074
813,1.0390000343322754,1.4910000562667847,14.317000389099121
816,3.7049999237060547,2.361999988555908,-12.675000190734863
819,4.927000045776367,1.3639999628067017,-10.260000228881836
822,3.757999897003174,2.437000036239624,-7.978000164031982
825,1.0679999589920044,1.3949999809265137,-8.093999862670898
828,-0.13899999856948853,-2.322999954223633,-10.697999954223633
831,1.2280000448226929,-1.4140000343322754,-12.79800033569336
834,3.9679999351501465,-2.2639999389648438,-12.836999893188477
837,5.116000175476074,-1.4190000295639038,-10.395000457763672
840,3.7960000038146973,-2.378000020980835,-8.126999855041504
843,1.0820000171661377,-1.3769999742507935,-8.395999908447266
846,7.504000186920166,2.256999969482422,-10.475000381469727
849,9.116999626159668,1.4459999799728394,-12.604999542236328
852,8.675999641418457,1.0959999561309814,-8.031000137329102
855,7.696000099182129,-2.4130001068115234,-10.644000053405762
858,9.107999801635742,-1.3370000123977661,-12.699000358581543
861,9.168999671936035,-1.6360000371932983,-8.243000030517578
864,11.663999557495117,9.427000045776367,9.883000373840332
867,-11.076000213623047,8.663000106811523,7.4629998207092285
870,-8.277000427246094,9.571999549865723,7.591000080108643
873,-7.017000198364258,8.607999801635742,9.854000091552734
876,-8.031000137329102,9.616999626159668,12.21399974822998
879,-10.607999801635742,8.494000434875488,12.14799976348877
882,11.598999977111816,4.53000020980835,9.696000099182129
885,-10.814000129699707,5.810999870300293,7.38100004196167
888,-8.116000175476074,5.406000137329102,7.513999938964844
891,-6.841000080108643,5.77400016784668,9.809000015258789
894,-8.105999946594238,4.859000205993652,11.932000160217285
897,-10.871999740600586,5.734000205993652,11.779999732971191
900,-4.323999881744385,9.616999626159668,9.932999610900879
903,-2.9070000648498535,8.899999618530273,7.870999813079834
906,-0.23100000619888306,9.89900016784668,7.622000217437744
909,1.2309999465942383,8.78499984741211,10.071000099182129
912,-0.28999999165534973,9.906999588012695,12.04800033569336
915,-2.9830000400543213,8.765999794006348,12.222999572753906
918,-4.192999839782715,5.188000202178955,9.642999649047852
921,-2.6559998989105225,6.138999938964844,7.574999809265137
924,0.07800000160932541,4.89900016784668,7.758999824523926
927,1.3320000171661377,5.961999893188477,10.114999771118164
930,-0.3709999918937683,4.881999969482422,12.175000190734863
933,-2.9509999752044678,5.958000183105469,12.154999732971191
936,3.930999994277954,9.48799991607666,10.038000106811523
939,5.210999965667725,8.519000053405762,7.748000144958496
942,7.861000061035156,9.621999740600586,7.618000030517578
945,9.050999641418457,8.642000198364258,10.008999824523926
948,7.925000190734863,9.845999717712402,12.178000450134277
951,5.369999885559082,8.904999732971191,12.416000366210938
954,3.878000020980835,4.958000183105469,10.038999557495117
957,5.057000160217285,5.763000011444092,7.581999778747559
960,7.752999782562256,4.880000114440918,7.546999931335449
963,9.244999885559082,5.948999881744385,9.753000259399414
966,7.927000045776367,5.254000186920166,11.913999557495117
969,5.199999809265137,6.063000202178955,12.220000267028809
972,11.906000137329102,9.6850004196167,0.6169999837875366
975,-10.619999885559082,8.777999877929688,2.9630000591278076
978,11.543000221252441,9.619000434875488,5.046999931335449
981,11.574000358581543,5.084000110626221,0.7020000219345093
984,-10.571999549865723,5.933000087738037,2.815000057220459
987,11.545000076293945,5.065999984741211,5.010000228881836
990,-7.980000019073486,9.618000030517578,3.191999912261963
993,-6.827000141143799,8.803000450134277,0.9909999966621399
996,-4.110000133514404,9.583000183105469,0.8050000071525574
999,-2.806999921798706,8.821999549865723,3.2320001125335693
1002,-4.086999893188477,9.859000205993652,5.491000175476074
1005,-6.644000053405762,8.618000030517578,5.464000225067139
1008,-7.992000102996826,4.9079999923706055,2.9130001068115234
1011,-6.714000225067139,5.892000198364258,0.7649999856948853
1014,-4.048999786376953,4.807000160217285,0.949999988079071
1017,-2.7019999027252197,5.991000175476074,2.9690001010894775
1020,-3.802000045776367,5.117000102996826,5.295000076293945
1023,-6.544000148773193,5.901000022888184,5.2179999351501465
1026,-0.06400000303983688,9.935999870300293,3.1540000438690186
1029,1.13100004196167,8.807999610900879,0.7450000047683716
1032,3.878000020980835,9.784000396728516,0.7179999947547913
1035,4.75,8.765000343322754,3.0739998817443848
1038,3.811000108718872,9.664999961853027,5.521999835968018
1041,0.9279999732971191,8.838000297546387,5.410999774932861
1044,0.012000000104308128,5.083000183105469,2.9739999771118164
1047,1.0,5.896999835968018,0.5460000038146973
1050,3.6449999809265137,5.125,0.6150000095367432
1053,4.808000087738037,5.921999931335449,2.9619998931884766
1056,3.6530001163482666,5.013999938964844,5.2829999923706055
1059,1.0859999656677246,6.063000202178955,5.375999927520752
1062,7.539999961853027,9.361000061035156,2.9100000858306885
1065,9.175999641418457,8.541999816894531,0.796999990940094
1068,8.951000213623047,8.788999557495117,5.258999824523926
1071,7.379000186920166,4.984000205993652,2.6689999103546143
1074,8.928000450134277,5.76800012588501,0.5090000033378601
1077,8.77299976348877,5.890999794006348,5.189000129699707
1080,11.442000389099121,9.906000137329102,-3.9140000343322754
1083,-10.788000106811523,8.857999801635742,-5.9670000076293945
1086,-8.116999626159668,9.873000144958496,-6.14900016784668
1089,-6.823999881744385,8.895000457763672,-3.8239998817443848
1092,-7.993000030517578,9.520000457763672,-1.527999997138977
1095,-10.848999977111816,8.699000358581543,-1.7860000133514404
1098,11.626999855041504,5.058000087738037,-3.984999895095825
1101,-10.779999732971191,5.919000148773193,-6.249000072479248
1104,-7.964000225067139,5.210000038146973,-5.985000133514404
1107,-6.4679999351501465,6.065000057220459,-3.686000108718872
1110,-8.034000396728516,5.111000061035156,-1.6009999513626099
1113,-10.852999687194824,5.98799991607666,-1.5729999542236328
1116,-4.247000217437744,9.803999900817871,-3.7170000076293945
1119,-2.9630000591278076,8.958000183105469,-5.968999862670898
1122,-0.17000000178813934,9.9399995803833,-5.90500020980835
1125,1.0989999771118164,8.881999969482422,-3.5280001163482666
1128,-0.4449999928474426,9.67300033569336,-1.3580000400543213
1131,-3.0439999103546143,8.592000007629395,-1.4850000143051147
1134,-3.868000030517578,5.107999801635742,-3.986999988555908
1137,-2.7019999027252197,6.111000061035156,-6.138999938964844
1140,0.039000000804662704,5.275000095367432,-6.066999912261963
1143,1.1770000457763672,6.15500020980835,-3.803999900817871
1146,-0.15600000321865082,4.9079999923706055,-1.6239999532699585
1149,-2.678999900817871,5.827000141143799,-1.281999945640564
1152,3.6429998874664307,9.904999732971191,-3.799999952316284
1155,4.874000072479248,8.687000274658203,-5.927999973297119
1158,7.50600004196167,9.562999725341797,-6.257999897003174
1161,8.829000473022461,8.88700008392334,-3.7079999446868896
1164,7.7230000495910645,9.663999557495117,-1.3940000534057617
1167,5.045000076293945,8.741999626159668,-1.6269999742507935
1170,3.687999963760376,4.936999797821045,-3.8299999237060547
1173,5.210999965667725,5.948999881744385,-5.784999847412109
1176,7.730000019073486,5.238999843597412,-6.116000175476074
1179,9.112000465393066,6.105999946594238,-3.7190001010894775
1182,7.640999794006348,4.7769999504089355,-1.687000036239624
1185,5.048999786376953,5.994999885559082,-1.6230000257492065
1188,11.951000213623047,9.852999687194824,14.369999885559082
1191,-10.5,8.694999694824219,-10.46500015258789
1194,11.631999969482422,9.821000099182129,-8.414999961853027
1197,11.692000389099121,4.99399995803833,-13.001999855041504
1200,-10.460000038146973,5.935999870300293,-10.663999557495117
1203,11.645000457763672,4.927000045776367,-8.553000450134277
1206,-7.870999813079834,9.633999824523926,-10.368000030517578
1209,-6.7870001792907715,8.543999671936035,14.359000205993652
1212,-4.353000164031982,9.788999557495117,14.371000289916992
1215,-2.937999963760376,8.880999565124512,-10.475000381469727
1218,-4.071000099182129,9.972000122070313,-8.282999992370605
1221,-6.614999771118164,8.741000175476074,-8.100000381469727
1224,-7.807000160217285,4.997000217437744,-10.366999626159668
1227,-7.007999897003174,5.749000072479248,-12.88700008392334
1230,-4.329999923706055,4.815000057220459,-12.920999526977539
1233,-2.8420000076293945,6.059000015258789,-10.593999862670898
1236,-4.046999931335449,5.081999778747559,-8.388999938964844
1239,-6.703999996185303,6.017000198364258,-8.206000328063965
1242,-0.34200000762939453,9.881999969482422,-10.322999954223633
1245,0.8629999756813049,9.178000450134277,14.458999633789063
1248,3.7739999294281006,9.833999633789063,-12.644000053405762
1251,5.105999946594238,8.835000038146973,-10.236000061035156
1254,3.697000026702881,9.776000022888184,-8.21500015258789
1257,1.1859999895095825,8.83899974822998,-8.128999710083008
1260,-0.210999995470047,5.135000228881836,-10.571999549865723
1263,0.8180000185966492,6.295000076293945,-12.932999610900879
1266,3.4140000343322754,5.330999851226807,-13.03600025177002
1269,4.8379998207092285,6.171000003814697,-10.755999565124512
1272,3.8289999961853027,5.244999885559082,-8.241999626159668
1275,1.1820000410079956,6.034999847412109,-8.362000465393066
1278,7.7230000495910645,9.64799976348877,-10.541000366210938
1281,9.137999534606934,8.949999809265137,14.45300006866455
1284,9.090999603271484,8.79699993133545,-8.258000373840332
1287,7.515999794006348,5.057000160217285,-10.692999839782715
1290,9.039999961853027,5.98799991607666,-12.76099967956543
1293,9.121000289916992,6.004000186920166,-8.484000205993652
