0,10.048999786376953,-5.145999908447266,6.111000061035156
3,11.833999633789063,-6.22599983215332,4.251999855041504
6,-9.279000282287598,-4.966000080108643,4.269999980926514
9,-8.104000091552734,-6.208000183105469,6.428999900817871
12,-9.321000099182129,-4.915999889373779,8.657999992370605
15,11.73900032043457,-6.146999835968018,8.692000389099121
18,10.338000297546387,12.470999717712402,6.248000144958496
21,12.095999717712402,-8.920000076293945,4.392000198364258
24,-8.793999671936035,-9.496000289916992,4.410999774932861
27,-7.848999977111816,-8.885000228881836,6.866000175476074
30,-9.657999992370605,12.357000350952148,8.779999732971191
33,11.560999870300293,-8.78499984741211,8.475000381469727
36,-5.559000015258789,-5.182000160217285,6.11899995803833
39,-4.382999897003174,-6.105000019073486,3.9019999504089355
42,-1.6510000228881836,-5.151000022888184,4.343999862670898
45,-0.1379999965429306,-5.870999813079834,6.702000141143799
48,-1.562999963760376,-5.091000080108643,8.881999969482422
51,-4.317999839782715,-5.98199987411499,8.770999908447266
54,-5.116000175476074,12.701000213623047,6.24399995803833
57,-4.132999897003174,-8.86400032043457,3.8889999389648438
60,-1.468000054359436,12.72599983215332,3.868000030517578
63,-0.4000000059604645,-8.581000328063965,6.169000148773193
66,-1.2949999570846558,-9.57800006866455,8.569999694824219
69,-3.953000068664551,-8.776000022888184,8.694999694824219
72,2.575000047683716,-5.2789998054504395,6.480000019073486
75,3.6500000953674316,-6.210999965667725,4.0279998779296875
78,6.249000072479248,-5.041999816894531,4.0279998779296875
81,7.4670000076293945,-6.14300012588501,6.388999938964844
84,6.5970001220703125,-5.1620001792907715,8.831000328063965
87,3.953000068664551,-6.304999828338623,8.725000381469727
90,2.2769999504089355,12.529999732971191,5.992000102996826
93,3.9200000762939453,-9.062000274658203,3.868000030517578
96,6.420000076293945,12.380999565124512,3.568000078201294
99,7.730000019073486,-9.086999893188477,5.947999954223633
102,6.696000099182129,12.380000114440918,8.307000160217285
105,3.7780001163482666,-9.032999992370605,8.133999824523926
108,10.362000465393066,-5.210000038146973,-2.489000082015991
111,11.71399974822998,-6.205999851226807,-0.26499998569488525
114,10.376999855041504,-5.454999923706055,1.937000036239624
117,10.267000198364258,12.45199966430664,-2.5290000438690186
120,12.130999565124512,-8.977999687194824,-0.5270000100135803
123,10.90999984741211,12.777000427246094,1.847000002861023
126,-9.35200023651123,-5.065999984741211,-0.6909999847412109
129,-7.748000144958496,-6.294000148773193,-2.5490000247955322
132,-5.186999797821045,-5.360000133514404,-2.38700008392334
135,-3.878999948501587,-6.1620001792907715,-0.15000000596046448
138,-5.519999980926514,-5.130000114440918,1.7079999446868896
141,-8.088000297546387,-5.896999835968018,1.8580000400543213
144,-8.807000160217285,12.644000053405762,-0.3310000002384186
147,-8.611000061035156,-8.881999969482422,-2.9159998893737793
150,-5.636000156402588,12.73799991607666,-2.7860000133514404
153,-4.178999900817871,-8.869000434875488,-0.5879999995231628
156,-5.359000205993652,12.666999816894531,1.61899995803833
159,-7.859000205993652,-8.748000144958496,1.9759999513626099
162,-1.590999960899353,-4.671999931335449,-0.2370000034570694
165,-0.6389999985694885,-5.526000022888184,-2.627000093460083
168,2.00600004196167,-5.400000095367432,-2.6630001068115234
171,3.369999885559082,-6.296999931335449,-0.4909999966621399
174,2.555999994277954,-5.067999839782715,1.7929999828338623
177,-0.14000000059604645,-5.543000221252441,2.239000082015991
180,-1.5069999694824219,-9.619000434875488,-0.5910000205039978
183,-0.5789999961853027,-8.489999771118164,-2.946000099182129
186,2.0769999027252197,12.706000328063965,-3.2679998874664307
189,3.3940000534057617,-8.968999862670898,-0.9539999961853027
192,2.3989999294281006,12.809000015258789,1.3990000486373901
195,-0.09200000017881393,-8.293999671936035,1.784999966621399
198,6.2129998207092285,-5.301000118255615,-0.4189999997615814
201,7.434000015258789,-5.889999866485596,-2.8499999046325684
204,7.73799991607666,-6.290999889373779,1.9429999589920044
207,6.15500020980835,12.821999549865723,-0.7390000224113464
210,7.716000080108643,-8.64900016784668,-2.736999988555908
213,8.303000450134277,-8.89900016784668,1.9900000095367432
216,10.267000198364258,-5.26800012588501,-7.331999778747559
219,11.890999794006348,-5.982999801635742,-9.380000114440918
222,-8.987000465393066,-5.22599983215332,-9.380000114440918
225,-8.173999786376953,-6.1579999923706055,-7.10099983215332
228,-9.267000198364258,-5.291999816894531,-4.770999908447266
231,11.562999725341797,-5.947999954223633,-4.790999889373779
234,10.20199966430664,12.72599983215332,-7.563000202178955
237,11.404999732971191,-8.713000297546387,-9.850000381469727
240,-9.725000381469727,12.425999641418457,-9.652000427246094
243,-8.159000396728516,-8.965999603271484,-7.214000225067139
246,-9.977999687194824,12.449999809265137,-5.172999858856201
249,10.890000343322754,-9.038000106811523,-5.074999809265137
252,-5.388999938964844,-5.2829999923706055,-7.414999961853027
255,-3.7799999713897705,-6.323999881744385,-9.434000015258789
258,-1.3899999856948853,-4.881999969482422,-9.531999588012695
261,-0.0820000022649765,-5.89300012588501,-7.24399995803833
264,-1.6679999828338623,-5.011000156402588,-5.254000186920166
267,-4.396999835968018,-5.855000019073486,-4.908999919891357
270,-5.452000141143799,12.513999938964844,-6.966000080108643
273,-4.577000141143799,-9.13700008392334,-9.609000205993652
276,-1.812000036239624,12.489999771118164,-9.854000091552734
279,-0.6930000185966492,-8.661999702453613,-7.556000232696533
282,-1.5959999561309814,12.503000259399414,-5.059000015258789
285,-4.014999866485596,-8.741000175476074,-4.765999794006348
288,2.5350000858306885,-5.045000076293945,-7.4710001945495605
291,4.002999782562256,-6.151000022888184,-9.586999893188477
294,6.7270002365112305,-5.0879998207092285,-9.491999626159668
297,7.6539998054504395,-6.302000045776367,-7.293000221252441
300,6.166999816894531,-5.14300012588501,-5.177999973297119
303,3.3559999465942383,-6.048999786376953,-4.914999961853027
306,1.9589999914169312,-8.940999984741211,-7.982999801635742
309,3.934000015258789,-8.786999702453613,-9.835000038146973
312,6.309000015258789,12.333999633789063,-9.847999572753906
315,7.2870001792907715,-9.08899974822998,-7.453000068664551
318,6.3480000495910645,12.612000465393066,-4.947000026702881
321,3.8940000534057617,-8.73900032043457,-5.113999843597412
324,10.48900032043457,-5.367000102996826,11.081999778747559
327,11.807999610900879,-6.083000183105469,13.215999603271484
330,10.51099967956543,-5.10099983215332,-11.704999923706055
333,10.166999816894531,12.70199966430664,10.6899995803833
336,11.89799976348877,-8.75,12.956000328063965
339,10.640999794006348,12.38599967956543,-12.142000198364258
342,-9.303999900817871,-5.2129998207092285,13.479999542236328
345,-8.026000022888184,-5.820000171661377,10.892000198364258
348,-5.4629998207092285,-5.01200008392334,10.993000030517578
351,-4.186999797821045,-6.168000221252441,13.253999710083008
354,-5.184999942779541,-5.001999855041504,-11.595000267028809
357,-7.718999862670898,-6.401000022888184,-11.743000030517578
360,-9.29800033569336,12.461999893188477,12.869000434875488
363,-8.006999969482422,-8.715999603271484,10.8100004196167
366,-5.565999984741211,12.345999717712402,10.623000144958496
369,-3.99399995803833,-8.892000198364258,13.185999870300293
372,-5.742000102996826,12.409000396728516,-11.97599983215332
375,-8.279000282287598,-9.170000076293945,-11.803000450134277
378,-1.4559999704360962,-5.390999794006348,12.916000366210938
381,0.18199999630451202,-5.997000217437744,10.937000274658203
384,2.8589999675750732,-4.921999931335449,10.866000175476074
387,3.9630000591278076,-5.817999839782715,13.223999977111816
390,2.4779999256134033,-5.103000164031982,-11.850000381469727
393,-0.07999999821186066,-6.0980000495910645,-11.62600040435791
396,-1.350000023841858,12.347999572753906,13.027999877929688
399,-0.17000000178813934,-8.652000427246094,10.774999618530273
402,2.497999906539917,12.560999870300293,10.668000221252441
405,3.7049999237060547,-8.821000099182129,12.812999725341797
408,2.7070000171661377,12.63599967956543,-12.095000267028809
411,0.026000000536441803,-9.107000350952148,-11.887999534606934
414,6.724999904632568,-4.954999923706055,13.420999526977539
417,7.85699987411499,-6.249000072479248,11.11299991607666
420,8.062999725341797,-6.25,-11.446000099182129
423,6.52400016784668,12.270999908447266,13.196000099182129
426,7.599999904632568,-8.944999694824219,10.781000137329102
429,7.926000118255615,-9.097000122070313,-11.803000450134277
432,10.333000183105469,2.4539999961853027,6.171999931335449
435,11.609999656677246,1.378999948501587,3.953000068664551
438,-9.60200023651123,2.7060000896453857,4.3429999351501465
441,-7.984000205993652,1.3359999656677246,6.308000087738037
444,-9.338000297546387,2.3480000495910645,8.633999824523926
447,11.644000053405762,1.253000020980835,8.505999565124512
450,10.234999656677246,-2.374000072479248,6.046999931335449
453,11.543999671936035,-1.4420000314712524,3.8410000801086426
456,-9.20300006866455,-2.186000108718872,3.9000000953674316
459,-8.017000198364258,-1.371000051498413,6.2129998207092285
462,-9.51200008392334,-2.122999906539917,8.49899959564209
465,11.310999870300293,-1.465999960899353,8.51099967956543
468,-5.373000144958496,2.375,6.814000129699707
471,-4.186999797821045,1.5740000009536743,4.420000076293945
474,-1.531000018119812,2.746999979019165,4.118000030517578
477,-0.06800000369548798,1.4390000104904175,6.449999809265137
480,-1.3480000495910645,2.51200008392334,8.59000015258789
483,-3.9230000972747803,1.4359999895095825,9.097999572753906
486,-5.465000152587891,-2.434000015258789,5.807000160217285
489,-3.9519999027252197,-1.2259999513626099,3.881999969482422
492,-1.36899995803833,-2.178999900817871,3.9130001068115234
495,0.1589999943971634,-1.378000020980835,6.710999965667725
498,-1.7649999856948853,-2.4010000228881836,8.468000411987305
501,-4.625999927520752,-1.2899999618530273,8.13700008392334
504,2.4790000915527344,2.5929999351501465,6.2230000495910645
507,3.6649999618530273,1.6030000448226929,3.86299991607666
510,6.585000038146973,2.249000072479248,3.8550000190734863
513,7.76200008392334,1.4229999780654907,6.260000228881836
516,6.6570000648498535,2.3540000915527344,8.553000450134277
519,3.7990000247955322,1.5709999799728394,8.473999977111816
522,2.7669999599456787,-2.430999994277954,6.1020002365112305
525,3.253000020980835,-1.2100000381469727,3.5799999237060547
528,6.36899995803833,-2.2109999656677246,3.615000009536743
531,7.533999919891357,-1.3849999904632568,5.945000171661377
534,6.644000053405762,-2.125,8.541999816894531
537,4.051000118255615,-1.215999960899353,8.251999855041504
540,10.147000312805176,2.3970000743865967,-2.700000047683716
543,11.762999534606934,1.6749999523162842,-0.33500000834465027
546,10.281000137329102,2.6570000648498535,1.7929999828338623
549,10.586000442504883,-2.4809999465942383,-2.569000005722046
552,11.901000022888184,-1.3270000219345093,-0.20000000298023224
555,10.199999809265137,-2.6449999809265137,1.6330000162124634
558,-9.366000175476074,2.5280001163482666,-0.28600001335144043
561,-8.08899974822998,1.3220000267028809,-2.5820000171661377
564,-5.539000034332275,2.259999990463257,-2.7109999656677246
567,-4.316999912261963,1.5360000133514404,-0.3199999928474426
570,-5.525000095367432,2.3350000381469727,1.972000002861023
573,-8.258999824523926,1.8279999494552612,2.2309999465942383
576,-9.199999809265137,-2.430000066757202,-0.3919999897480011
579,-8.36400032043457,-1.6069999933242798,-2.890000104904175
582,-5.742000102996826,-2.615999937057495,-2.634999990463257
585,-4.144999980926514,-1.2400000095367432,-0.7519999742507935
588,-5.146999835968018,-2.1419999599456787,1.6419999599456787
591,-7.813000202178955,-1.194000005722046,1.8079999685287476
594,-1.781999945640564,2.4800000190734863,-0.4129999876022339
597,-0.3089999854564667,1.4229999780654907,-2.5450000762939453
600,2.4489998817443848,2.2019999027252197,-2.740999937057495
603,3.796999931335449,1.156999945640564,-0.5170000195503235
606,2.246000051498413,2.4000000953674316,1.5470000505447388
609,-0.4950000047683716,1.684000015258789,1.7960000038146973
612,-1.4459999799728394,-1.9670000076293945,-0.7770000100135803
615,-0.07599999755620956,-1.2990000247955322,-2.9570000171661377
618,2.4000000953674316,-2.7160000801086426,-2.871000051498413
621,3.812000036239624,-1.4809999465942383,-0.8610000014305115
624,2.253000020980835,-2.178999900817871,1.2289999723434448
627,-0.17900000512599945,-1.1089999675750732,1.6799999475479126
630,6.138000011444092,2.7160000801086426,-0.5870000123977661
633,7.474999904632568,1.409000039100647,-2.625
636,7.678999900817871,1.4240000247955322,1.503000020980835
639,6.46999979019165,-2.5290000438690186,-0.8600000143051147
642,7.834000110626221,-1.5049999952316284,-2.927999973297119
645,7.572000026702881,-1.347000002861023,1.312999963760376
648,10.402000427246094,2.377000093460083,-7.116000175476074
651,11.597999572753906,1.1080000400543213,-9.343000411987305
654,-9.52400016784668,2.1080000400543213,-9.470000267028809
657,-8.01200008392334,1.472000002861023,-6.888000011444092
660,-9.35200023651123,2.5880000591278076,-4.672999858856201
663,11.673999786376953,1.440000057220459,-4.877999782562256
666,10.303000450134277,-2.2109999656677246,-7.3460001945495605
669,11.822999954223633,-1.5019999742507935,-9.460000038146973
672,-9.206000328063965,-2.5350000858306885,-9.29800033569336
675,-7.947999954223633,-1.5069999694824219,-7.011000156402588
678,-9.593000411987305,-2.502000093460083,-5.064000129699707
681,11.395000457763672,-1.3660000562667847,-4.896999835968018
684,-5.364999771118164,2.322000026702881,-7.090000152587891
687,-4.084000110626221,1.4910000562667847,-9.27400016784668
690,-1.3919999599456787,2.174999952316284,-9.38599967956543
693,0.11999999731779099,1.1059999465942383,-7.281000137329102
696,-1.4910000562667847,1.8940000534057617,-5.072999954223633
699,-4.251999855041504,1.090000033378601,-4.785999774932861
702,-5.446000099182129,-2.496000051498413,-7.129000186920166
705,-3.871000051498413,-1.3519999980926514,-9.170000076293945
708,-1.3550000190734863,-2.063999891281128,-9.762999534606934
711,0.008999999612569809,-1.590000033378601,-7.414999961853027
714,-1.3769999742507935,-2.2790000438690186,-5.140999794006348
717,-4.178999900817871,-1.7280000448226929,-4.908999919891357
720,2.5820000171661377,2.23799991607666,-7.38700008392334
723,3.828000068664551,1.4240000247955322,-9.809000015258789
726,6.311999797821045,2.3559999465942383,-9.545000076293945
729,7.826000213623047,1.2070000171661377,-7.296999931335449
732,6.2230000495910645,2.2720000743865967,-5.104000091552734
735,3.75,1.0529999732971191,-5.078999996185303
738,2.6649999618530273,-2.2829999923706055,-7.485000133514404
741,3.878000020980835,-1.3489999771118164,-9.711999893188477
744,6.553999900817871,-2.424999952316284,-9.821999549865723
747,7.645999908447266,-1.4509999752044678,-7.520999908447266
750,6.551000118255615,-2.2769999504089355,-5.209000110626221
753,3.86299991607666,-1.6080000400543213,-5.072999954223633
756,10.390000343322754,1.9739999771118164,10.682999610900879
759,11.57800006866455,0.9729999899864197,12.993000030517578
762,10.324000358581543,2.2100000381469727,-11.65999984741211
765,10.524999618530273,-2.4739999771118164,10.829000473022461
768,11.923999786376953,-1.7319999933242798,13.324000358581543
771,10.456999778747559,-2.3559999465942383,-11.675000190734863
774,-9.503999710083008,2.0160000324249268,13.277000427246094
777,-8.253000259399414,1.2339999675750732,10.89799976348877
780,-5.866000175476074,2.2320001125335693,10.758000373840332
783,-4.377999782562256,1.6380000114440918,13.038000106811523
786,-5.401000022888184,2.5429999828338623,-11.77400016784668
789,-7.841000080108643,1.3730000257492065,-11.496999740600586
792,-9.059000015258789,-2.361999988555908,13.472000122070313
795,-8.092000007629395,-1.4800000190734863,10.967000007629395
798,-5.380000114440918,-2.0950000286102295,10.609999656677246
801,-4.123000144958496,-1.1430000066757202,12.89799976348877
804,-5.241000175476074,-2.1519999504089355,-11.923999786376953
807,-8.0,-1.343999981880188,-11.425000190734863
810,-1.7760000228881836,2.4049999713897705,12.901000022888184
813,-0.3070000112056732,1.3270000219345093,10.86299991607666
816,2.259999990463257,2.440000057220459,10.53600025177002
819,3.561000108718872,1.7020000219345093,13.071000099182129
822,2.2990000247955322,2.5910000801086426,-11.88599967956543
825,-0.3050000071525574,1.5160000324249268,-11.895999908447266
828,-1.5410000085830688,-2.374000072479248,12.777999877929688
831,-0.09099999815225601,-1.472000002861023,10.628999710083008
834,2.5999999046325684,-2.0759999752044678,10.378000259399414
837,3.6610000133514404,-1.0850000381469727,12.97599983215332
840,2.5980000495910645,-2.322999954223633,-12.01200008392334
843,-0.003000000026077032,-1.3339999914169312,-12.159000396728516
846,6.297999858856201,2.5360000133514404,12.907999992370605
849,7.736999988555908,1.340999960899353,10.803999900817871
852,7.5370001792907715,1.7059999704360962,-11.906000137329102
855,6.186999797821045,-2.188999891281128,12.965999603271484
858,7.932000160217285,-1.371000051498413,10.95199966430664
861,7.51800012588501,-1.0269999504089355,-11.980999946594238
864,10.440999984741211,9.741000175476074,6.4029998779296875
867,11.878999710083008,9.02400016784668,3.9830000400543213
870,-9.097999572753906,10.178999900817871,4.15500020980835
873,-7.7270002365112305,9.118000030517578,6.4070000648498535
876,-9.440999984741211,9.576000213623047,8.52299976348877
879,11.602999687194824,8.66100025177002,8.713000297546387
882,10.642999649047852,5.131999969482422,6.3470001220703125
885,11.432999610900879,6.190000057220459,3.875999927520752
888,-9.39900016784668,5.441999912261963,3.8919999599456787
891,-8.116000175476074,6.375,6.1529998779296875
894,-8.996000289916992,5.276000022888184,8.522000312805176
897,11.928999900817871,5.855000019073486,8.656000137329102
900,-4.988999843597412,9.819999694824219,6.40500020980835
903,-3.743000030517578,8.692000389099121,4.255000114440918
906,-1.309000015258789,10.010000228881836,4.124000072479248
909,0.11599999666213989,9.222000122070313,6.513000011444092
912,-1.5770000219345093,10.147000312805176,8.567999839782715
915,-3.9560000896453857,8.729000091552734,8.763999938964844
918,-5.373000144958496,5.186999797821045,6.2769999504089355
921,-3.703000068664551,5.98799991607666,4.164999961853027
924,-1.0540000200271606,5.499000072479248,4.006999969482422
927,0.453000009059906,6.465000152587891,6.129000186920166
930,-1.1959999799728394,5.327000141143799,8.246999740600586
933,-3.8959999084472656,5.921999931335449,8.656999588012695
936,3.003999948501587,9.86400032043457,6.451000213623047
939,4.146999835968018,9.10099983215332,4.0879998207092285
942,6.921000003814697,9.73799991607666,3.865999937057495
945,7.835999965667725,8.970000267028809,6.39300012588501
948,6.72599983215332,9.62600040435791,8.774999618530273
951,4.064000129699707,8.829999923706055,8.871000289916992
954,3.0759999752044678,5.203999996185303,6.078999996185303
957,4.309999942779541,6.242000102996826,3.7769999504089355
960,6.735000133514404,5.0929999351501465,3.938999891281128
963,8.07800006866455,6.205999851226807,6.034999847412109
966,6.89900016784668,5.086999893188477,8.267999649047852
969,4.2179999351501465,5.98799991607666,8.482000350952148
972,8.973999977111816,9.822999954223633,-2.9639999866485596
975,-11.220000267028809,9.012999534606934,-0.44600000977516174
978,10.78600025177002,10.11400032043457,1.4850000143051147
981,10.402000427246094,5.290999889373779,-2.9519999027252197
984,12.140999794006348,6.218999862670898,-0.3970000147819519
987,10.244999885559082,5.423999786376953,1.4429999589920044
990,-8.496999740600586,9.975000381469727,-0.13099999725818634
993,-8.074000358581543,8.888999938964844,-2.568000078201294
996,-5.4720001220703125,10.017000198364258,-2.553999900817871
999,-4.486999988555908,8.862000465393066,-0.3569999933242798
1002,-4.877999782562256,9.982000350952148,2.1080000400543213
1005,-7.395999908447266,9.092000007629395,2.2860000133514404
1008,-8.822999954223633,5.303999900817871,-0.4909999966621399
1011,-7.827000141143799,6.160999774932861,-2.859999895095825
1014,-5.322000026702881,4.947999954223633,-2.872999906539917
1017,-4.201000213623047,5.874000072479248,-0.5379999876022339
1020,-5.072999954223633,5.060999870300293,1.9830000400543213
1023,-7.664000034332275,6.421999931335449,1.9550000429153442
1026,-1.8630000352859497,9.90999984741211,-0.4390000104904175
1029,-0.8119999766349792,8.85200023651123,-2.6480000019073486
1032,1.7899999618530273,10.005999565124512,-2.884000062942505
1035,3.688999891281128,8.9399995803833,-0.9110000133514404
1038,2.9679999351501465,9.902999877929688,1.61899995803833
1041,-0.019999999552965164,8.956000328063965,1.8489999771118164
1044,-1.475000023841858,5.204999923706055,-0.5730000138282776
1047,-0.34200000762939453,6.199999809265137,-2.8929998874664307
1050,2.177000045776367,4.978000164031982,-2.9049999713897705
1053,3.494999885559082,6.198999881744385,-0.7480000257492065
1056,2.515000104904175,5.013000011444092,1.4570000171661377
1059,-0.24500000476837158,6.256999969482422,1.5369999408721924
1062,7.089000225067139,10.180000305175781,-0.19200000166893005
1065,6.3420000076293945,9.204999923706055,-2.688999891281128
1068,8.444999694824219,8.843999862670898,1.774999976158142
1071,6.2230000495910645,5.40500020980835,-0.9150000214576721
1074,7.585999965667725,6.410999774932861,-3.1089999675750732
1077,7.6620001792907715,6.380000114440918,1.4789999723434448
1080,9.562999725341797,10.097999572753906,-7.703999996185303
1083,11.498000144958496,8.732000350952148,-9.420000076293945
1086,-9.618000030517578,9.687000274658203,-9.133999824523926
1089,-8.460000038146973,8.814000129699707,-6.923999786376953
1092,-9.519000053405762,9.628999710083008,-4.64900016784668
1095,11.10200023651123,9.20300006866455,-4.857999801635742
1098,10.024999618530273,5.203999996185303,-7.311999797821045
1101,11.586999893188477,5.999000072479248,-9.515999794006348
1104,-9.310999870300293,5.021999835968018,-9.461000442504883
1107,-7.90500020980835,6.129000186920166,-7.323999881744385
1110,-9.531999588012695,5.25,-5.307000160217285
1113,11.46500015258789,6.506999969482422,-5.2270002365112305
1116,-5.716000080108643,9.64799976348877,-6.966000080108643
1119,-4.38700008392334,8.746000289916992,-9.239999771118164
1122,-1.8140000104904175,9.6899995803833,-9.303999900817871
1125,-0.5049999952316284,8.772000312805176,-7.1570000648498535
1128,-2.0360000133514404,9.781000137329102,-4.895999908447266
1131,-4.416999816894531,8.708000183105469,-4.6519999504089355
1134,-5.3429999351501465,5.013999938964844,-7.493000030517578
1137,-4.083000183105469,6.1519999504089355,-9.623000144958496
1140,-1.3700000047683716,5.045000076293945,-9.456999778747559
1143,-0.17299999296665192,6.019999980926514,-7.145999908447266
1146,-1.378999948501587,4.736999988555908,-5.070000171661377
1149,-3.8429999351501465,5.952000141143799,-5.01800012588501
1152,1.746999979019165,10.50100040435791,-7.302000045776367
1155,3.013000011444092,9.12399959564209,-9.329999923706055
1158,5.673999786376953,9.545000076293945,-9.86299991607666
1161,6.973999977111816,9.218999862670898,-7.3979997634887695
1164,5.6529998779296875,9.968000411987305,-5.25
1167,3.0380001068115234,9.135000228881836,-5.0929999351501465
1170,2.5139999389648438,5.046000003814697,-7.420000076293945
1173,3.568000078201294,6.3470001220703125,-9.543999671936035
1176,6.171000003814697,5.038000106811523,-9.529999732971191
1179,7.494999885559082,6.400000095367432,-7.320000171661377
1182,6.2220001220703125,5.109000205993652,-5.281000137329102
1185,3.7109999656677246,6.1539998054504395,-4.953000068664551
1188,10.590999603271484,10.031999588012695,11.045000076293945
1191,11.604000091552734,8.645999908447266,13.217000007629395
1194,10.215999603271484,9.644000053405762,-11.817999839782715
1197,10.776000022888184,4.745999813079834,10.848999977111816
1200,11.998000144958496,5.861000061035156,13.064000129699707
1203,10.425999641418457,5.031000137329102,-11.9399995803833
1206,-9.302000045776367,9.760000228881836,13.347999572753906
1209,-8.277000427246094,8.687000274658203,11.062999725341797
1212,-5.563000202178955,9.53499984741211,10.805000305175781
1215,-4.400000095367432,9.019000053405762,13.223999977111816
1218,-5.4710001945495605,9.779999732971191,-11.552000045776367
1221,-8.192000389099121,8.942999839782715,-11.413999557495117
1224,-9.060999870300293,4.8480000495910645,13.246000289916992
1227,-7.833000183105469,6.014999866485596,11.020999908447266
1230,-5.24399995803833,4.99399995803833,10.696999549865723
1233,-4.239999771118164,6.375,12.96500015258789
1236,-5.495999813079834,5.366000175476074,-11.980999946594238
1239,-8.053999900817871,6.105999946594238,-11.642999649047852
1242,-1.5950000286102295,9.666999816894531,13.055999755859375
1245,-0.05299999937415123,9.125,10.70300006866455
1248,2.615000009536743,9.75100040435791,10.970000267028809
1251,3.7809998989105225,8.732999801635742,13.269000053405762
1254,2.197999954223633,9.930000305175781,-11.942999839782715
1257,-0.5350000262260437,8.965999603271484,-11.576000213623047
1260,-1.3109999895095825,5.4039998054504395,12.815999984741211
1263,-0.24400000274181366,6.453000068664551,10.49899959564209
1266,2.558000087738037,5.120999813079834,10.54800033569336
1269,3.6459999084472656,6.066999912261963,12.878000259399414
1272,2.4600000381469727,5.329999923706055,-11.994999885559082
1275,-0.3659999966621399,6.215000152587891,-11.875
1278,6.473999977111816,9.381999969482422,13.085000038146973
1281,8.02400016784668,8.628999710083008,10.975000381469727
1284,7.473999977111816,8.395999908447266,-11.567999839782715
1287,6.465000152587891,5.328999996185303,12.730999946594238
1290,7.98799991607666,5.947000026702881,10.652000427246094
1293,7.7179999351501465,5.703999996185303,-11.821000099182129
