0,1.3480000495910645,-8.835000038146973,2.9779999256134033
3,10.85200023651123,10.649999618530273,10.006999969482422
6,6.242000102996826,-5.039000034332275,-13.017000198364258
9,10.329999923706055,11.045999526977539,4.828000068664551
12,-2.2679998874664307,-4.525000095367432,13.345999717712402
15,9.98900032043457,5.560999870300293,4.565000057220459
18,4.256999969482422,9.8149995803833,10.58899974822998
21,5.607999801635742,6.895999908447266,8.059000015258789
24,5.223999977111816,9.718000411987305,7.8520002365112305
27,5.189000129699707,-7.639999866485596,10.531000137329102
30,10.527999877929688,8.342000007629395,4.855000019073486
33,3.134999990463257,10.40999984741211,5.664000034332275
36,-10.555999755859375,-4.761000156402588,2.4179999828338623
39,9.461999893188477,-6.966000080108643,2.8469998836517334
42,-2.8499999046325684,-6.811999797821045,1.472000002861023
45,-9.654999732971191,-5.814000129699707,4.776000022888184
48,-2.2320001125335693,-7.88700008392334,9.369999885559082
51,-10.142999649047852,-7.084000110626221,6.96999979019165
54,-6.758999824523926,2.421999931335449,6.349999904632568
57,-7.420000076293945,11.697999954223633,3.9240000247955322
60,-8.074000358581543,-8.149999618530273,3.109999895095825
63,7.9070000648498535,4.1529998779296875,8.991999626159668
66,2.0859999656677246,7.414999961853027,12.109999656677246
69,-5.050000190734863,-7.85699987411499,9.690999984741211
72,-0.6110000014305115,9.885000228881836,12.946000099182129
75,3.622999906539917,6.03000020980835,9.88599967956543
78,-3.3380000591278076,0.7960000038146973,-1.3329999446868896
81,11.49899959564209,-1.5779999494552612,5.232999801635742
84,1.2239999771118164,12.121999740600586,7.296999931335449
87,-5.343999862670898,8.54800033569336,9.6899995803833
90,5.39300012588501,11.595000267028809,-11.446999549865723
93,-5.811999797821045,11.529000282287598,6.230999946594238
96,-0.01600000075995922,-8.536999702453613,0.6549999713897705
99,3.990999937057495,-6.695000171661377,4.204999923706055
102,7.497000217437744,-8.878999710083008,9.725000381469727
105,1.656000018119812,-7.951000213623047,5.51800012588501
108,2.1110000610351563,-5.526000022888184,2.6489999294281006
111,10.267000198364258,-4.394000053405762,2.6510000228881836
114,3.5299999713897705,4.626999855041504,13.645000457763672
117,1.340999960899353,9.38599967956543,-5.815000057220459
120,4.622000217437744,-8.003999710083008,-0.6420000195503235
123,7.631999969482422,-8.45300006866455,1.1679999828338623
126,8.763999938964844,-3.5360000133514404,0.11699999868869781
129,-6.385000228881836,12.204000473022461,-2.9200000762939453
132,-7.372000217437744,-6.770999908447266,-0.0820000022649765
135,-9.984999656677246,-7.083000183105469,1.152999997138977
138,12.836000442504883,-8.744999885559082,-2.98799991607666
141,-10.104000091552734,-3.322000026702881,0.07199999690055847
144,6.144000053405762,12.071999549865723,7.379000186920166
147,10.420999526977539,-6.909999847412109,-2.931999921798706
150,-4.947000026702881,8.819999694824219,-2.2290000915527344
153,-10.468999862670898,4.366000175476074,2.9019999504089355
156,9.875,-6.9679999351501465,-0.2409999966621399
159,6.716000080108643,-8.550999641418457,3.7950000762939453
162,-7.735000133514404,-2.0450000762939453,0.6489999890327454
165,-7.249000072479248,-3.4030001163482666,-3.125
168,-2.494999885559082,-2.1419999599456787,-2.1089999675750732
171,-5.239999771118164,-6.828999996185303,6.909999847412109
174,-1.9809999465942383,5.5370001792907715,3.7309999465942383
177,-7.052999973297119,-5.189000129699707,5.618000030517578
180,-6.301000118255615,-9.371000289916992,-0.32600000500679016
183,-4.11299991607666,11.152000427246094,-7.88700008392334
186,-1.128000020980835,4.53000020980835,-6.617000102996826
189,-0.020999999716877937,9.857999801635742,6.190999984741211
192,-3.5920000076293945,-7.113999843597412,-4.675000190734863
195,-5.36299991607666,10.430000305175781,-0.10499999672174454
198,-1.8040000200271606,-7.931000232696533,-1.1160000562667847
201,-3.2890000343322754,11.081000328063965,3.2209999561309814
204,-0.7239999771118164,11.251999855041504,2.246000051498413
207,-7.895999908447266,5.379000186920166,8.866000175476074
210,0.36899998784065247,3.7679998874664307,4.127999782562256
213,2.871000051498413,-3.884000062942505,9.394000053405762
216,0.9169999957084656,-5.978000164031982,-2.0290000438690186
219,9.767999649047852,11.753999710083008,-5.357999801635742
222,8.911999702453613,-4.383999824523926,-8.477999687194824
225,10.857000350952148,-6.159999847412109,-5.635000228881836
228,-8.732999801635742,-6.997000217437744,-2.3570001125335693
231,5.51200008392334,-1.8839999437332153,-4.300000190734863
234,6.035999774932861,-6.086999893188477,-1.8420000076293945
237,8.678000450134277,-7.928999900817871,-6.690000057220459
240,-9.246999740600586,7.214000225067139,-0.9169999957084656
243,11.517000198364258,11.314000129699707,-3.1010000705718994
246,4.992000102996826,-8.654000282287598,-3.2860000133514404
249,8.520999908447266,-8.805000305175781,-3.8910000324249268
252,6.501999855041504,0.6959999799728394,-5.803999900817871
255,10.019000053405762,-0.7459999918937683,-5.890999794006348
258,-5.921999931335449,-2.9070000648498535,-8.013999938964844
261,-9.241999626159668,-7.015999794006348,-7.910999774932861
264,-3.628999948501587,-6.190999984741211,-2.25
267,-8.611000061035156,-4.020999908447266,-7.616000175476074
270,9.590999603271484,10.105999946594238,-7.625999927520752
273,-10.652000427246094,11.866000175476074,-8.220000267028809
276,-10.729000091552734,-5.27400016784668,13.343999862670898
279,-6.65500020980835,-5.310999870300293,-10.529999732971191
282,-6.625,-4.998000144958496,-5.238999843597412
285,11.74899959564209,-8.857999801635742,-10.28600025177002
288,-5.688000202178955,-0.3580000102519989,-7.014999866485596
291,2.121999979019165,-4.072999954223633,-3.7219998836517334
294,3.0420000553131104,12.60099983215332,-7.4710001945495605
297,2.871999979019165,-9.432000160217285,-4.765999794006348
300,0.7639999985694885,-8.369999885559082,-3.568000078201294
303,-4.986999988555908,-8.883999824523926,-6.144999980926514
306,-1.024999976158142,-7.88100004196167,-5.636000156402588
309,0.23800000548362732,-6.489999771118164,-7.48799991607666
312,0.5929999947547913,11.38599967956543,-7.638999938964844
315,7.0329999923706055,9.065999984741211,-6.863999843597412
318,1.3760000467300415,8.520999908447266,-1.8040000200271606
321,-2.8480000495910645,-6.1620001792907715,-7.958000183105469
324,4.578999996185303,-6.794000148773193,8.140999794006348
327,11.392000198364258,-8.979999542236328,11.401000022888184
330,3.184999942779541,12.633999824523926,-10.303999900817871
333,4.5920000076293945,12.468000411987305,9.472000122070313
336,9.97599983215332,-7.23799991607666,13.14900016784668
339,9.597000122070313,11.73799991607666,-10.512999534606934
342,7.36899995803833,-6.854000091552734,12.456999778747559
345,-5.949999809265137,-5.216000080108643,10.468999862670898
348,-6.456999778747559,-3.1530001163482666,12.618000030517578
351,-4.185999870300293,-2.5290000438690186,13.871999740600586
354,11.852999687194824,-6.159999847412109,-10.916999816894531
357,11.178999900817871,-5.705999851226807,11.008000373840332
360,-7.828999996185303,-7.085999965667725,8.680999755859375
363,11.769000053405762,-7.421000003814697,9.071999549865723
366,-6.830999851226807,10.982000350952148,9.060999870300293
369,-8.258000373840332,-6.584000110626221,11.246999740600586
372,8.140999794006348,8.378999710083008,12.956000328063965
375,10.145999908447266,7.986999988555908,11.041000366210938
378,-2.063999891281128,12.291999816894531,-9.592000007629395
381,11.444999694824219,11.166999816894531,12.843000411987305
384,-4.947000026702881,-7.931000232696533,-8.708000183105469
387,1.9830000400543213,-8.807000160217285,9.524999618530273
390,-3.8420000076293945,-8.472000122070313,-11.07699966430664
393,-1.0529999732971191,11.656000137329102,-12.307999610900879
396,9.895000457763672,9.600000381469727,-12.340999603271484
399,-3.3010001182556152,10.550000190734863,12.411999702453613
402,1.5449999570846558,11.432999610900879,11.793000221252441
405,7.736999988555908,-8.951000213623047,-9.36400032043457
408,-6.7820000648498535,-6.044000148773193,13.597000122070313
411,-5.164000034332275,-2.440000057220459,-10.65999984741211
414,0.22200000286102295,-2.700000047683716,-9.885000228881836
417,2.365000009536743,-4.934999942779541,-12.503999710083008
420,-2.5250000953674316,-4.03000020980835,-9.571000099182129
423,6.885000228881836,-6.89300012588501,-10.777999877929688
426,-1.121000051498413,-6.788000106811523,3.9000000953674316
429,4.572999954223633,10.446999549865723,-6.254000186920166
432,6.285999774932861,-2.7309999465942383,4.7220001220703125
435,9.083999633789063,-0.40799999237060547,7.689000129699707
438,-7.506999969482422,-1.3819999694824219,5.51800012588501
441,-4.302000045776367,0.8050000071525574,10.536999702453613
444,10.77299976348877,0.14499999582767487,1.9179999828338623
447,11.166999816894531,1.8639999628067017,11.074000358581543
450,4.215000152587891,-2.882999897003174,7.178999900817871
453,5.440000057220459,-5.0960001945495605,6.166999816894531
456,9.576000213623047,-1.5959999561309814,-1.496999979019165
459,-8.295999526977539,5.303999900817871,11.704999923706055
462,9.14799976348877,-2.1570000648498535,4.0269999504089355
465,3.2950000762939453,0.9070000052452087,8.59000015258789
468,-9.097999572753906,2.4159998893737793,4.650000095367432
471,-9.786999702453613,3.328000068664551,8.404000282287598
474,-4.210999965667725,-1.2130000591278076,0.8029999732971191
477,-2.990000009536743,9.282999992370605,7.385000228881836
480,-1.024999976158142,-4.238999843597412,8.49899959564209
483,-6.197000026702881,4.10699987411499,13.13700008392334
486,-7.678999900817871,-4.2820000648498535,8.652000427246094
489,-10.312000274658203,-4.098999977111816,9.036999702453613
492,-2.5889999866485596,-3.8480000495910645,0.4569999873638153
495,-4.173999786376953,-2.3259999752044678,5.940999984741211
498,-8.362000465393066,-1.0889999866485596,13.163999557495117
501,-9.368000030517578,-4.359000205993652,-10.213000297546387
504,-1.7869999408721924,4.3420000076293945,6.676000118255615
507,-1.149999976158142,-3.3269999027252197,11.184000015258789
510,7.927000045776367,1.3279999494552612,5.389999866485596
513,2.990000009536743,-1.13100004196167,5.473999977111816
516,0.24799999594688416,-1.5609999895095825,8.52400016784668
519,4.046000003814697,1.9700000286102295,3.9800000190734863
522,-3.864000082015991,-4.6539998054504395,8.586999893188477
525,-8.515999794006348,1.0369999408721924,8.569999694824219
528,-6.598999977111816,-3.5480000972747803,2.809999942779541
531,-2.450000047683716,11.442000389099121,5.986999988555908
534,-7.260000228881836,-1.3990000486373901,8.362000465393066
537,0.3779999911785126,-5.6529998779296875,6.343999862670898
540,0.21299999952316284,-1.975000023841858,-3.86299991607666
543,4.015999794006348,8.342000007629395,-2.325000047683716
546,5.138000011444092,2.4730000495910645,-1.309999942779541
549,0.7260000109672546,-1.6239999532699585,2.200000047683716
552,1.8589999675750732,-3.690999984741211,0.546999990940094
555,1.6380000114440918,-3.4240000247955322,4.13700008392334
558,-10.144000053405762,4.459000110626221,-0.3310000002384186
561,12.454999923706055,-2.5929999351501465,-4.0970001220703125
564,-11.336999893188477,-0.6000000238418579,-7.289000034332275
567,-1.9010000228881836,-2.7790000438690186,-5.303999900817871
570,-10.604999542236328,0.12099999934434891,3.7130000591278076
573,12.15999984741211,-0.7889999747276306,-0.3100000023841858
576,8.927000045776367,0.43700000643730164,-3.315000057220459
579,9.972999572753906,-3.7790000438690186,-3.2170000076293945
582,-9.836000442504883,-4.2270002365112305,-2.428999900817871
585,11.395000457763672,1.5509999990463257,-2.678999900817871
588,-5.5960001945495605,0.35499998927116394,2.4739999771118164
591,8.35099983215332,12.657999992370605,5.699999809265137
594,-7.640999794006348,5.60099983215332,-2.3570001125335693
597,-7.97599983215332,1.0190000534057617,-3.640000104904175
600,-1.5950000286102295,-0.8320000171661377,1.0959999561309814
603,-4.38100004196167,-8.946999549865723,5.211999893188477
606,-5.511000156402588,2.1010000705718994,-2.3940000534057617
609,-4.73799991607666,7.675000190734863,1.4170000553131104
612,-2.802999973297119,0.9390000104904175,4.11299991607666
615,-3.6440000534057617,-0.6959999799728394,-4.546000003814697
618,-1.7940000295639038,4.901000022888184,-2.0859999656677246
621,-1.9079999923706055,-1.7130000591278076,4.435999870300293
624,2.2279999256134033,2.2950000762939453,6.263999938964844
627,-3.4100000858306885,2.444000005722046,8.092000007629395
630,10.184000015258789,2.066999912261963,3.6640000343322754
633,-4.255000114440918,4.289999961853027,-0.15700000524520874
636,6.303999900817871,3.7100000381469727,4.684999942779541
639,6.159999847412109,-4.619999885559082,-9.196999549865723
642,0.20900000631809235,-0.625,5.791999816894531
645,7.238999843597412,-4.901000022888184,3.378999948501587
648,2.561000108718872,0.12700000405311584,-2.1589999198913574
651,11.503000259399414,-5.8520002365112305,-8.175000190734863
654,11.479999542236328,5.080999851226807,-11.812999725341797
657,6.308000087738037,0.6729999780654907,-3.124000072479248
660,10.26099967956543,3.4800000190734863,-4.416999816894531
663,2.9700000286102295,-2.6730000972747803,-1.6690000295639038
666,2.4189999103546143,-4.9710001945495605,-6.521999835968018
669,4.824999809265137,-4.388000011444092,-3.811000108718872
672,2.8350000381469727,-1.6799999475479126,-9.67300033569336
675,-10.315999984741211,0.08500000089406967,-4.288000106811523
678,6.127999782562256,-4.132999897003174,-6.413000106811523
681,-0.4429999887943268,-0.20600000023841858,-1.5460000038146973
684,-5.2820000648498535,6.789000034332275,-8.144000053405762
687,-8.286999702453613,4.883999824523926,-8.831999778747559
690,-4.874000072479248,4.801000118255615,-10.194999694824219
693,-9.616999626159668,3.421999931335449,-7.211999893188477
696,-7.366000175476074,4.704999923706055,-11.404999732971191
699,-2.632999897003174,1.7630000114440918,-5.230999946594238
702,9.352999687194824,-3.5230000019073486,-5.789000034332275
705,12.001999855041504,0.5320000052452087,-10.086999893188477
708,-6.276000022888184,-0.027000000700354576,-10.817000389099121
711,-8.829000473022461,0.3930000066757202,-7.804999828338623
714,-5.991000175476074,-1.1670000553131104,-1.194000005722046
717,-5.0370001792907715,-5.434999942779541,0.6060000061988831
720,2.615000009536743,1.5019999742507935,-4.497000217437744
723,0.07199999690055847,1.937000036239624,-6.519999980926514
726,1.5920000076293945,6.15500020980835,-9.567999839782715
729,1.1030000448226929,0.781000018119812,-8.85099983215332
732,3.249000072479248,1.1629999876022339,0.1979999989271164
735,-0.14900000393390656,2.066999912261963,-3.2230000495910645
738,-1.402999997138977,-4.8480000495910645,-1.6380000114440918
741,-6.370999813079834,-0.9869999885559082,-4.364999771118164
744,2.7109999656677246,8.720000267028809,-9.97700023651123
747,3.1630001068115234,2.318000078201294,-9.600000381469727
750,2.069000005722046,-6.895999908447266,0.22200000286102295
753,-1.3389999866485596,-4.195000171661377,2.874000072479248
756,4.085000038146973,-8.805000305175781,6.2170000076293945
759,9.192999839782715,-2.568000078201294,11.807999610900879
762,10.954999923706055,2.796999931335449,-10.128000259399414
765,8.57800006866455,-5.156000137329102,10.687000274658203
768,2.2829999923706055,-1.3930000066757202,10.406999588012695
771,4.671999931335449,-3.9690001010894775,-11.222000122070313
774,-9.595999717712402,-0.4650000035762787,10.729000091552734
777,-10.154000282287598,-2.693000078201294,14.42300033569336
780,-7.960999965667725,1.7999999523162842,11.692999839782715
783,-0.013000000268220901,-5.955999851226807,13.21500015258789
786,-2.9110000133514404,5.114999771118164,-12.164999961853027
789,9.291999816894531,-5.980999946594238,-11.73900032043457
792,-5.776000022888184,-1.6699999570846558,10.611000061035156
795,-1.6699999570846558,0.41200000047683716,9.543000221252441
798,6.769000053405762,-4.303999900817871,9.050000190734863
801,12.170000076293945,-1.343999981880188,12.460000038146973
804,12.26200008392334,-3.369999885559082,-8.08899974822998
807,8.20199966430664,-3.3940000534057617,-12.35099983215332
810,-4.21999979019165,2.242000102996826,-12.649999618530273
813,-2.507999897003174,-8.70300006866455,13.340999603271484
816,4.171999931335449,2.006999969482422,-6.745999813079834
819,6.625,-1.5410000085830688,8.217000007629395
822,-2.2829999923706055,-6.136000156402588,-11.588000297546387
825,-8.196000099182129,1.7999999523162842,-10.03499984741211
828,-1.3029999732971191,-1.3830000162124634,-11.628999710083008
831,0.5329999923706055,-8.815999984741211,13.437000274658203
834,-1.7690000534057617,-8.378999710083008,6.619999885559082
837,-0.25699999928474426,-7.84499979019165,-9.88599967956543
840,-4.136000156402588,-4.238999843597412,-6.459000110626221
843,-4.2820000648498535,0.6430000066757202,-9.133999824523926
846,3.8410000801086426,-2.809000015258789,-7.303999900817871
849,2.010999917984009,-7.563000202178955,-11.486000061035156
852,-1.430999994277954,0.16699999570846558,-9.461999893188477
855,1.774999976158142,-6.215000152587891,8.937999725341797
858,5.613999843597412,-0.1420000046491623,5.011000156402588
861,0.42899999022483826,-2.947000026702881,-7.1519999504089355
864,8.633000373840332,5.204999923706055,13.140000343322754
867,10.196999549865723,4.010000228881836,-1.2309999465942383
870,4.443999767303467,5.4029998779296875,3.7890000343322754
873,-10.977999687194824,-0.4950000047683716,8.319000244140625
876,10.522000312805176,3.4159998893737793,8.689000129699707
879,-5.052999973297119,-7.934000015258789,12.4350004196167
882,5.991000175476074,1.1069999933242798,8.567000389099121
885,7.285999774932861,5.868000030517578,5.9629998207092285
888,10.857999801635742,3.171999931335449,6.026000022888184
891,9.39900016784668,6.190999984741211,2.0230000019073486
894,-11.04699993133545,6.802000045776367,11.699999809265137
897,10.72599983215332,1.6369999647140503,13.812999725341797
900,-6.285999774932861,5.886000156402588,6.644999980926514
903,12.29699993133545,8.565999984741211,2.572000026702881
906,-6.706999778747559,-7.3379998207092285,-4.144999980926514
909,-3.490999937057495,6.388999938964844,7.051000118255615
912,-0.8500000238418579,8.02400016784668,8.428000450134277
915,-3.6040000915527344,10.925999641418457,9.763999938964844
918,-8.918999671936035,8.946000099182129,8.100000381469727
921,-0.8069999814033508,2.015000104904175,5.6529998779296875
924,-9.300999641418457,5.710999965667725,5.300000190734863
927,2.046999931335449,5.111999988555908,2.619999885559082
930,0.9580000042915344,-2.4149999618530273,12.717000007629395
933,12.163000106811523,6.307000160217285,9.09000015258789
936,4.880000114440918,8.138999938964844,2.447999954223633
939,7.234000205993652,5.130000114440918,0.6470000147819519
942,10.880000114440918,6.533999919891357,-2.174999952316284
945,4.992000102996826,11.727999687194824,3.7820000648498535
948,3.743000030517578,3.2720000743865967,9.940999984741211
951,5.230000019073486,7.186999797821045,-0.19499999284744263
954,-6.229000091552734,2.4769999980926514,9.430999755859375
957,-4.590000152587891,0.47099998593330383,6.324999809265137
960,10.946999549865723,3.632999897003174,1.3550000190734863
963,3.5950000286102295,4.926000118255615,6.235000133514404
966,10.843000411987305,-2.6059999465942383,7.692999839782715
969,-2.75,-1.065000057220459,11.998000144958496
972,7.757999897003174,3.9230000972747803,-4.961999893188477
975,2.6459999084472656,10.475000381469727,-3.558000087738037
978,2.4570000171661377,7.547999858856201,6.11299991607666
981,1.2170000076293945,4.202000141143799,-2.125999927520752
984,4.0970001220703125,5.014999866485596,-1.687999963760376
987,-10.527999877929688,1.9249999523162842,-0.012000000104308128
990,-4.484000205993652,10.612000465393066,-4.314000129699707
993,-6.164999961853027,4.158999919891357,-7.320000171661377
996,12.01099967956543,7.056000232696533,0.46799999475479126
999,-8.477999687194824,9.956000328063965,-1.6660000085830688
1002,-11.01200008392334,7.618000030517578,6.7170000076293945
1005,7.427999973297119,-5.748000144958496,0.40299999713897705
1008,-8.118000030517578,3.0999999046325684,1.9049999713897705
1011,8.833999633789063,1.7300000190734863,-6.521999835968018
1014,-2.6610000133514404,1.6299999952316284,1.3040000200271606
1017,-5.920000076293945,2.255000114440918,0.550000011920929
1020,-8.597999572753906,0.4129999876022339,1.5379999876022339
1023,12.095999717712402,9.288000106811523,-4.614999771118164
1026,-2.503999948501587,7.410999774932861,-2.4079999923706055
1029,-5.650000095367432,9.890999794006348,2.640000104904175
1032,-2.5309998989105225,8.907999992370605,0.5680000185966492
1035,-4.659999847412109,-9.199000358581543,1.9830000400543213
1038,-0.6150000095367432,7.689000129699707,2.742000102996826
1041,-6.8520002365112305,4.502999782562256,4.193999767303467
1044,-4.706999778747559,5.208000183105469,2.453000068664551
1047,-1.2680000066757202,3.953000068664551,0.5550000071525574
1050,-4.456999778747559,3.812000036239624,-5.285999774932861
1053,1.5010000467300415,1.156999945640564,3.190999984741211
1056,-6.224999904632568,8.597000122070313,7.03000020980835
1059,-7.953000068664551,3.2709999084472656,-5.13700008392334
1062,1.684000015258789,10.336000442504883,3.068000078201294
1065,-5.175000190734863,6.436999797821045,-4.539000034332275
1068,6.499000072479248,11.545999526977539,-4.189000129699707
1071,1.4320000410079956,3.500999927520752,0.5059999823570251
1074,2.384999990463257,7.703000068664551,3.3380000591278076
1077,7.058000087738037,8.656000137329102,-3.444999933242798
1080,5.698999881744385,6.642000198364258,-5.921000003814697
1083,7.065999984741211,5.0229997634887695,-11.873000144958496
1086,-10.543000221252441,8.197999954223633,-10.760000228881836
1089,12.362000465393066,-8.375,-6.591000080108643
1092,9.64799976348877,7.610000133514404,-4.401000022888184
1095,-8.508999824523926,8.545000076293945,-4.486000061035156
1098,8.99899959564209,4.048999786376953,-8.04699993133545
1101,6.140999794006348,4.188000202178955,-7.135000228881836
1104,8.807000160217285,-0.4569999873638153,13.77400016784668
1107,10.366000175476074,6.173999786376953,-7.010000228881836
1110,-10.855999946594238,4.980000019073486,-3.5799999237060547
1113,7.461999893188477,3.7769999504089355,-1.8880000114440918
1116,-10.517999649047852,10.472000122070313,-12.213000297546387
1119,12.055000305175781,9.154999732971191,-7.618000030517578
1122,-7.3480000495910645,-8.486000061035156,-9.517999649047852
1125,-5.730999946594238,6.671000003814697,-0.7549999952316284
1128,-2.8980000019073486,8.520999908447266,-7.76800012588501
1131,-9.418999671936035,12.326000213623047,-5.335000038146973
1134,-10.656000137329102,5.995999813079834,-6.296999931335449
1137,-3.3259999752044678,8.230999946594238,-5.034999847412109
1140,-0.9300000071525574,4.9720001220703125,-10.256999969482422
1143,0.19200000166893005,5.519000053405762,-4.327000141143799
1146,5.2179999351501465,5.4710001945495605,-9.645999908447266
1149,-6.633999824523926,11.4399995803833,-5.985000133514404
1152,-0.3100000023841858,8.354999542236328,-3.8420000076293945
1155,-0.7620000243186951,7.335999965667725,14.067999839782715
1158,4.425000190734863,7.22599983215332,-13.175999641418457
1161,1.5470000505447388,6.423999786376953,-6.919000148773193
1164,4.084000110626221,-8.53600025177002,2.0920000076293945
1167,-1.944000005722046,12.098999977111816,-6.570000171661377
1170,-3.203000068664551,3.181999921798706,-8.829000473022461
1173,-1.6059999465942383,0.7900000214576721,13.654000282287598
1176,-0.9950000047683716,3.8259999752044678,13.491999626159668
1179,3.260999917984009,7.085000038146973,-4.690000057220459
1182,6.2220001220703125,6.010000228881836,-3.1429998874664307
1185,5.848999977111816,2.8480000495910645,-11.151000022888184
1188,5.794000148773193,7.89900016784668,11.706000328063965
1191,5.510000228881836,3.5969998836517334,7.801000118255615
1194,7.797999858856201,8.626999855041504,-9.668999671936035
1197,-9.336999893188477,-9.472999572753906,5.875999927520752
1200,11.020000457763672,4.514999866485596,11.842000007629395
1203,9.432999610900879,-0.20600000023841858,10.51099967956543
1206,9.918999671936035,-9.439000129699707,8.201000213623047
1209,-6.684999942779541,12.494999885559082,11.656999588012695
1212,-10.253999710083008,9.352999687194824,10.345000267028809
1215,-3.2739999294281006,6.139999866485596,12.295000076293945
1218,-9.04800033569336,12.057999610900879,-10.380999565124512
1221,10.506999969482422,7.439000129699707,-9.871999740600586
1224,-6.302000045776367,0.6480000019073486,13.664999961853027
1227,-10.02299976348877,1.4119999408721924,-12.309000015258789
1230,-9.729999542236328,3.503999948501587,13.067000389099121
1233,-6.925000190734863,7.695000171661377,11.963000297546387
1236,-9.553999900817871,7.428999900817871,-8.211999893188477
1239,12.045000076293945,-2.2279999256134033,-10.461999893188477
1242,-3.8329999446868896,8.357999801635742,14.248000144958496
1245,-0.2370000034570694,5.747000217437744,11.718000411987305
1248,3.499000072479248,2.1480000019073486,12.35200023651123
1251,-2.2739999294281006,8.012999534606934,-10.552000045776367
1254,0.9800000190734863,10.833999633789063,-10.390000343322754
1257,-8.616000175476074,10.256999969482422,12.57800006866455
1260,-9.77400016784668,7.184000015258789,-13.164999961853027
1263,-3.065000057220459,7.13700008392334,9.711000442504883
1266,0.7900000214576721,5.771999835968018,9.053000450134277
1269,2.2260000705718994,-1.1380000114440918,-5.933000087738037
1272,-4.306000232696533,3.7920000553131104,11.184000015258789
1275,-7.164999961853027,8.513999938964844,-7.000999927520752
1278,0.49000000953674316,1.184999942779541,11.276000022888184
1281,7.728000164031982,6.7769999504089355,9.722000122070313
1284,5.236000061035156,7.859000205993652,-10.638999938964844
1287,5.989999771118164,1.2799999713897705,13.480999946594238
1290,6.8470001220703125,2.4059998989105225,11.17300033569336
1293,1.2070000171661377,5.690999984741211,-12.348999977111816
