0,1.3079999685287476,-9.02299976348877,2.802000045776367
3,11.079999923706055,9.675999641418457,10.961999893188477
6,5.013999938964844,-5.828000068664551,13.144000053405762
9,9.40999984741211,9.107000350952148,6.15500020980835
12,-4.120999813079834,-4.23799991607666,12.269000053405762
15,8.701000213623047,4.757999897003174,4.24399995803833
18,3.9119999408721924,9.371999740600586,9.37600040435791
21,6.64300012588501,8.21399974822998,6.177000045776367
24,4.702000141143799,10.182999610900879,6.958000183105469
27,6.578999996185303,-8.413999557495117,10.588000297546387
30,11.361000061035156,7.576000213623047,4.922999858856201
33,2.4579999446868896,10.491000175476074,5.290999889373779
36,-11.166000366210938,-5.625,2.6670000553131104
39,8.621000289916992,-3.7850000858306885,1.8799999952316284
42,-5.080999851226807,-6.673999786376953,1.5069999694824219
45,-9.770999908447266,-5.295000076293945,5.159999847412109
48,-2.6649999618530273,12.819999694824219,7.763999938964844
51,-9.609000205993652,-7.711999893188477,6.703999996185303
54,-7.013000011444092,0.9129999876022339,4.448999881744385
57,-8.74899959564209,10.75100040435791,4.089000225067139
60,-8.463000297546387,-8.763999938964844,4.394999980926514
63,8.833000183105469,5.184000015258789,8.887999534606934
66,2.265000104904175,7.150000095367432,9.685999870300293
69,-2.9140000343322754,-8.857999801635742,10.451000213623047
72,-0.6880000233650208,10.550000190734863,-12.873000144958496
75,1.8630000352859497,6.131999969482422,7.204999923706055
78,-3.49399995803833,2.5169999599456787,-2.5179998874664307
81,-10.984000205993652,-2.7720000743865967,5.15500020980835
84,0.9440000057220459,11.246000289916992,7.49399995803833
87,-4.409999847412109,9.774999618530273,11.243000030517578
90,6.122000217437744,10.03600025177002,-11.17199993133545
93,-6.178999900817871,10.628000259399414,6.672999858856201
96,-2.994999885559082,-9.300999641418457,-0.8080000281333923
99,3.1679999828338623,-7.308000087738037,3.3369998931884766
102,8.38700008392334,12.206999778747559,11.496000289916992
105,0.8889999985694885,-9.170000076293945,5.679999828338623
108,1.1009999513626099,-4.835999965667725,1.2710000276565552
111,9.92300033569336,-6.185999870300293,1.8680000305175781
114,2.2890000343322754,6.138999938964844,12.635000228881836
117,-0.15399999916553497,9.460000038146973,-5.745999813079834
120,4.173999786376953,12.116000175476074,-1.4229999780654907
123,5.966000080108643,-8.225000381469727,1.9850000143051147
126,8.397000312805176,-5.89900016784668,-1.1959999799728394
129,-7.057000160217285,11.270999908447266,-3.428999900817871
132,-8.418000221252441,-7.041999816894531,0.1420000046491623
135,-9.9350004196167,-8.0649995803833,2.252000093460083
138,11.258999824523926,-8.359000205993652,0.6129999756813049
141,11.824000358581543,-3.5869998931884766,0.8100000023841858
144,5.980000019073486,12.574999809265137,6.99399995803833
147,9.317999839782715,-7.48799991607666,-3.493000030517578
150,-3.63100004196167,10.071999549865723,-2.0160000324249268
153,-10.694999694824219,4.88100004196167,2.4619998931884766
156,8.751999855041504,-8.961999893188477,-0.19300000369548798
159,7.374000072479248,12.420999526977539,3.9130001068115234
162,-10.984000205993652,-0.8360000252723694,0.5960000157356262
165,-8.107000350952148,-2.9749999046325684,-2.4649999141693115
168,-2.6600000858306885,-2.7309999465942383,-2.5350000858306885
171,-4.6579999923706055,-5.379000186920166,5.802999973297119
174,-1.6720000505447388,5.815999984741211,2.1489999294281006
177,-7.388999938964844,-4.519000053405762,3.7079999446868896
180,-6.656000137329102,-9.116999626159668,-0.13899999856948853
183,-3.4010000228881836,10.829999923706055,-7.190999984741211
186,-1.2300000190734863,5.2829999923706055,-7.9079999923706055
189,0.07800000160932541,8.645000457763672,7.466000080108643
192,-3.7869999408721924,-7.025000095367432,-4.495999813079834
195,-5.828000068664551,10.54699993133545,-0.6110000014305115
198,-3.1500000953674316,-6.395999908447266,-0.48100000619888306
201,-4.671000003814697,11.616999626159668,3.3440001010894775
204,-2.9110000133514404,11.447999954223633,1.312000036239624
207,-6.01800012588501,4.15500020980835,8.696999549865723
210,0.12200000137090683,4.050000190734863,3.194999933242798
213,2.561000108718872,-3.812999963760376,9.859999656677246
216,1.5130000114440918,-7.526000022888184,-2.372999906539917
219,9.128000259399414,13.024999618530273,-6.354000091552734
222,6.964000225067139,-6.159999847412109,-8.357000350952148
225,10.225000381469727,-6.75,-6.302999973297119
228,-10.635000228881836,-7.063000202178955,-1.4320000410079956
231,5.386000156402588,-3.7839999198913574,-4.257999897003174
234,5.254000186920166,-8.140000343322754,-2.8320000171661377
237,6.198999881744385,-8.680999755859375,-7.822000026702881
240,-10.906999588012695,7.706999778747559,-2.2300000190734863
243,12.24899959564209,-7.864999771118164,-3.8310000896453857
246,4.107999801635742,11.307999610900879,-4.10699987411499
249,7.328999996185303,13.024999618530273,-4.313000202178955
252,6.418000221252441,-1.437999963760376,-5.874000072479248
255,9.210000038146973,-1.7410000562667847,-6.355999946594238
258,-7.415999889373779,-2.684999942779541,-6.6519999504089355
261,-8.697999954223633,-6.22599983215332,-7.335999965667725
264,-4.236999988555908,-4.98199987411499,-2.6700000762939453
267,-10.07800006866455,-3.49399995803833,-6.348999977111816
270,9.638999938964844,10.564000129699707,-7.629000186920166
273,-10.8100004196167,12.288000106811523,-8.491000175476074
276,-10.62600040435791,-5.817999839782715,13.168000221252441
279,-8.619000434875488,-6.021999835968018,-11.088000297546387
282,-6.769000053405762,-4.6539998054504395,-4.017000198364258
285,10.96500015258789,12.593000411987305,-10.71399974822998
288,-5.984000205993652,-0.29600000381469727,-7.00600004196167
291,1.684000015258789,-5.513999938964844,-4.50600004196167
294,2.1089999675750732,12.343000411987305,-8.746999740600586
297,3.747999906539917,-8.241999626159668,-7.104000091552734
300,2.374000072479248,-8.87600040435791,-4.895999908447266
303,-7.388999938964844,-6.926000118255615,-5.067999839782715
306,-0.39899998903274536,-9.418999671936035,-5.458000183105469
309,-0.7269999980926514,-7.520999908447266,-7.478000164031982
312,-0.6230000257492065,11.10200023651123,-8.206000328063965
315,7.044000148773193,9.859000205993652,-7.326000213623047
318,-0.06599999964237213,12.934000015258789,-1.1030000448226929
321,-3.2939999103546143,-5.925000190734863,-7.677999973297119
324,5.126999855041504,-6.201000213623047,9.194000244140625
327,11.03600025177002,12.130999565124512,12.288999557495117
330,2.6070001125335693,11.468000411987305,-11.295999526977539
333,3.757999897003174,-9.154000282287598,8.369999885559082
336,9.196999549865723,-7.551000118255615,12.743000030517578
339,8.859999656677246,11.163999557495117,-10.130000114440918
342,7.2170000076293945,-5.749000072479248,11.645000457763672
345,-6.136000156402588,-5.250999927520752,10.343000411987305
348,-7.890999794006348,-3.0929999351501465,11.019000053405762
351,-6.49399995803833,-3.4059998989105225,13.329999923706055
354,10.241000175476074,-7.210000038146973,-10.9350004196167
357,11.642999649047852,-7.741000175476074,11.762999534606934
360,-7.806000232696533,-7.164000034332275,8.852999687194824
363,12.319999694824219,-8.1899995803833,9.131999969482422
366,-7.421999931335449,12.506999969482422,9.045999526977539
369,-8.315999984741211,-6.938000202178955,11.463000297546387
372,6.989999771118164,10.053999900817871,13.295000076293945
375,9.651000022888184,8.371999740600586,12.96500015258789
378,-3.052999973297119,11.923999786376953,-9.692999839782715
381,-10.960000038146973,11.340999603271484,-12.607000350952148
384,-5.5,-7.4019999504089355,-6.831999778747559
387,1.2569999694824219,-9.593000411987305,9.454000473022461
390,-5.1570000648498535,-8.687000274658203,-11.288000106811523
393,-3.4059998989105225,-9.217000007629395,13.680000305175781
396,11.855999946594238,8.800000190734863,-12.114999771118164
399,-6.146999835968018,11.11400032043457,12.904999732971191
402,-0.5490000247955322,11.609999656677246,11.807999610900879
405,6.704999923706055,-9.663000106811523,-10.51099967956543
408,-7.0329999923706055,-6.205999851226807,13.706000328063965
411,-6.836999893188477,-4.064000129699707,-9.152999877929688
414,-0.6060000061988831,-3.938999891281128,-10.586999893188477
417,2.2920000553131104,-5.730999946594238,-13.281999588012695
420,-3.1679999828338623,-4.427000045776367,-10.03499984741211
423,5.591000080108643,-7.599999904632568,-12.041999816894531
426,-1.6629999876022339,-5.785999774932861,1.9119999408721924
429,4.817999839782715,11.199999809265137,-7.556000232696533
432,5.800000190734863,-3.447999954223633,5.164999961853027
435,7.64300012588501,-0.4189999997615814,7.559000015258789
438,-8.574000358581543,-1.3459999561309814,3.447999954223633
441,-5.668000221252441,0.8180000185966492,11.59000015258789
444,9.284000396728516,-0.3019999861717224,3.246999979019165
447,7.864999771118164,3.8959999084472656,11.475000381469727
450,1.6180000305175781,-3.9519999027252197,6.945000171661377
453,3.015000104904175,-6.0980000495910645,5.789999961853027
456,8.673999786376953,-2.822999954223633,-1.6239999532699585
459,-6.433000087738037,5.284999847412109,11.14799976348877
462,8.354999542236328,-2.0269999504089355,5.27400016784668
465,1.340000033378601,1.555999994277954,9.552000045776367
468,12.6850004196167,2.490000009536743,4.013000011444092
471,-9.0,1.8910000324249268,5.883999824523926
474,-4.748000144958496,-0.054999999701976776,0.6840000152587891
477,-3.5169999599456787,9.611000061035156,6.642000198364258
480,-1.0149999856948853,-5.267000198364258,8.253000259399414
483,-6.263000011444092,4.375999927520752,13.722000122070313
486,-7.073999881744385,-4.941999912261963,7.171000003814697
489,-10.529000282287598,-2.453000068664551,7.9019999504089355
492,-5.409999847412109,-2.7850000858306885,1.7630000114440918
495,-4.710999965667725,-2.7339999675750732,6.111999988555908
498,-10.043999671936035,-1.6019999980926514,11.307000160217285
501,12.4399995803833,-5.329999923706055,-10.958000183105469
504,-2.877000093460083,4.232999801635742,7.11299991607666
507,-0.6990000009536743,-1.8289999961853027,11.125
510,6.414000034332275,0.8889999985694885,5.513000011444092
513,1.3930000066757202,-1.2200000286102295,6.5
516,-0.9649999737739563,-2.497999906539917,8.324000358581543
519,2.8889999389648438,1.5140000581741333,4.848999977111816
522,-3.750999927520752,-4.85699987411499,8.79699993133545
525,-8.373000144958496,0.0989999994635582,7.9120001792907715
528,-8.588000297546387,-2.7119998931884766,0.8320000171661377
531,-1.8320000171661377,10.680000305175781,4.769000053405762
534,-7.264999866485596,-1.7070000171661377,5.973999977111816
537,-0.8149999976158142,-7.560999870300293,6.918000221252441
540,0.3709999918937683,-2.825000047683716,-4.368000030517578
543,2.4800000190734863,8.440999984741211,-1.9279999732971191
546,5.172999858856201,1.7549999952316284,-2.319999933242798
549,0.3580000102519989,-0.42399999499320984,2.0329999923706055
552,2.2200000286102295,-1.3519999980926514,-1.343000054359436
555,0.1469999998807907,-3.0350000858306885,3.072000026702881
558,12.17300033569336,3.6029999256134033,-0.3790000081062317
561,12.288999557495117,-2.250999927520752,-3.7190001010894775
564,12.175999641418457,-1.1269999742507935,-8.07699966430664
567,-2.382999897003174,-2.5899999141693115,-5.551000118255615
570,12.154999732971191,-0.2720000147819519,4.02400016784668
573,9.335000038146973,-1.1430000066757202,0.5379999876022339
576,9.048999786376953,-0.6859999895095825,-3.5490000247955322
579,9.628999710083008,-4.6020002365112305,-3.8320000171661377
582,-10.657999992370605,-4.130000114440918,-1.6299999952316284
585,11.78600025177002,0.3569999933242798,-3.63100004196167
588,-6.580999851226807,1.9570000171661377,0.7070000171661377
591,8.690999984741211,11.748000144958496,6.35699987411499
594,-6.571000099182129,6.34499979019165,-2.681999921798706
597,-8.480999946594238,0.8420000076293945,-2.984999895095825
600,-2.0299999713897705,0.6589999794960022,0.5410000085830688
603,-3.499000072479248,-6.90500020980835,3.812000036239624
606,-5.921999931335449,2.5329999923706055,-3.6610000133514404
609,-5.46999979019165,7.853000164031982,1.6200000047683716
612,-3.8320000171661377,2.7190001010894775,3.0360000133514404
615,-3.4200000762939453,-0.3199999928474426,-3.7880001068115234
618,-1.906000018119812,4.691999912261963,-2.131999969482422
621,-2.6050000190734863,-1.090999960899353,5.053999900817871
624,1.1339999437332153,2.384999990463257,6.677999973297119
627,-3.8399999141693115,1.8179999589920044,7.705999851226807
630,8.230999946594238,2.122999906539917,3.878000020980835
633,-3.9700000286102295,5.781000137329102,-0.36800000071525574
636,5.0879998207092285,3.0969998836517334,6.23199987411499
639,4.664000034332275,-5.836999893188477,-10.204999923706055
642,-0.35100001096725464,0.550000011920929,5.333000183105469
645,5.3460001945495605,-5.631999969482422,3.4820001125335693
648,3.1480000019073486,-0.8209999799728394,-4.172999858856201
651,9.666000366210938,-5.73799991607666,-8.690999984741211
654,11.140000343322754,5.730999946594238,-11.5600004196167
657,5.953000068664551,-0.5979999899864197,-3.380000114440918
660,11.633000373840332,2.11299991607666,-5.928999900817871
663,3.3550000190734863,-3.6630001068115234,-2.4119999408721924
666,0.8169999718666077,-5.341000080108643,-7.1579999923706055
669,4.183000087738037,-6.320000171661377,-4.543000221252441
672,4.585999965667725,-2.38100004196167,-10.194999694824219
675,-9.0600004196167,-0.7250000238418579,-5.10699987411499
678,3.3949999809265137,-5.51200008392334,-7.96999979019165
681,-0.49300000071525574,-0.7020000219345093,-1.059999942779541
684,-4.859000205993652,5.375,-7.875999927520752
687,-8.359999656677246,4.579999923706055,-8.604000091552734
690,-4.406000137329102,3.4790000915527344,-9.873000144958496
693,-9.298999786376953,2.921999931335449,-6.553999900817871
696,-7.228000164031982,3.6700000762939453,-11.017000198364258
699,-2.571000099182129,1.305999994277954,-5.919000148773193
702,7.2129998207092285,-4.7170000076293945,-5.992000102996826
705,-11.128999710083008,0.05000000074505806,-11.782999992370605
708,-8.350000381469727,-2.056999921798706,-10.569000244140625
711,-8.888999938964844,0.12200000137090683,-7.7270002365112305
714,-7.447999954223633,-0.8730000257492065,-0.7400000095367432
717,-6.684999942779541,-4.748000144958496,0.17399999499320984
720,2.9570000171661377,0.6290000081062317,-6.551000118255615
723,0.41200000047683716,0.7540000081062317,-6.206999778747559
726,1.6369999647140503,7.245999813079834,-9.822999954223633
729,1.4040000438690186,-0.27300000190734863,-9.182000160217285
732,3.1989998817443848,1.4830000400543213,-0.13300000131130219
735,0.12800000607967377,0.6499999761581421,-3.4639999866485596
738,-1.8769999742507935,-3.005000114440918,0.2750000059604645
741,-6.071000099182129,-0.800000011920929,-3.806999921798706
744,2.130000114440918,10.868000030517578,-6.245999813079834
747,4.234000205993652,0.3400000035762787,-9.229000091552734
750,2.888000011444092,-6.323999881744385,-0.2919999957084656
753,-2.953000068664551,-3.621999979019165,2.943000078201294
756,5.730000019073486,-7.052999973297119,6.216000080108643
759,6.815000057220459,-1.9880000352859497,13.324999809265137
762,11.032999992370605,2.6419999599456787,-11.425999641418457
765,7.289000034332275,-3.259999990463257,10.270000457763672
768,2.299999952316284,-1.1339999437332153,9.284000396728516
771,2.186000108718872,-4.125999927520752,-11.105999946594238
774,-10.807999610900879,0.5299999713897705,9.880999565124512
777,11.770999908447266,-3.365000009536743,12.725000381469727
780,-8.258999824523926,0.1850000023841858,12.548999786376953
783,-1.7690000534057617,-5.610000133514404,12.059000015258789
786,-3.3299999237060547,4.656000137329102,-12.361000061035156
789,8.062999725341797,-6.375,-12.180000305175781
792,-6.38100004196167,-2.1989998817443848,8.85200023651123
795,-3.7639999389648438,-2.069000005722046,8.579000473022461
798,6.183000087738037,-4.176000118255615,7.656000137329102
801,9.765999794006348,-1.8509999513626099,11.335000038146973
804,10.579000473022461,-3.2139999866485596,-9.159000396728516
807,5.763000011444092,-3.950000047683716,-12.329999923706055
810,-4.677999973297119,1.5410000085830688,-12.15999984741211
813,-4.196000099182129,-6.5929999351501465,13.949000358581543
816,5.794000148773193,0.9049999713897705,-7.0269999504089355
819,4.7779998779296875,-1.246000051498413,8.057999610900879
822,-2.13100004196167,-7.046000003814697,-11.258999824523926
825,-8.66100025177002,1.3660000562667847,-10.652999877929688
828,-2.0280001163482666,-1.6430000066757202,13.86299991607666
831,-0.7910000085830688,-7.960999965667725,13.352999687194824
834,-2.878000020980835,13.079000473022461,4.882999897003174
837,-0.3059999942779541,-8.645000457763672,-9.986000061035156
840,-4.6539998054504395,-4.166999816894531,-5.914000034332275
843,-4.2729997634887695,0.11500000208616257,-9.192000389099121
846,4.539999961853027,-2.9489998817443848,-7.499000072479248
849,1.1360000371932983,-7.919000148773193,-12.107999801635742
852,-1.6360000371932983,-0.6940000057220459,-9.994999885559082
855,0.8399999737739563,-6.925000190734863,9.645000457763672
858,4.066999912261963,-1.1390000581741333,5.164000034332275
861,-0.9760000109672546,-2.486999988555908,-8.109000205993652
864,8.255999565124512,6.26800012588501,-11.751999855041504
867,8.795999526977539,1.1330000162124634,-0.875
870,4.388000011444092,5.500999927520752,3.377000093460083
873,11.612000465393066,0.7519999742507935,6.71999979019165
876,11.29800033569336,5.4629998207092285,7.438000202178955
879,-5.724999904632568,-9.041999816894531,10.944000244140625
882,5.732999801635742,0.9959999918937683,9.710000038146973
885,6.833000183105469,6.7820000648498535,3.861999988555908
888,10.557000160217285,3.5209999084472656,5.748000144958496
891,8.133000373840332,5.993000030517578,1.253000020980835
894,-9.432000160217285,5.230000019073486,9.4350004196167
897,9.470000267028809,2.506999969482422,13.244999885559082
900,-6.105999946594238,5.510000228881836,6.130000114440918
903,10.607999801635742,6.311999797821045,2.690999984741211
906,-6.068999767303467,-8.394000053405762,-3.190000057220459
909,-3.4630000591278076,6.7220001220703125,6.684000015258789
912,-0.5789999961853027,7.642000198364258,10.333000183105469
915,-1.8559999465942383,10.562999725341797,9.484000205993652
918,-9.699000358581543,8.71500015258789,8.177000045776367
921,-1.7039999961853027,2.805999994277954,4.809000015258789
924,-8.475000381469727,5.908999919891357,3.861999988555908
927,2.627000093460083,5.322000026702881,0.5230000019073486
930,0.6740000247955322,-4.315000057220459,11.774999618530273
933,-9.689000129699707,4.243000030517578,7.0229997634887695
936,5.0920000076293945,8.505000114440918,1.3600000143051147
939,7.3429999351501465,6.611999988555908,-1.2309999465942383
942,9.621000289916992,5.485000133514404,-2.305999994277954
945,5.389999866485596,10.883000373840332,2.802999973297119
948,4.0229997634887695,4.236999988555908,8.61400032043457
951,4.739999771118164,7.11899995803833,-0.8339999914169312
954,-6.15500020980835,1.4559999704360962,8.864999771118164
957,-4.4079999923706055,1.0049999952316284,5.211999893188477
960,9.145999908447266,2.759000062942505,1.3509999513626099
963,1.9179999828338623,6.390999794006348,4.436999797821045
966,10.276000022888184,-0.656000018119812,8.52400016784668
969,-4.586999893188477,-1.2050000429153442,12.95300006866455
972,7.9029998779296875,3.864000082015991,-5.849999904632568
975,1.6330000162124634,10.73799991607666,-3.188999891281128
978,0.2919999957084656,8.937000274658203,4.617000102996826
981,0.925000011920929,4.474999904632568,-3.3970000743865967
984,3.7179999351501465,3.4010000228881836,-4.059999942779541
987,11.378999710083008,1.1460000276565552,-1.0800000429153442
990,-5.9679999351501465,9.402000427246094,-5.501999855041504
993,-6.519999980926514,4.848999977111816,-4.926000118255615
996,11.196999549865723,6.239999771118164,-0.32199999690055847
999,-9.581999778747559,10.53600025177002,-4.78000020980835
1002,-9.75,6.816999912261963,6.223999977111816
1005,6.133999824523926,-6.857999801635742,-0.2460000067949295
1008,-8.472999572753906,4.954999923706055,0.8149999976158142
1011,10.208000183105469,0.5019999742507935,-7.7170000076293945
1014,-3.3469998836517334,2.9179999828338623,0.20100000500679016
1017,-7.505000114440918,3.5309998989105225,-1.3309999704360962
1020,-9.126999855041504,1.5369999408721924,2.2170000076293945
1023,11.414999961853027,8.788999557495117,-4.369999885559082
1026,-1.819000005722046,8.281000137329102,-0.5659999847412109
1029,-6.841000080108643,10.220000267028809,2.131999969482422
1032,-2.9630000591278076,8.833000183105469,2.2720000743865967
1035,-6.330999851226807,-8.876999855041504,2.562000036239624
1038,-1.9850000143051147,7.307000160217285,4.357999801635742
1041,-6.789000034332275,3.742000102996826,3.8550000190734863
1044,-5.098999977111816,5.210000038146973,2.2039999961853027
1047,-0.17900000512599945,4.6620001792907715,0.14800000190734863
1050,-3.7839999198913574,3.9809999465942383,-5.5970001220703125
1053,1.684999942779541,2.1610000133514404,2.171999931335449
1056,-6.675000190734863,8.531999588012695,8.560999870300293
1059,-9.069000244140625,3.861999988555908,-3.566999912261963
1062,0.41100001335144043,11.25100040435791,0.7200000286102295
1065,-4.025000095367432,7.343999862670898,-2.73799991607666
1068,6.39300012588501,10.008000373840332,-4.676000118255615
1071,0.9430000185966492,2.5439999103546143,-1.253999948501587
1074,0.765999972820282,8.696000099182129,0.5199999809265137
1077,6.875999927520752,7.4019999504089355,-3.9230000972747803
1080,5.877999782562256,7.276000022888184,-7.388000011444092
1083,6.413000106811523,4.855000019073486,-10.104000091552734
1086,-10.145999908447266,7.909999847412109,-9.314000129699707
1089,12.395999908447266,-7.550000190734863,-7.711999893188477
1092,9.022000312805176,6.359000205993652,-4.89900016784668
1095,-8.65999984741211,7.879000186920166,-3.7170000076293945
1098,9.677000045776367,3.2769999504089355,-9.045000076293945
1101,6.978000164031982,3.0350000858306885,-8.192999839782715
1104,7.270999908447266,3.5989999771118164,-12.49899959564209
1107,10.315999984741211,5.71999979019165,-7.380000114440918
1110,12.295000076293945,5.177999973297119,-3.2739999294281006
1113,7.427999973297119,2.99399995803833,-3.069000005722046
1116,-7.9019999504089355,8.557999610900879,-10.670000076293945
1119,12.401000022888184,9.687000274658203,-7.585999965667725
1122,-7.423999786376953,-7.941999912261963,-9.236000061035156
1125,-7.385000228881836,7.076000213623047,-0.21299999952316284
1128,-3.2750000953674316,8.282999992370605,-7.9070000648498535
1131,-8.553999900817871,12.015000343322754,-6.947000026702881
1134,-10.864999771118164,5.406000137329102,-6.098999977111816
1137,-3.7929999828338623,7.691999912261963,-5.309999942779541
1140,-2.436000108718872,6.627999782562256,-10.032999992370605
1143,-1.4839999675750732,5.038000106811523,-4.85099983215332
1146,3.9549999237060547,5.573999881744385,-8.079000473022461
1149,-6.0,11.595000267028809,-7.958000183105469
1152,-0.9100000262260437,7.931000232696533,-3.5260000228881836
1155,-0.2849999964237213,7.314000129699707,13.133000373840332
1158,4.185999870300293,7.3420000076293945,-12.9399995803833
1161,1.1100000143051147,6.673999786376953,-7.261000156402588
1164,3.1630001068115234,11.907999992370605,1.3589999675750732
1167,-2.5269999504089355,11.46399974822998,-4.514999866485596
1170,-2.1410000324249268,2.755000114440918,-8.26099967956543
1173,-2.0850000381469727,1.156000018119812,-12.105999946594238
1176,-0.7459999918937683,3.5160000324249268,-12.694000244140625
1179,1.9500000476837158,7.039999961853027,-4.49399995803833
1182,5.309000015258789,5.422999858856201,-4.89300012588501
1185,3.819000005722046,4.288000106811523,-10.925000190734863
1188,4.5929999351501465,9.152999877929688,12.154999732971191
1191,5.7769999504089355,6.386000156402588,7.796000003814697
1194,8.17300033569336,8.538999557495117,-10.41100025177002
1197,-9.984999656677246,11.458999633789063,8.600000381469727
1200,7.585000038146973,6.269000053405762,12.605999946594238
1203,8.208000183105469,0.1940000057220459,11.939000129699707
1206,10.218000411987305,11.446000099182129,8.82800006866455
1209,-7.751999855041504,8.819000244140625,11.769000053405762
1212,12.300999641418457,7.313000202178955,10.161999702453613
1215,-3.9240000247955322,6.611999988555908,11.942000389099121
1218,-8.180999755859375,11.279999732971191,-9.923999786376953
1221,10.685999870300293,7.546000003814697,-9.437000274658203
1224,-6.925000190734863,-0.09600000083446503,-12.187000274658203
1227,11.572999954223633,2.5190000534057617,11.678000450134277
1230,-8.263999938964844,2.805000066757202,12.057000160217285
1233,-8.854000091552734,6.327000141143799,12.125
1236,-9.590999603271484,7.709000110626221,-6.353000164031982
1239,11.710000038146973,-2.7139999866485596,-11.631999969482422
1242,-2.8980000019073486,8.572999954223633,13.517000198364258
1245,-1.5210000276565552,3.7929999828338623,11.8149995803833
1248,1.715000033378601,3.802999973297119,10.977999687194824
1251,-2.7130000591278076,9.194999694824219,-10.847000122070313
1254,0.6660000085830688,9.638999938964844,-10.321000099182129
1257,-8.45300006866455,10.20199966430664,14.123000144958496
1260,-9.746999740600586,6.552000045776367,-12.319999694824219
1263,-4.073999881744385,7.739999771118164,9.369999885559082
1266,-1.1790000200271606,5.39300012588501,9.184000015258789
1269,1.8899999856948853,-2.384999990463257,-7.1519999504089355
1272,-4.426000118255615,3.36899995803833,11.72599983215332
1275,-6.9120001792907715,7.056000232696533,-6.515999794006348
1278,-1.0329999923706055,0.9470000267028809,11.347999572753906
1281,5.789999961853027,6.947000026702881,10.727999687194824
1284,4.453000068664551,7.369999885559082,-10.131999969482422
1287,5.176000118255615,4.870999813079834,13.562999725341797
1290,5.040999889373779,3.2070000171661377,11.14900016784668
1293,1.3580000400543213,5.146999835968018,-11.920000076293945
