0,1.0989999771118164,-7.877999782562256,6.223999977111816
3,-9.970999717712402,-9.229999542236328,10.531999588012695
6,7.801000118255615,-4.675000190734863,8.312999725341797
9,12.359000205993652,-7.758999824523926,6.72599983215332
12,-9.388999938964844,-6.7129998207092285,9.086999893188477
15,6.5960001945495605,-1.7619999647140503,7.111000061035156
18,7.901000022888184,12.07800006866455,6.459000110626221
21,8.899999618530273,-8.82800006866455,8.932999610900879
24,11.944999694824219,12.291999816894531,5.716000080108643
27,9.842000007629395,-6.551000118255615,7.370999813079834
30,-9.765999794006348,11.27299976348877,7.888999938964844
33,3.1640000343322754,10.399999618530273,6.14900016784668
36,-9.420000076293945,-5.348999977111816,6.808000087738037
39,11.678000450134277,-5.013999938964844,3.9570000171661377
42,-4.090000152587891,-8.3149995803833,1.187999963760376
45,-5.676000118255615,-8.163999557495117,6.5920000076293945
48,-4.447999954223633,-5.872000217437744,11.121999740600586
51,-7.866000175476074,-9.133000373840332,7.708000183105469
54,12.04699993133545,-1.3329999446868896,6.415999889373779
57,-7.677000045776367,11.392999649047852,5.354000091552734
60,-4.76800012588501,11.612000465393066,7.182000160217285
63,6.185999870300293,10.130999565124512,6.688000202178955
66,-0.3149999976158142,7.71999979019165,8.02400016784668
69,-5.669000148773193,11.017999649047852,9.848999977111816
72,-1.2979999780654907,-8.75,7.070000171661377
75,-1.0219999551773071,10.842000007629395,6.671999931335449
78,-1.6540000438690186,-8.444000244140625,3.434999942779541
81,6.877999782562256,-4.872000217437744,4.007999897003174
84,2.2920000553131104,-5.236000061035156,8.979999542236328
87,-3.3529999256134033,12.038999557495117,10.70300006866455
90,0.010999999940395355,9.800999641418457,11.727999687194824
93,-3.4539999961853027,9.484999656677246,5.932000160217285
96,0.7749999761581421,-8.95199966430664,2.118000030517578
99,2.921999931335449,-8.638999938964844,3.937000036239624
102,3.072000026702881,10.211000442504883,11.706999778747559
105,4.249000072479248,-9.805000305175781,11.592000007629395
108,4.835000038146973,-7.192999839782715,-3.0299999713897705
111,8.704999923706055,-5.232999801635742,0.5130000114440918
114,-1.975000023841858,9.694000244140625,9.623000144958496
117,5.7820000648498535,11.29699993133545,-1.062000036239624
120,4.8470001220703125,-8.604000091552734,-0.5619999766349792
123,8.581000328063965,12.694999694824219,2.0869998931884766
126,6.3480000495910645,-4.816999912261963,-3.121999979019165
129,-10.71500015258789,-6.956999778747559,-1.9800000190734863
132,-8.08899974822998,-3.86299991607666,0.5619999766349792
135,-7.9629998207092285,-5.585000038146973,2.5280001163482666
138,-9.746999740600586,-6.441999912261963,4.438000202178955
141,9.388999938964844,-6.4629998207092285,4.460000038146973
144,9.612000465393066,-9.439000129699707,4.458000183105469
147,8.175000190734863,12.506999969482422,-1.6950000524520874
150,-9.579999923706055,-9.572999954223633,-1.7860000133514404
153,-8.958000183105469,-8.392999649047852,1.3860000371932983
156,-9.47599983215332,13.17300033569336,3.9679999351501465
159,7.830999851226807,-7.918000221252441,0.3199999928474426
162,-5.179999828338623,-5.038000106811523,2.4549999237060547
165,-3.9769999980926514,-5.129000186920166,-0.7960000038146973
168,-2.6080000400543213,-6.434999942779541,-2.5989999771118164
171,-2.497999906539917,-5.673999786376953,2.944000005722046
174,-6.739999771118164,2.565000057220459,6.211999893188477
177,-6.040999889373779,-5.817999839782715,5.060999870300293
180,-6.682000160217285,-9.428999900817871,0.1550000011920929
183,-6.940000057220459,-8.78600025177002,-2.3529999256134033
186,-4.276000022888184,-8.968999862670898,-3.236999988555908
189,1.8140000104904175,9.732999801635742,2.234999895095825
192,-3.197999954223633,12.13700008392334,-0.7179999947547913
195,-5.642000198364258,12.199000358581543,3.7160000801086426
198,-0.6650000214576721,-8.439000129699707,-2.4719998836517334
201,1.9789999723434448,-7.499000072479248,-2.3369998931884766
204,2.686000108718872,-7.5879998207092285,0.6230000257492065
207,-0.7799999713897705,9.03600025177002,-2.3929998874664307
210,-0.593999981880188,12.326000213623047,-0.06300000101327896
213,3.0250000953674316,-3.6640000343322754,4.855999946594238
216,4.589000225067139,-6.789000034332275,-6.926000118255615
219,6.770999908447266,-7.131999969482422,-9.097999572753906
222,9.454999923706055,-6.72599983215332,-9.520999908447266
225,9.968999862670898,-7.807000160217285,-7.136000156402588
228,8.472000122070313,-6.552000045776367,-3.8980000019073486
231,10.411999702453613,-5.875,-1.9479999542236328
234,3.9809999465942383,12.14799976348877,-7.629000186920166
237,6.116000175476074,12.52400016784668,-9.253999710083008
240,8.312000274658203,10.696000099182129,-9.357000350952148
243,8.850000381469727,11.925000190734863,-6.607999801635742
246,7.468999862670898,-9.22700023651123,-4.425000190734863
249,4.938000202178955,-9.288000106811523,-5.004000186920166
252,-11.289999961853027,-4.14300012588501,-7.294000148773193
255,-10.180999755859375,-5.550000190734863,-9.4399995803833
258,-6.489999771118164,-3.503999948501587,-10.208999633789063
261,-6.763000011444092,-5.275000095367432,-4.156000137329102
264,-6.65500020980835,-5.482999801635742,-1.2300000190734863
267,-9.789999961853027,-4.85099983215332,-5.136000156402588
270,12.406000137329102,-8.927000045776367,-6.7170000076293945
273,-10.435999870300293,-8.357000350952148,-9.279999732971191
276,-7.190999984741211,-9.24899959564209,-9.020000457763672
279,-6.443999767303467,-7.119999885559082,-7.295000076293945
282,-7.789000034332275,-8.54800033569336,-5.14300012588501
285,-10.26099967956543,-7.363999843597412,-4.585999965667725
288,-5.673999786376953,-3.0169999599456787,-5.238999843597412
291,-0.8360000252723694,-5.840000152587891,-9.810999870300293
294,2.190999984741211,-5.420000076293945,-8.527000427246094
297,2.8469998836517334,-4.909999847412109,-5.947000026702881
300,1.1260000467300415,-6.558000087738037,-4.781000137329102
303,-2.056999921798706,-7.389999866485596,-5.166999816894531
306,-3.388000011444092,-8.140999794006348,-8.21500015258789
309,-0.6949999928474426,-7.7729997634887695,-8.034000396728516
312,-0.6240000128746033,11.79800033569336,-7.718999862670898
315,1.7660000324249268,-8.597000122070313,-6.933000087738037
318,2.680999994277954,12.461000442504883,-3.4189999103546143
321,-4.770999908447266,-6.900000095367432,-4.857999801635742
324,5.208000183105469,-5.333000183105469,9.27299976348877
327,7.966000080108643,-7.99399995803833,13.335000038146973
330,7.309999942779541,-6.335000038146973,-11.883000373840332
333,6.968999862670898,12.588000297546387,10.616999626159668
336,4.985000133514404,-9.079999923706055,-12.847999572753906
339,4.0970001220703125,11.64900016784668,-10.817000389099121
342,8.661999702453613,-5.4679999351501465,12.79800033569336
345,-6.017000198364258,-4.644000053405762,9.468999862670898
348,-6.71999979019165,-3.9660000801086426,14.175999641418457
351,-8.130999565124512,-6.354000091552734,-12.227999687194824
354,-10.642999649047852,-5.741000175476074,-12.505999565124512
357,10.619999885559082,-7.363999843597412,-11.871000289916992
360,9.553000450134277,12.291999816894531,12.91100025177002
363,11.29699993133545,-6.144000053405762,12.21399974822998
366,-7.664999961853027,12.048999786376953,11.387999534606934
369,-8.069999694824219,-9.12399959564209,13.86299991607666
372,-10.083999633789063,12.550000190734863,-11.600000381469727
375,10.871999740600586,12.390000343322754,-11.656000137329102
378,-3.4579999446868896,-5.283999919891357,-11.395999908447266
381,-4.997000217437744,-6.184000015258789,13.699000358581543
384,0.7250000238418579,-6.728000164031982,-12.246000289916992
387,1.4429999589920044,-7.741000175476074,12.427000045776367
390,-4.26800012588501,-5.636000156402588,-8.774999618530273
393,-4.598999977111816,-2.4110000133514404,-12.04800033569336
396,-5.474999904632568,-8.970000267028809,14.270999908447266
399,-3.010999917984009,12.095999717712402,13.543999671936035
402,-0.2919999957084656,12.178000450134277,13.104000091552734
405,1.100000023841858,-9.354999542236328,-11.793999671936035
408,-4.5929999351501465,-9.590999603271484,-10.239999771118164
411,-7.506999969482422,-5.914999961853027,-9.656999588012695
414,1.9149999618530273,-4.420000076293945,-12.300000190734863
417,4.802999973297119,-2.5859999656677246,9.119000434875488
420,3.4860000610351563,-6.0980000495910645,-10.779999732971191
423,2.6010000705718994,10.586999893188477,-12.777999877929688
426,3.4549999237060547,-7.11899995803833,10.633999824523926
429,2.7119998931884766,-8.42300033569336,-9.732000350952148
432,3.128000020980835,1.5149999856948853,3.563999891281128
435,3.2249999046325684,0.25999999046325684,6.283999919891357
438,11.057999610900879,-0.5130000114440918,3.8320000171661377
441,-8.359999656677246,1.6109999418258667,11.397000312805176
444,10.092000007629395,0.5049999952316284,7.880000114440918
447,9.538000106811523,3.118000030517578,6.638000011444092
450,4.940000057220459,-1.7979999780654907,4.998000144958496
453,8.223999977111816,-3.4630000591278076,5.679999828338623
456,9.904999732971191,-2.822999954223633,3.3940000534057617
459,-9.213000297546387,0.17800000309944153,5.8420000076293945
462,8.626999855041504,-1.4509999752044678,9.402999877929688
465,4.670000076293945,-1.6130000352859497,11.53499984741211
468,12.1850004196167,2.7880001068115234,3.0299999713897705
471,9.810999870300293,1.6139999628067017,2.631999969482422
474,-6.875999927520752,0.7179999947547913,1.50600004196167
477,-4.605999946594238,2.4760000705718994,4.410999774932861
480,-5.1620001792907715,-1.065999984741211,8.515999794006348
483,-6.921000003814697,4.308000087738037,10.559000015258789
486,-2.9040000438690186,-5.445000171661377,7.888000011444092
489,11.973999977111816,-4.079999923706055,6.677000045776367
492,-7.145999908447266,-3.6740000247955322,6.5289998054504395
495,0.4740000069141388,-1.6440000534057617,8.0600004196167
498,-7.85699987411499,-1.7719999551773071,9.013999938964844
501,-8.803999900817871,-2.559000015258789,12.97599983215332
504,-1.3930000066757202,4.126999855041504,7.751999855041504
507,-3.5369999408721924,1.2940000295639038,8.52400016784668
510,-2.0910000801086426,3.4200000762939453,5.123000144958496
513,0.44200000166893005,1.9550000429153442,7.816999912261963
516,2.8940000534057617,1.2489999532699585,8.77299976348877
519,1.2920000553131104,-1.8819999694824219,12.718000411987305
522,-2.049999952316284,-2.628999948501587,8.538999557495117
525,-8.41100025177002,0.9909999966621399,8.538999557495117
528,-3.621999979019165,-2.937000036239624,0.8100000023841858
531,-2.9730000495910645,-7.158999919891357,5.552999973297119
534,-4.181000232696533,-2.296999931335449,4.109000205993652
537,2.5789999961853027,-3.0199999809265137,7.6529998779296875
540,3.3540000915527344,0.843999981880188,-4.915999889373779
543,2.6519999504089355,6.1519999504089355,0.2549999952316284
546,6.611999988555908,-1.1950000524520874,-0.04399999976158142
549,2.4230000972747803,-1.0800000429153442,-1.840999960899353
552,6.0320000648498535,-0.3610000014305115,-3.515000104904175
555,1.5570000410079956,-3.0829999446868896,2.678999900817871
558,8.489999771118164,0.4699999988079071,-1.715000033378601
561,11.041000366210938,-0.7419999837875366,-3.0339999198913574
564,-10.33899974822998,0.2759999930858612,-1.9270000457763672
567,-9.579000473022461,1.8489999771118164,1.2450000047683716
570,4.703000068664551,-0.7509999871253967,1.8849999904632568
573,4.517000198364258,-3.4800000190734863,0.8230000138282776
576,9.026000022888184,-2.2320001125335693,0.6700000166893005
579,10.744000434875488,-3.0769999027252197,-1.3849999904632568
582,-10.050000190734863,-2.2750000953674316,-0.5979999899864197
585,-9.87600040435791,-0.19499999284744263,3.315999984741211
588,-5.828999996185303,-0.23800000548362732,3.819999933242798
591,4.354000091552734,-5.872000217437744,3.5910000801086426
594,-7.308000087738037,4.026000022888184,-2.9159998893737793
597,-9.890000343322754,3.3389999866485596,-1.215000033378601
600,-1.472000002861023,0.5329999923706055,-1.3799999952316284
603,-2.3289999961853027,-0.7490000128746033,3.2200000286102295
606,-5.1519999504089355,1.843000054359436,-0.19099999964237213
609,12.494999885559082,6.552999973297119,4.392000198364258
612,-7.791999816894531,-1.965999960899353,4.626999855041504
615,-6.14900016784668,-1.9700000286102295,0.9769999980926514
618,-2.88700008392334,-1.6790000200271606,-2.0999999046325684
621,-1.090000033378601,-3.0910000801086426,2.2720000743865967
624,-2.811000108718872,-0.5360000133514404,6.598999977111816
627,-4.328999996185303,-3.3919999599456787,6.836999893188477
630,2.4179999828338623,2.303999900817871,1.2130000591278076
633,1.9739999771118164,4.1519999504089355,-1.5180000066757202
636,1.1100000143051147,2.5380001068115234,5.191999912261963
639,3.0789999961853027,-2.180999994277954,-5.888999938964844
642,2.0739998817443848,-0.5040000081062317,0.9850000143051147
645,2.0880000591278076,-4.951000213623047,0.5519999861717224
648,5.120999813079834,2.7130000591278076,-5.85699987411499
651,7.804999828338623,-0.16699999570846558,-8.57800006866455
654,10.737000465393066,0.7360000014305115,-7.89900016784668
657,11.890999794006348,-1.5360000133514404,-7.070000171661377
660,7.504000186920166,-0.3179999887943268,-5.824999809265137
663,4.267000198364258,1.3600000143051147,-8.081999778747559
666,4.380000114440918,-1.5529999732971191,-8.35099983215332
669,6.610000133514404,-2.6519999504089355,-9.116000175476074
672,8.826000213623047,-4.198999881744385,-10.303999900817871
675,9.902999877929688,-2.2239999771118164,-5.202000141143799
678,8.513999938964844,-3.00600004196167,-3.055999994277954
681,4.5329999923706055,-2.6440000534057617,-2.6689999103546143
684,-9.595999717712402,3.7730000019073486,-4.696000099182129
687,-9.156000137329102,2.921999931335449,-7.271999835968018
690,-6.579999923706055,3.7739999294281006,-8.456000328063965
693,-5.375999927520752,2.111999988555908,-6.745999813079834
696,-4.633999824523926,3.618000030517578,-4.35099983215332
699,-7.818999767303467,-0.4090000092983246,-2.8459999561309814
702,10.041000366210938,-4.952000141143799,-5.670000076293945
705,-9.133000373840332,0.06599999964237213,-6.973999977111816
708,-6.9079999923706055,-1.059000015258789,-8.902000427246094
711,-6.756999969482422,-0.34299999475479126,-5.803999900817871
714,-5.408999919891357,-0.5789999961853027,-1.5700000524520874
717,-10.170000076293945,-2.4539999961853027,-3.5490000247955322
720,-2.3340001106262207,2.2009999752044678,-3.450000047683716
723,-1.0779999494552612,1.5540000200271606,-6.02400016784668
726,-0.052000001072883606,4.125999927520752,-6.724999904632568
729,1.684999942779541,1.069000005722046,-7.46999979019165
732,1.815999984741211,1.5410000085830688,-2.868000030517578
735,0.11999999731779099,-0.21400000154972076,-4.297999858856201
738,-3.0209999084472656,-2.486999988555908,-4.656000137329102
741,-1.3040000200271606,-2.7109999656677246,-6.794000148773193
744,0.1589999943971634,-3.4200000762939453,-9.182999610900879
747,0.8270000219345093,-0.5059999823570251,-9.72599983215332
750,0.49799999594688416,-3.063999891281128,-4.577000141143799
753,-1.440999984741211,-4.021999835968018,-2.867000102996826
756,7.297999858856201,-0.28999999165534973,11.378999710083008
759,9.152000427246094,2.437000036239624,-10.817000389099121
762,6.7779998779296875,2.191999912261963,-9.625
765,9.340999603271484,-3.2750000953674316,11.11299991607666
768,5.158999919891357,-2.5350000858306885,14.038999557495117
771,5.464000225067139,-4.364999771118164,-11.112000465393066
774,12.045999526977539,1.5429999828338623,-12.553000450134277
777,10.336000442504883,0.09099999815225601,12.821000099182129
780,12.538000106811523,1.2009999752044678,8.98799991607666
783,-6.769999980926514,-0.7129999995231628,12.755000114440918
786,-8.895999908447266,2.9240000247955322,-10.369999885559082
789,8.211999893188477,-0.004000000189989805,-12.28600025177002
792,11.604000091552734,-2.6549999713897705,13.097000122070313
795,-10.302000045776367,-4.761000156402588,11.088000297546387
798,-10.369000434875488,-1.2829999923706055,10.454999923706055
801,-8.855999946594238,-0.6840000152587891,-10.88599967956543
804,-9.277000427246094,-3.634999990463257,-11.220000267028809
807,9.052000045776367,-2.559999942779541,-12.53600025177002
810,-7.142000198364258,2.569999933242798,-12.630000114440918
813,-2.005000114440918,-1.350000023841858,-11.416999816894531
816,5.449999809265137,0.050999999046325684,-12.295000076293945
819,1.5740000009536743,0.7319999933242798,13.272000312805176
822,-1.7170000076293945,0.12600000202655792,-9.104000091552734
825,-4.26200008392334,1.8300000429153442,-11.494999885559082
828,-4.251999855041504,-0.07400000095367432,13.628000259399414
831,-1.6660000085830688,-4.03000020980835,11.769000053405762
834,-3.7130000591278076,-8.329000473022461,8.520000457763672
837,-0.5009999871253967,-3.1570000648498535,-12.77299976348877
840,-4.171999931335449,-2.759999990463257,-8.109999656677246
843,-4.422999858856201,-0.004000000189989805,-8.163000106811523
846,4.306000232696533,2.2739999294281006,13.244999885559082
849,3.3540000915527344,-4.586999893188477,12.562000274658203
852,0.4909999966621399,2.819999933242798,-9.402999877929688
855,-0.4399999976158142,-5.59499979019165,9.593000411987305
858,2.253000020980835,-1.194000005722046,10.11299991607666
861,2.885999917984009,-1.8660000562667847,-10.668000221252441
864,11.170000076293945,5.452000141143799,9.942999839782715
867,5.711999893188477,1.843999981880188,2.549999952316284
870,7.368000030517578,9.496999740600586,9.15999984741211
873,11.76099967956543,7.630000114440918,6.894000053405762
876,10.074999809265137,8.208000183105469,9.107000350952148
879,10.998000144958496,-8.562000274658203,10.845000267028809
882,8.956000328063965,3.6989998817443848,9.642999649047852
885,9.404999732971191,6.210999965667725,6.441999912261963
888,7.870999813079834,2.9839999675750732,4.203999996185303
891,8.178000450134277,5.543000221252441,3.371999979019165
894,11.902000427246094,3.697999954223633,8.04800033569336
897,11.887999534606934,5.390999794006348,12.72599983215332
900,-8.329999923706055,9.015000343322754,7.203999996185303
903,-8.802000045776367,8.984000205993652,4.441999912261963
906,-3.989000082015991,9.588000297546387,0.19300000369548798
909,-3.739000082015991,6.005000114440918,7.5980000495910645
912,-4.770999908447266,8.189000129699707,9.147000312805176
915,-7.335999965667725,8.868000030517578,9.670999526977539
918,-9.119000434875488,4.241000175476074,7.946000099182129
921,-8.673999786376953,2.9119999408721924,4.039999961853027
924,-4.283999919891357,7.071000099182129,4.951000213623047
927,-0.10100000351667404,4.980999946594238,4.303999900817871
930,-1.5080000162124634,-1.4600000381469727,10.779999732971191
933,-10.003000259399414,7.13700008392334,9.093000411987305
936,7.184000015258789,7.375999927520752,5.03000020980835
939,4.317999839782715,4.7230000495910645,1.5980000495910645
942,3.994999885559082,11.467000007629395,3.203000068664551
945,8.70300006866455,9.670999526977539,4.881999969482422
948,-0.7879999876022339,5.623000144958496,10.01200008392334
951,0.7329999804496765,9.880000114440918,4.8379998207092285
954,-5.172999858856201,3.677999973297119,8.456000328063965
957,-0.925000011920929,0.7429999709129333,4.966000080108643
960,6.692999839782715,3.7309999465942383,0.7839999794960022
963,-0.5630000233650208,7.431000232696533,5.327000141143799
966,7.447000026702881,2.5260000228881836,12.182000160217285
969,-1.440999984741211,1.3890000581741333,9.96500015258789
972,4.953999996185303,5.318999767303467,-6.171000003814697
975,5.9710001945495605,8.307000160217285,-0.8730000257492065
978,6.421999931335449,10.973999977111816,1.5920000076293945
981,4.171000003814697,5.331999778747559,-2.9049999713897705
984,6.547999858856201,6.5929999351501465,-3.364000082015991
987,10.987000465393066,5.692999839782715,0.2750000059604645
990,10.163000106811523,11.46500015258789,-0.04100000113248825
993,-10.647000312805176,11.83899974822998,0.843999981880188
996,-10.484000205993652,10.348999977111816,-1.9429999589920044
999,-9.505000114440918,8.451000213623047,0.17000000178813934
1002,-11.059000015258789,9.618000030517578,2.559999942779541
1005,11.510000228881836,9.505999565124512,5.035999774932861
1008,9.854000091552734,7.434999942779541,-2.371000051498413
1011,9.397000312805176,3.3550000190734863,-1.284000039100647
1014,-5.751999855041504,4.439000129699707,-0.6679999828338623
1017,-9.901000022888184,5.798999786376953,0.06499999761581421
1020,10.76099967956543,4.964000225067139,2.936000108718872
1023,7.550000190734863,6.370999813079834,0.22699999809265137
1026,-6.609000205993652,10.039999961853027,-0.5189999938011169
1029,-6.807000160217285,9.168000221252441,-3.2230000495910645
1032,-3.5160000324249268,8.310999870300293,-2.5160000324249268
1035,-3.059000015258789,8.829999923706055,2.5350000858306885
1038,-3.134999990463257,11.687999725341797,2.9779999256134033
1041,-6.8429999351501465,7.548999786376953,3.3559999465942383
1044,-6.284999847412109,4.710000038146973,2.0480000972747803
1047,-3.1010000705718994,5.126999855041504,-0.828000009059906
1050,-0.9369999766349792,4.441999912261963,-2.2939999103546143
1053,-2.515000104904175,3.4749999046325684,1.2979999780654907
1056,-3.755000114440918,5.5269999504089355,2.559000015258789
1059,-8.869999885559082,5.598999977111816,2.9679999351501465
1062,-0.8529999852180481,7.473999977111816,2.2109999656677246
1065,-0.20900000631809235,9.598999977111816,0.17000000178813934
1068,1.8990000486373901,6.173999786376953,2.9600000381469727
1071,-2.3480000495910645,0.8830000162124634,1.1069999933242798
1074,3.1080000400543213,8.753999710083008,-0.26499998569488525
1077,8.548999786376953,9.24899959564209,2.0940001010894775
1080,4.494999885559082,9.369000434875488,-5.954999923706055
1083,6.26200008392334,6.826000213623047,-10.345999717712402
1086,8.795000076293945,8.21399974822998,-10.220000267028809
1089,9.993000030517578,9.460000038146973,-6.630000114440918
1092,6.552000045776367,7.564000129699707,-6.205999851226807
1095,10.125,8.446000099182129,0.0010000000474974513
1098,9.213000297546387,1.9279999732971191,-6.131999969482422
1101,6.307000160217285,4.730000019073486,-8.508999824523926
1104,8.932000160217285,4.270999908447266,-7.605000019073486
1107,8.989999771118164,7.034999847412109,-7.513000011444092
1110,8.833999633789063,5.183000087738037,-3.2950000762939453
1113,7.421000003814697,3.0769999027252197,-4.38700008392334
1116,-11.097000122070313,10.822999954223633,-6.640999794006348
1119,-9.595000267028809,9.840999603271484,-8.743000030517578
1122,-6.830999851226807,10.220999717712402,-9.362000465393066
1125,-5.581999778747559,10.227999687194824,-6.7220001220703125
1128,-7.994999885559082,11.074999809265137,-6.011000156402588
1131,-9.930999755859375,9.303000450134277,-4.809000015258789
1134,11.371999740600586,5.138000011444092,-5.0
1137,-9.399999618530273,7.440000057220459,-7.126999855041504
1140,-6.811999797821045,6.4629998207092285,-7.6020002365112305
1143,-6.334000110626221,7.810999870300293,-5.499000072479248
1146,-0.27000001072883606,6.728000164031982,-3.8310000896453857
1149,11.383999824523926,8.083999633789063,-4.638000011444092
1152,-3.2170000076293945,11.45199966430664,-7.309999942779541
1155,-2.0829999446868896,6.864999771118164,-9.10099983215332
1158,1.6030000448226929,7.839000225067139,-8.659000396728516
1161,1.6009999513626099,9.991000175476074,-6.744999885559082
1164,0.6389999985694885,10.741999626159668,-4.071000099182129
1167,-1.7970000505447388,12.036999702453613,-4.6519999504089355
1170,-3.549999952316284,6.453000068664551,-4.7769999504089355
1173,-1.1829999685287476,6.590000152587891,-6.639999866485596
1176,0.3330000042915344,5.513000011444092,-10.039999961853027
1179,3.240000009536743,9.680999755859375,-2.763000011444092
1182,2.3359999656677246,6.126999855041504,-6.504000186920166
1185,2.3919999599456787,7.2779998779296875,-3.871999979019165
1188,5.296999931335449,8.576000213623047,10.70300006866455
1191,6.396999835968018,9.333000183105469,12.88599967956543
1194,5.14900016784668,8.842000007629395,-11.8149995803833
1197,10.982000350952148,8.010000228881836,13.597000122070313
1200,8.456000328063965,7.308000087738037,-12.994999885559082
1203,6.077000141143799,4.927999973297119,-12.503000259399414
1206,8.809000015258789,10.28499984741211,11.279999732971191
1209,11.263999938964844,9.260000228881836,11.324000358581543
1212,-9.657999992370605,9.932000160217285,11.293999671936035
1215,-9.133000373840332,7.7230000495910645,13.968000411987305
1218,-9.911999702453613,9.649999618530273,-11.329999923706055
1221,11.161999702453613,8.887999534606934,-10.944999694824219
1224,12.151000022888184,2.308000087738037,-9.597000122070313
1227,-9.060999870300293,0.765999972820282,13.881999969482422
1230,-9.187000274658203,6.198999881744385,11.571000099182129
1233,-8.460000038146973,5.677999973297119,-11.487000465393066
1236,-9.875,5.459000110626221,-9.020999908447266
1239,11.692999839782715,4.111999988555908,-7.383999824523926
1242,-6.620999813079834,8.428999900817871,12.791999816894531
1245,-4.103000164031982,7.341000080108643,11.656000137329102
1248,-1.2979999780654907,7.570000171661377,12.73900032043457
1251,-1.3580000400543213,9.475000381469727,-9.189000129699707
1254,-2.9539999961853027,10.79699993133545,-11.107000350952148
1257,-5.614999771118164,9.536999702453613,-11.859000205993652
1260,-5.85099983215332,4.947999954223633,-11.458999633789063
1263,-5.546999931335449,5.181000232696533,12.875
1266,-1.180999994277954,2.9609999656677246,12.45199966430664
1269,-1.1649999618530273,0.5830000042915344,14.039999961853027
1272,-1.7450000047683716,3.5380001068115234,-10.817999839782715
1275,-5.052999973297119,7.140999794006348,-10.013999938964844
1278,0.8569999933242798,4.99399995803833,12.07699966430664
1281,4.296999931335449,6.208000183105469,12.291999816894531
1284,2.322999954223633,8.244999885559082,-11.289999961853027
1287,3.0810000896453857,4.578999996185303,14.067999839782715
1290,8.809000015258789,4.158999919891357,14.190999984741211
1293,0.7940000295639038,6.449999809265137,-12.656000137329102
