0,11.013999938964844,-5.372000217437744,9.89900016784668
3,-11.069000244140625,-6.36299991607666,7.841000080108643
6,-8.343999862670898,-5.574999809265137,7.6579999923706055
9,-6.945000171661377,-6.761000156402588,9.77299976348877
12,-8.48900032043457,-5.4120001792907715,11.831999778747559
15,-11.07800006866455,-6.336999893188477,12.105999946594238
18,11.279999732971191,12.21500015258789,9.800000190734863
21,-10.895999908447266,-9.095000267028809,7.769000053405762
24,-8.288999557495117,12.241000175476074,7.646999835968018
27,-6.901000022888184,-9.527999877929688,10.02400016784668
30,-8.380000114440918,12.211999893188477,12.21500015258789
33,12.638999938964844,-9.095000267028809,11.991000175476074
36,-4.359000205993652,-5.690999984741211,9.704000473022461
39,-2.953000068664551,-6.934000015258789,7.480999946594238
42,-0.5590000152587891,-5.711999893188477,7.730000019073486
45,0.6790000200271606,-6.564000129699707,10.204999923706055
48,-0.7910000085830688,-5.2220001220703125,12.14799976348877
51,-3.3299999237060547,-6.443999767303467,12.185999870300293
54,-4.285999774932861,11.960000038146973,9.958000183105469
57,-3.1480000019073486,-9.642999649047852,7.499000072479248
60,-0.4399999976158142,12.114999771118164,7.7870001792907715
63,0.6439999938011169,-9.329999923706055,10.345000267028809
66,-0.46000000834465027,12.315999984741211,12.687999725341797
69,-3.2860000133514404,-9.432000160217285,12.281000137329102
72,3.3499999046325684,-5.656000137329102,10.053999900817871
75,4.64900016784668,-6.5920000076293945,7.829999923706055
78,7.255000114440918,-5.607999801635742,7.824999809265137
81,8.574000358581543,-6.5329999923706055,10.020000457763672
84,7.302999973297119,-5.4629998207092285,12.187999725341797
87,4.64300012588501,-6.395999908447266,12.383000373840332
90,3.5999999046325684,12.432999610900879,10.137999534606934
93,4.395999908447266,-9.329999923706055,7.6529998779296875
96,7.241000175476074,12.37600040435791,7.552999973297119
99,8.753999710083008,-9.32800006866455,10.095000267028809
102,7.533999919891357,12.140000343322754,12.357999801635742
105,4.99399995803833,-9.201000213623047,12.355999946594238
108,11.244000434875488,-5.561999797821045,0.8289999961853027
111,12.27299976348877,-6.639999866485596,3.171999931335449
114,11.111000061035156,-5.443999767303467,5.4770002365112305
117,11.321999549865723,12.0649995803833,0.8759999871253967
120,12.472000122070313,-9.293999671936035,3.3559999465942383
123,11.161999702453613,12.130000114440918,5.455999851226807
126,-8.843000411987305,-5.818999767303467,2.9509999752044678
129,-7.216000080108643,-6.754000186920166,0.9850000143051147
132,-4.513000011444092,-5.738999843597412,1.1629999876022339
135,-3.322000026702881,-6.501999855041504,3.4619998931884766
138,-4.828000068664551,-5.822999954223633,5.4710001945495605
141,-7.486000061035156,-6.591000080108643,5.329999923706055
144,-8.595999717712402,12.059000015258789,3.256999969482422
147,-7.63700008392334,-9.508999824523926,0.9480000138282776
150,-4.644999980926514,12.086000442504883,0.9150000214576721
153,-3.128000020980835,-9.210000038146973,2.9600000381469727
156,-4.534999847412109,12.081000328063965,5.164000034332275
159,-7.0320000648498535,-9.38599967956543,5.440000057220459
162,-0.7620000243186951,-5.556000232696533,3.186000108718872
165,0.7839999794960022,-6.486999988555908,1.225000023841858
168,3.444000005722046,-5.410999774932861,1.069000005722046
171,4.65500020980835,-6.599999904632568,3.3289999961853027
174,3.4170000553131104,-5.7220001220703125,5.622000217437744
177,0.7170000076293945,-6.499000072479248,5.501999855041504
180,-0.4970000088214874,12.072999954223633,3.0969998836517334
183,1.1069999933242798,-9.23900032043457,0.996999979019165
186,3.5360000133514404,11.991000175476074,1.1950000524520874
189,4.953000068664551,-9.532999992370605,3.503999948501587
192,3.125999927520752,11.970000267028809,5.367000102996826
195,0.4009999930858612,-9.305000305175781,5.370999813079834
198,7.2179999351501465,-5.645999908447266,3.244999885559082
201,8.675000190734863,-6.644999980926514,1.1139999628067017
204,8.545000076293945,-6.375999927520752,5.559999942779541
207,7.493000030517578,11.836999893188477,3.305000066757202
210,8.58899974822998,-9.534000396728516,0.9049999713897705
213,8.723999977111816,-9.34000015258789,5.425000190734863
216,11.17199993133545,-5.6620001792907715,-3.799999952316284
219,-10.956000328063965,-6.711999893188477,-5.895999908447266
222,-8.317999839782715,-5.710000038146973,-5.826000213623047
225,-6.921999931335449,-6.541999816894531,-3.4820001125335693
228,-8.420000076293945,-5.999000072479248,-1.2599999904632568
231,-11.194999694824219,-6.494999885559082,-1.4279999732971191
234,11.333999633789063,12.11299991607666,-3.9779999256134033
237,-10.829000473022461,-9.442999839782715,-6.160999774932861
240,-8.145000457763672,12.062000274658203,-6.261000156402588
243,-7.144999980926514,-9.49899959564209,-3.8010001182556152
246,-8.569999694824219,12.25,-1.6009999513626099
249,12.45199966430664,-9.300999641418457,-1.5049999952316284
252,-4.408999919891357,-5.629000186920166,-3.7709999084472656
255,-3.308000087738037,-6.697000026702881,-6.0279998779296875
258,-0.6990000009536743,-5.5960001945495605,-5.836999893188477
261,0.6809999942779541,-6.513000011444092,-3.490999937057495
264,-0.5090000033378601,-5.802000045776367,-1.0829999446868896
267,-3.2239999771118164,-6.684999942779541,-1.1330000162124634
270,-4.230000019073486,12.135000228881836,-3.6649999618530273
273,-2.9210000038146973,-9.279000282287598,-5.909999847412109
276,-0.414000004529953,12.331999778747559,-6.160999774932861
279,1.0069999694824219,-9.343000411987305,-3.694000005722046
282,-0.19499999284744263,12.112000465393066,-1.2740000486373901
285,-3.046999931335449,-9.54800033569336,-1.222000002861023
288,3.2869999408721924,-5.538000106811523,-3.561000108718872
291,4.6529998779296875,-6.4720001220703125,-5.689000129699707
294,7.163000106811523,-5.520999908447266,-5.690999984741211
297,8.519000053405762,-6.505000114440918,-3.5260000228881836
300,7.304999828338623,-5.749000072479248,-1.055999994277954
303,4.545000076293945,-6.540999889373779,-1.2610000371932983
306,3.694999933242798,12.038999557495117,-3.621000051498413
309,4.991000175476074,-9.25,-5.757999897003174
312,7.603000164031982,12.237000465393066,-6.235000133514404
315,8.743000030517578,-9.258000373840332,-3.8299999237060547
318,7.256999969482422,12.133999824523926,-1.6160000562667847
321,4.705999851226807,-9.265000343322754,-1.2610000371932983
324,11.416999816894531,-5.671999931335449,14.527000427246094
327,-11.067999839782715,-6.76200008392334,-10.369999885559082
330,11.192999839782715,-5.7270002365112305,-8.064000129699707
333,11.38599967956543,12.237000465393066,-13.019000053405762
336,-10.78499984741211,-9.552000045776367,-10.696000099182129
339,11.494000434875488,12.059000015258789,-8.355999946594238
342,-8.571000099182129,-5.427999973297119,-10.491000175476074
345,-7.460000038146973,-6.25600004196167,14.309000015258789
348,-4.5970001220703125,-5.696000099182129,14.413999557495117
351,-3.2209999561309814,-6.558000087738037,-10.350000381469727
354,-4.538000106811523,-5.432000160217285,-8.227999687194824
357,-7.2820000648498535,-6.488999843597412,-8.192000389099121
360,-8.092000007629395,12.291999816894531,-10.505000114440918
363,-7.065999984741211,-9.08899974822998,-12.78499984741211
366,-4.583000183105469,11.963000297546387,-12.74899959564209
369,-3.065000057220459,-9.295000076293945,-10.548999786376953
372,-4.056000232696533,12.076000213623047,-8.324000358581543
375,-6.603000164031982,-9.282999992370605,-8.355999946594238
378,-0.6420000195503235,-5.264999866485596,-10.359000205993652
381,0.492000013589859,-6.304999828338623,-12.592000007629395
384,3.2260000705718994,-5.5970001220703125,-12.611000061035156
387,4.810999870300293,-6.435999870300293,-10.432000160217285
390,3.63100004196167,-5.458000183105469,-8.20300006866455
393,0.8220000267028809,-6.3460001945495605,-8.119000434875488
396,-0.2840000092983246,12.267000198364258,-10.486000061035156
399,1.1050000190734863,-8.95300006866455,-12.404999732971191
402,3.5759999752044678,12.121000289916992,-12.675999641418457
405,4.677999973297119,-9.185999870300293,-10.336999893188477
408,3.6489999294281006,12.25100040435791,-7.997000217437744
411,1.0479999780654907,-9.043999671936035,-8.416000366210938
414,7.414000034332275,-5.35699987411499,-10.484999656677246
417,8.621999740600586,-6.425000190734863,14.395999908447266
420,8.482999801635742,-6.256999969482422,-8.083999633789063
423,7.418000221252441,12.35099983215332,-10.484000205993652
426,8.883000373840332,-9.276000022888184,-12.609999656677246
429,9.022000312805176,-9.140000343322754,-8.347999572753906
432,11.503999710083008,1.9539999961853027,10.095999717712402
435,-10.949000358581543,0.8920000195503235,7.906000137329102
438,-8.307000160217285,1.8049999475479126,7.76200008392334
441,-7.002999782562256,0.8349999785423279,10.026000022888184
444,-8.345999717712402,1.7510000467300415,12.17199993133545
447,-10.996000289916992,0.8769999742507935,12.387999534606934
450,11.354000091552734,-2.5810000896453857,9.944999694824219
453,-10.77299976348877,-1.774999976158142,7.826000213623047
456,-8.442000389099121,-2.9179999828338623,7.4039998054504395
459,-7.214000225067139,-1.8550000190734863,9.654999732971191
462,-8.317999839782715,-2.6670000553131104,12.081000328063965
465,12.590999603271484,-1.8960000276565552,12.265999794006348
468,-4.48799991607666,1.9559999704360962,9.784000396728516
471,-2.7139999866485596,0.6660000085830688,7.935999870300293
474,-0.2720000147819519,1.840999960899353,7.791999816894531
477,1.0429999828338623,0.8880000114440918,10.008999824523926
480,-0.6349999904632568,1.809999942779541,12.027999877929688
483,-3.3259999752044678,1.1119999885559082,12.147000312805176
486,-4.598999977111816,-2.86299991607666,9.378999710083008
489,-2.88700008392334,-2.005000114440918,7.372000217437744
492,-0.3630000054836273,-2.9769999980926514,7.434999942779541
495,0.7260000109672546,-1.843000054359436,9.720000267028809
498,-0.5740000009536743,-2.552999973297119,11.930999755859375
501,-3.3980000019073486,-1.7489999532699585,11.649999618530273
504,3.4779999256134033,1.687999963760376,9.685999870300293
507,5.00600004196167,0.656000018119812,7.756999969482422
510,7.568999767303467,1.784999966621399,7.598999977111816
513,8.842000007629395,1.1080000400543213,10.098999977111816
516,7.189000129699707,1.5720000267028809,12.097000122070313
519,4.493000030517578,0.6990000009536743,12.074999809265137
522,3.2890000343322754,-2.8959999084472656,9.710000038146973
525,4.735000133514404,-2.0769999027252197,7.533999919891357
528,7.514999866485596,-2.7799999713897705,7.644999980926514
531,8.803000450134277,-1.6369999647140503,9.890000343322754
534,7.355000019073486,-2.6579999923706055,12.017000198364258
537,4.590000152587891,-1.9850000143051147,12.07699966430664
540,11.482999801635742,1.8459999561309814,1.0160000324249268
543,-10.692000389099121,0.7900000214576721,3.2939999103546143
546,11.496999740600586,1.7230000495910645,5.584000110626221
549,11.656000137329102,-2.8469998836517334,0.7179999947547913
552,12.682000160217285,-1.9479999542236328,3.260999917984009
555,11.28600025177002,-2.697000026702881,5.497000217437744
558,-8.116000175476074,1.7979999780654907,3.388000011444092
561,-7.099999904632568,0.8410000205039978,1.0679999589920044
564,-4.304999828338623,1.8320000171661377,1.1200000047683716
567,-3.117000102996826,0.7379999756813049,3.427999973297119
570,-3.9809999465942383,1.7569999694824219,5.698999881744385
573,-6.59499979019165,0.7070000171661377,5.710000038146973
576,-8.29699993133545,-2.871999979019165,3.068000078201294
579,-7.27400016784668,-1.812999963760376,0.7210000157356262
582,-4.335000038146973,-2.867000102996826,0.7020000219345093
585,-3.244999885559082,-1.9830000400543213,3.128999948501587
588,-4.49399995803833,-3.072000026702881,5.269000053405762
591,-6.951000213623047,-1.965999960899353,5.433000087738037
594,-0.4690000116825104,1.815000057220459,3.2920000553131104
597,0.9769999980926514,0.9340000152587891,1.0740000009536743
600,3.615000009536743,1.7209999561309814,1.0390000343322754
603,4.775000095367432,0.550000011920929,3.2990000247955322
606,3.5250000953674316,1.8550000190734863,5.51200008392334
609,0.9959999918937683,0.9160000085830688,5.564000129699707
612,-0.3269999921321869,-2.688999891281128,3.119999885559082
615,0.9810000061988831,-1.840000033378601,0.8569999933242798
618,3.609999895095825,-2.690000057220459,0.6859999895095825
621,4.98199987411499,-2.115000009536743,2.9670000076293945
624,3.7049999237060547,-3.0280001163482666,5.2170000076293945
627,1.1920000314712524,-1.996999979019165,5.416999816894531
630,7.443999767303467,1.5490000247955322,3.0759999752044678
633,8.62600040435791,0.7519999742507935,0.8159999847412109
636,8.899999618530273,0.7689999938011169,5.316999912261963
639,7.553999900817871,-2.992000102996826,2.9059998989105225
642,8.920000076293945,-2.0209999084472656,0.7680000066757202
645,8.67300033569336,-1.9709999561309814,5.179999828338623
648,11.348999977111816,1.8669999837875366,-3.2690000534057617
651,12.185999870300293,0.9879999756813049,-5.74399995803833
654,-8.517999649047852,2.25,-5.71999979019165
657,-7.038000106811523,1.0759999752044678,-3.5
660,-8.147000312805176,1.8849999904632568,-1.2410000562667847
663,-10.751999855041504,0.9430000185966492,-1.180999994277954
666,11.484000205993652,-2.9179999828338623,-3.734999895095825
669,12.494999885559082,-1.9290000200271606,-6.046999931335449
672,-8.35200023651123,-2.875999927520752,-5.860000133514404
675,-6.931000232696533,-1.878999948501587,-3.5429999828338623
678,-8.265000343322754,-3.003999948501587,-1.437999963760376
681,-10.836999893188477,-1.7139999866485596,-1.6089999675750732
684,-4.304999828338623,1.7970000505447388,-3.3450000286102295
687,-3.502000093460083,1.027999997138977,-5.803999900817871
690,-0.9269999861717224,1.8830000162124634,-6.297999858856201
693,0.4950000047683716,1.2029999494552612,-3.7739999294281006
696,-0.3140000104904175,1.7309999465942383,-1.3079999685287476
699,-2.9700000286102295,0.7379999756813049,-1.1069999933242798
702,-4.164999961853027,-2.7939999103546143,-3.999000072479248
705,-3.055000066757202,-1.7389999628067017,-6.270999908447266
708,-0.4059999883174896,-2.7679998874664307,-5.921000003814697
711,0.6629999876022339,-1.6419999599456787,-3.752000093460083
714,-0.04800000041723251,-2.992000102996826,-1.3630000352859497
717,-2.7279999256134033,-1.9190000295639038,-1.4220000505447388
720,2.9560000896453857,2.2760000228881836,-4.015999794006348
723,4.564000129699707,0.9620000123977661,-5.739999771118164
726,7.22599983215332,1.6299999952316284,-5.896999835968018
729,8.600000381469727,0.9480000138282776,-3.319000005722046
732,7.091000080108643,1.812000036239624,-1.187000036239624
735,4.639999866485596,0.8830000162124634,-1.4709999561309814
738,3.253000020980835,-2.76200008392334,-3.927000045776367
741,4.86899995803833,-1.9240000247955322,-5.9070000648498535
744,7.5279998779296875,-2.8269999027252197,-5.88100004196167
747,8.916000366210938,-2.000999927520752,-3.4800000190734863
750,7.4770002365112305,-2.9560000896453857,-1.3990000486373901
753,4.818999767303467,-1.934000015258789,-1.6089999675750732
756,11.456999778747559,1.8309999704360962,-12.49899959564209
759,-11.059000015258789,0.828000009059906,-10.170000076293945
762,11.032999992370605,1.9739999771118164,-8.020999908447266
765,11.482999801635742,-2.9579999446868896,-12.631999969482422
768,-10.743000030517578,-1.8200000524520874,-10.494000434875488
771,11.401000022888184,-3.009000062942505,-8.46500015258789
774,-8.439000129699707,1.8680000305175781,-10.425999641418457
777,-7.025000095367432,1.003000020980835,14.496000289916992
780,-4.425000190734863,2.0139999389648438,-12.663000106811523
783,-3.23799991607666,1.093999981880188,-10.267999649047852
786,-4.763999938964844,1.718000054359436,-8.16100025177002
789,-7.4039998054504395,1.0429999828338623,-7.872000217437744
792,-8.215999603271484,-2.496999979019165,-10.463000297546387
795,-6.9120001792907715,-1.7610000371932983,-12.743000030517578
798,-4.322000026702881,-2.7269999980926514,-13.008000373840332
801,-3.071000099182129,-1.6720000505447388,-10.704000473022461
804,-4.261000156402588,-2.6679999828338623,-8.538000106811523
807,-7.063000202178955,-1.8669999837875366,-8.076000213623047
810,-0.4790000021457672,1.843999981880188,-10.293000221252441
813,0.6200000047683716,1.1059999465942383,14.428000450134277
816,3.369999885559082,2.1480000019073486,14.307000160217285
819,4.459000110626221,0.9160000085830688,-10.545999526977539
822,3.4560000896453857,1.9839999675750732,-8.14799976348877
825,0.9089999794960022,0.8479999899864197,-8.019000053405762
828,-0.5120000243186951,-2.4560000896453857,-10.590999603271484
831,0.7580000162124634,-1.6950000524520874,-13.00100040435791
834,3.256999969482422,-2.888000011444092,-12.810999870300293
837,4.701000213623047,-1.7940000295639038,-10.706000328063965
840,3.6519999504089355,-2.6589999198913574,-8.470999717712402
843,0.8560000061988831,-1.9320000410079956,-8.192999839782715
846,7.139999866485596,1.8020000457763672,-10.498000144958496
849,8.531999588012695,0.8880000114440918,14.395999908447266
852,8.534000396728516,0.8500000238418579,-8.22599983215332
855,7.343999862670898,-2.5989999771118164,-10.567000389099121
858,8.920000076293945,-1.9179999828338623,-12.666999816894531
861,8.765999794006348,-1.9199999570846558,-8.288000106811523
864,11.086000442504883,9.46399974822998,10.093999862670898
867,-11.020999908447266,8.47599983215332,8.093000411987305
870,-8.527999877929688,9.555000305175781,7.763999938964844
873,-7.142000198364258,8.29699993133545,9.847999572753906
876,-8.52299976348877,9.333000183105469,12.038999557495117
879,-11.234000205993652,8.256999969482422,12.15999984741211
882,11.258999824523926,4.735000133514404,9.571999549865723
885,-10.66100025177002,5.855000019073486,7.658999919891357
888,-8.1899995803833,4.574999809265137,7.60099983215332
891,-6.952000141143799,5.638000011444092,9.83899974822998
894,-8.25100040435791,4.60699987411499,11.956000328063965
897,-10.954999923706055,5.451000213623047,11.930000305175781
900,-4.433000087738037,9.23799991607666,10.10200023651123
903,-3.0490000247955322,8.319000244140625,7.85699987411499
906,-0.37299999594688416,9.244000434875488,7.72599983215332
909,0.8009999990463257,8.288000106811523,9.885000228881836
912,-0.4300000071525574,9.390000343322754,12.255000114440918
915,-3.0959999561309814,8.333000183105469,12.413999557495117
918,-4.204999923706055,4.922999858856201,9.857000350952148
921,-3.0350000858306885,5.545000076293945,7.578000068664551
924,-0.4580000042915344,4.561999797821045,7.745999813079834
927,0.8579999804496765,5.626999855041504,10.053999900817871
930,-0.2939999997615814,4.613999843597412,12.460000038146973
933,-2.865999937057495,5.663000106811523,12.32699966430664
936,3.2699999809265137,9.619000434875488,10.086999893188477
939,4.614999771118164,8.555000305175781,7.824999809265137
942,7.150000095367432,9.524999618530273,7.738999843597412
945,8.510000228881836,8.32699966430664,9.970000267028809
948,7.317999839782715,9.357000350952148,12.208999633789063
951,4.670000076293945,8.550000190734863,12.24899959564209
954,3.4719998836517334,4.670000076293945,9.611000061035156
957,4.822000026702881,5.750999927520752,7.53000020980835
960,7.320000171661377,4.418000221252441,7.13700008392334
963,8.635000228881836,5.49399995803833,9.741000175476074
966,7.336999893188477,4.388999938964844,12.039999961853027
969,4.769000053405762,5.756999969482422,12.010000228881836
972,11.741999626159668,9.293999671936035,1.0989999771118164
975,-10.807999610900879,8.220000267028809,3.318000078201294
978,11.387999534606934,9.21399974822998,5.6539998054504395
981,11.72700023651123,4.591000080108643,0.8130000233650208
984,-10.70300006866455,5.572000026702881,3.1730000972747803
987,11.593000411987305,4.632999897003174,5.420000076293945
990,-8.309000015258789,9.345999717712402,3.4679999351501465
993,-7.109000205993652,8.52299976348877,1.2549999952316284
996,-4.4670000076293945,9.333000183105469,1.225000023841858
999,-3.2209999561309814,8.265999794006348,3.3910000324249268
1002,-4.4029998779296875,9.291000366210938,5.6570000648498535
1005,-7.0929999351501465,8.340999603271484,5.74399995803833
1008,-8.164999961853027,4.49399995803833,3.2019999027252197
1011,-6.673999786376953,5.72599983215332,1.1710000038146973
1014,-4.159999847412109,4.6529998779296875,0.7200000286102295
1017,-2.947999954223633,5.505000114440918,3.240999937057495
1020,-4.313000202178955,4.46999979019165,5.289999961853027
1023,-6.735000133514404,5.59499979019165,5.520999908447266
1026,-0.7129999995231628,9.37600040435791,3.1029999256134033
1029,0.5920000076293945,8.138999938964844,0.9739999771118164
1032,3.2660000324249268,9.305000305175781,1.0230000019073486
1035,4.71999979019165,7.965000152587891,3.0230000019073486
1038,3.6589999198913574,9.067999839782715,5.293000221252441
1041,0.9549999833106995,8.36400032043457,5.396999835968018
1044,-0.41999998688697815,4.5980000495910645,3.2269999980926514
1047,0.8180000185966492,5.408999919891357,0.9660000205039978
1050,3.3610000610351563,4.451000213623047,0.75
1053,5.0929999351501465,5.172999858856201,3.0239999294281006
1056,3.5989999771118164,4.664999961853027,5.204999923706055
1059,0.953000009059906,5.258999824523926,5.499000072479248
1062,7.459000110626221,9.109000205993652,3.184999942779541
1065,9.065999984741211,8.399999618530273,1.0119999647140503
1068,8.633000373840332,8.208000183105469,5.60699987411499
1071,7.738999843597412,4.315000057220459,2.994999885559082
1074,8.984000205993652,5.482999801635742,0.8339999914169312
1077,9.04800033569336,5.508999824523926,5.317999839782715
1080,11.368000030517578,9.34000015258789,-3.497999906539917
1083,-10.803999900817871,8.5649995803833,-5.677999973297119
1086,-8.154999732971191,9.340999603271484,-5.800000190734863
1089,-6.938000202178955,8.607000350952148,-3.4700000286102295
1092,-8.187999725341797,9.57699966430664,-1.1720000505447388
1095,-10.727999687194824,8.456000328063965,-1.2319999933242798
1098,11.524999618530273,4.61299991607666,-3.61899995803833
1101,-10.89799976348877,5.818999767303467,-5.9120001792907715
1104,-8.317999839782715,4.894999980926514,-5.968999862670898
1107,-7.216000080108643,5.739999771118164,-3.619999885559082
1110,-7.9670000076293945,4.614999771118164,-1.215999960899353
1113,-10.621000289916992,5.736999988555908,-1.4329999685287476
1116,-4.353000164031982,9.36299991607666,-3.6679999828338623
1119,-3.009999990463257,8.24899959564209,-5.811999797821045
1122,-0.492000013589859,9.510000228881836,-5.695000171661377
1125,0.9789999723434448,8.432000160217285,-3.421999931335449
1128,-0.4779999852180481,9.307000160217285,-1.3009999990463257
1131,-3.328000068664551,8.47700023651123,-1.1230000257492065
1134,-4.6020002365112305,4.60099983215332,-3.5339999198913574
1137,-3.26200008392334,5.502999782562256,-5.89900016784668
1140,-0.6600000262260437,4.611000061035156,-5.866000175476074
1143,0.9819999933242798,5.6570000648498535,-3.677999973297119
1146,-0.3059999942779541,4.520999908447266,-1.3200000524520874
1149,-2.7750000953674316,5.789999961853027,-1.2580000162124634
1152,3.6429998874664307,9.220999717712402,-3.739000082015991
1155,4.999000072479248,8.510000228881836,-6.039999961853027
1158,7.650000095367432,9.529000282287598,-6.034999847412109
1161,8.682999610900879,8.097000122070313,-3.819999933242798
1164,7.609000205993652,9.390999794006348,-1.2599999904632568
1167,4.833000183105469,8.548999786376953,-1.1490000486373901
1170,3.6059999465942383,4.892000198364258,-3.486999988555908
1173,5.0879998207092285,5.744999885559082,-5.729000091552734
1176,7.603000164031982,4.368000030517578,-5.991000175476074
1179,8.833000183105469,5.316999912261963,-3.6530001163482666
1182,7.432000160217285,4.620999813079834,-1.465999960899353
1185,4.900000095367432,5.776000022888184,-1.1360000371932983
1188,11.14900016784668,9.401000022888184,14.493000030517578
1191,-10.982000350952148,8.38700008392334,-10.409000396728516
1194,11.527999877929688,9.085000038146973,-8.015999794006348
1197,11.420000076293945,4.526000022888184,-12.89900016784668
1200,12.378000259399414,5.557000160217285,-10.574000358581543
1203,11.401000022888184,4.638000011444092,-8.15999984741211
1206,-8.307000160217285,9.592000007629395,-10.48799991607666
1209,-7.0329999923706055,8.45300006866455,-12.656000137329102
1212,-4.3520002365112305,9.083000183105469,-12.467000007629395
1215,-2.994999885559082,7.90500020980835,-10.281999588012695
1218,-4.330999851226807,9.175000190734863,-8.218000411987305
1221,-7.256999969482422,8.385000228881836,-8.270999908447266
1224,-8.289999961853027,4.642000198364258,-10.661999702453613
1227,-7.017000198364258,5.578999996185303,-12.902000427246094
1230,-4.3460001945495605,4.660999774932861,-12.697999954223633
1233,-3.0490000247955322,5.26800012588501,-10.168999671936035
1236,-4.59499979019165,4.392000198364258,-8.053999900817871
1239,-7.264999866485596,5.622000217437744,-8.3149995803833
1242,-0.5849999785423279,9.364999771118164,-10.555999755859375
1245,0.8519999980926514,8.302000045776367,-12.625
1248,3.364000082015991,9.331000328063965,-12.645999908447266
1251,4.860000133514404,8.527999877929688,-10.295000076293945
1254,3.4509999752044678,9.475000381469727,-8.187999725341797
1257,0.7889999747276306,8.720000267028809,-7.966000080108643
1260,-0.15800000727176666,4.804999828338623,-10.199000358581543
1263,1.0729999542236328,5.545000076293945,-12.532999992370605
1266,3.696000099182129,4.861000061035156,-12.793999671936035
1269,4.98799991607666,5.841000080108643,-10.592000007629395
1272,3.802999973297119,5.138000011444092,-8.152000427246094
1275,1.0110000371932983,5.796999931335449,-7.843999862670898
1278,7.409999847412109,9.61400032043457,-10.517999649047852
1281,8.628999710083008,8.234999656677246,-12.583999633789063
1284,8.793999671936035,8.189000129699707,-8.272000312805176
1287,7.449999809265137,4.473999977111816,-10.579999923706055
1290,8.699000358581543,5.425000190734863,-12.894000053405762
1293,8.619000434875488,5.4019999504089355,-8.394000053405762
