0,8.361000061035156,-2.808000087738037,6.322999954223633
3,11.4350004196167,-4.24399995803833,6.2270002365112305
6,-9.428999900817871,-3.8399999141693115,6.081999778747559
9,-8.647000312805176,-5.7820000648498535,8.059000015258789
12,-7.191999912261963,-3.7060000896453857,9.232000350952148
15,9.869999885559082,-3.943000078201294,8.468999862670898
18,9.39900016784668,12.026000022888184,5.166999816894531
21,10.380999565124512,-6.953000068664551,5.261000156402588
24,12.449000358581543,-8.586999893188477,4.730999946594238
27,-9.954999923706055,-8.213000297546387,7.197999954223633
30,-7.748000144958496,-8.217000007629395,8.916999816894531
33,8.654999732971191,-8.175999641418457,6.968999862670898
36,-4.5970001220703125,-3.2990000247955322,7.769999980926514
39,-4.86899995803833,-4.513000011444092,5.343999862670898
42,-2.1459999084472656,-3.3959999084472656,5.046999931335449
45,-0.27399998903274536,-4.047999858856201,6.952000141143799
48,-1.0479999780654907,-3.430000066757202,9.531000137329102
51,-3.436000108718872,-4.574999809265137,9.82800006866455
54,-5.301000118255615,-8.711000442504883,7.663000106811523
57,-5.624000072479248,-7.26800012588501,4.986999988555908
60,-2.0840001106262207,-8.303999900817871,4.804999828338623
63,-0.14000000059604645,-7.084000110626221,6.839000225067139
66,-0.6990000009536743,-8.312000274658203,9.64900016784668
69,-3.2769999504089355,-7.38100004196167,9.663000106811523
72,2.3929998874664307,-3.3299999237060547,6.370999813079834
75,2.4539999961853027,-4.293000221252441,3.734999895095825
78,5.01800012588501,-3.38100004196167,3.365000009536743
81,5.927000045776367,-5.175000190734863,5.206999778747559
84,6.066999912261963,-3.1630001068115234,8.017999649047852
87,3.7929999828338623,-4.706999778747559,8.420999526977539
90,2.255000114440918,-8.397000312805176,6.1020002365112305
93,2.9769999980926514,-7.107999801635742,3.6630001068115234
96,5.2829999923706055,-7.125999927520752,2.2320001125335693
99,6.584000110626221,-7.9019999504089355,4.89300012588501
102,6.414999961853027,-8.531999588012695,8.359000205993652
105,3.4600000381469727,-7.629000186920166,8.38700008392334
108,10.48900032043457,-3.308000087738037,-1.2630000114440918
111,11.107999801635742,-3.572999954223633,1.5709999799728394
114,10.10200023651123,-2.6440000534057617,4.076000213623047
117,10.354999542236328,-7.716000080108643,-1.149999976158142
120,11.62399959564209,-6.478000164031982,0.8920000195503235
123,9.642999649047852,-7.36899995803833,2.6440000534057617
126,-9.644000053405762,-3.3970000743865967,1.2300000190734863
129,-9.055000305175781,-4.302000045776367,-1.3930000066757202
132,-6.318999767303467,-3.7309999465942383,-1.531999945640564
135,-5.114999771118164,-4.675000190734863,0.6190000176429749
138,-6.171999931335449,-3.8480000495910645,2.950000047683716
141,-8.805999755859375,-4.64900016784668,3.6010000705718994
144,-9.873000144958496,-8.071000099182129,0.5879999995231628
147,-8.706999778747559,-7.111999988555908,-1.7100000381469727
150,-6.218999862670898,-8.302000045776367,-1.8880000114440918
153,-5.111999988555908,-7.623000144958496,0.4749999940395355
156,-6.361999988555908,-8.66100025177002,2.6549999713897705
159,-8.970999717712402,-7.3480000495910645,3.2130000591278076
162,-2.496000051498413,-3.9059998989105225,0.21899999678134918
165,-1.3289999961853027,-4.513000011444092,-2.183000087738037
168,1.194000005722046,-3.4019999504089355,-2.812999963760376
171,2.5199999809265137,-4.2789998054504395,-0.5109999775886536
174,1.0460000038146973,-3.1389999389648438,1.4620000123977661
177,-1.1679999828338623,-4.416999816894531,2.4100000858306885
180,-2.3340001106262207,-8.142999649047852,0.15000000596046448
183,-1.3009999990463257,-7.281000137329102,-2.1410000324249268
186,1.3639999628067017,-8.039999961853027,-2.859999895095825
189,2.6389999389648438,-7.053999900817871,-0.6050000190734863
192,1.437999963760376,-8.121999740600586,1.6160000562667847
195,-1.184000015258789,-7.193999767303467,2.375999927520752
198,4.979000091552734,-4.449999809265137,-1.6679999828338623
201,8.770999908447266,-5.546999931335449,-0.8690000176429749
204,5.813000202178955,-3.319000005722046,0.7590000033378601
207,5.2729997634887695,-7.794000148773193,-0.5519999861717224
210,6.716000080108643,-6.500999927520752,-2.552000045776367
213,7.747000217437744,-5.46999979019165,1.6699999570846558
216,10.194000244140625,-3.750999927520752,-6.445000171661377
219,11.199000358581543,-4.545000076293945,-8.899999618530273
222,-9.699999809265137,-3.628000020980835,-8.888999938964844
225,-8.734999656677246,-4.420000076293945,-6.377999782562256
228,-9.907999992370605,-3.691999912261963,-4.010000228881836
231,11.154999732971191,-4.644999980926514,-3.747999906539917
234,10.263999938964844,-7.942999839782715,-6.49399995803833
237,11.435999870300293,-7.289999961853027,-8.970000267028809
240,-9.609999656677246,-8.49899959564209,-8.699000358581543
243,-8.600000381469727,-7.426000118255615,-6.478000164031982
246,-9.699999809265137,-8.088000297546387,-4.083000183105469
249,10.984000205993652,-7.328999996185303,-3.7990000247955322
252,-6.013000011444092,-3.7239999771118164,-6.182000160217285
255,-4.610000133514404,-4.440999984741211,-8.625
258,-1.809999942779541,-3.3589999675750732,-8.843000411987305
261,-0.6380000114440918,-4.514999866485596,-6.71999979019165
264,-2.178999900817871,-3.6610000133514404,-4.625
267,-4.921999931335449,-4.5960001945495605,-3.8340001106262207
270,-5.942999839782715,-8.333999633789063,-6.423999786376953
273,-4.389999866485596,-7.28000020980835,-8.652000427246094
276,-1.7710000276565552,-8.121000289916992,-9.180999755859375
279,-0.6449999809265137,-7.454999923706055,-6.89300012588501
282,-2.0959999561309814,-8.255999565124512,-4.683000087738037
285,-4.678999900817871,-7.261000156402588,-4.171999931335449
288,2.0829999446868896,-3.499000072479248,-7.019999980926514
291,4.008999824523926,-4.5,-8.725000381469727
294,6.869999885559082,-3.3340001106262207,-9.069999694824219
297,7.506999969482422,-4.073999881744385,-6.515999794006348
300,5.646999835968018,-3.4570000171661377,-4.453000068664551
303,3.118000030517578,-4.427000045776367,-4.716000080108643
306,1.9730000495910645,-8.161999702453613,-7.043000221252441
309,3.5999999046325684,-7.3420000076293945,-9.093999862670898
312,6.473999977111816,-8.041000366210938,-9.175999641418457
315,7.645999908447266,-6.921000003814697,-6.952000141143799
318,5.908999919891357,-7.709000110626221,-4.914999961853027
321,3.0899999141693115,-7.186999797821045,-4.715000152587891
324,10.442000389099121,-3.433000087738037,11.166000366210938
327,11.892000198364258,-4.60699987411499,13.180999755859375
330,10.468000411987305,-3.8429999351501465,-11.413999557495117
333,9.713000297546387,-8.758000373840332,9.689000129699707
336,12.338000297546387,-7.65500020980835,13.694000244140625
339,10.529999732971191,-8.21399974822998,-11.468000411987305
342,-9.04800033569336,-3.677000045776367,13.503999710083008
345,-7.35099983215332,-4.910999774932861,11.614999771118164
348,-4.866000175476074,-3.7360000610351563,11.98900032043457
351,-3.6440000534057617,-4.577000141143799,14.387999534606934
354,-5.630000114440918,-3.7709999084472656,-11.163000106811523
357,-8.282999992370605,-4.460000038146973,-11.017999649047852
360,-8.45199966430664,-8.192999839782715,13.840999603271484
363,-7.059999942779541,-7.639999866485596,11.439000129699707
366,-4.4629998207092285,-8.473999977111816,11.902999877929688
369,-3.5439999103546143,-7.372000217437744,-12.859999656677246
372,-5.169000148773193,-8.51200008392334,-10.895000457763672
375,-7.821000099182129,-7.25,-10.78499984741211
378,-1.1540000438690186,-3.3550000190734863,14.095000267028809
381,0.27799999713897705,-4.603000164031982,12.01200008392334
384,2.8310000896453857,-3.940999984741211,11.26099967956543
387,4.019999980926514,-4.714000225067139,13.666000366210938
390,2.7880001068115234,-3.864000082015991,-11.227999687194824
393,0.03400000184774399,-4.267000198364258,-10.670999526977539
396,-1.0290000438690186,-8.20199966430664,-13.232000350952148
399,0.5460000038146973,-7.24399995803833,11.939000129699707
402,3.1549999713897705,-8.09000015258789,11.055999755859375
405,4.216000080108643,-7.623000144958496,13.581000328063965
408,2.4690001010894775,-8.307999610900879,-11.461000442504883
411,0.12300000339746475,-7.070000171661377,-11.015999794006348
414,6.375,-3.4189999103546143,13.369000434875488
417,7.729000091552734,-4.334000110626221,11.043000221252441
420,7.525000095367432,-4.565999984741211,-11.380000114440918
423,6.626999855041504,-8.65999984741211,13.243000030517578
426,7.4029998779296875,-7.322999954223633,10.871000289916992
429,7.64900016784668,-7.414000034332275,-11.555000305175781
432,11.258000373840332,3.9189999103546143,5.565999984741211
435,-10.854000091552734,2.881999969482422,7.429999828338623
438,-8.413999557495117,3.4619998931884766,5.818999767303467
441,-6.798999786376953,2.2929999828338623,7.699999809265137
444,-7.810999870300293,3.5829999446868896,9.996999740600586
447,-10.614999771118164,2.796999931335449,10.170999526977539
450,10.173999786376953,1.3320000171661377,5.75
453,-10.77299976348877,0.1860000044107437,7.507999897003174
456,-8.626999855041504,-1.1169999837875366,6.051000118255615
459,-6.666999816894531,-0.3970000147819519,7.7870001792907715
462,-8.02299976348877,-1.1230000257492065,10.142000198364258
465,-10.538999557495117,-0.14800000190734863,10.227999687194824
468,-4.464000225067139,3.6760001182556152,7.181000232696533
471,-4.429999828338623,2.7200000286102295,4.546000003814697
474,-0.3050000071525574,3.9670000076293945,4.2129998207092285
477,0.10599999874830246,3.0859999656677246,6.646999835968018
480,-0.7289999723434448,3.7699999809265137,9.208999633789063
483,-3.3320000171661377,2.6410000324249268,9.609999656677246
486,-3.947999954223633,-0.6079999804496765,7.117000102996826
489,-5.23199987411499,0.07800000160932541,4.703000068664551
492,-1.6790000200271606,-0.5860000252723694,5.105999946594238
495,0.4519999921321869,0.289000004529953,6.863999843597412
498,-0.5479999780654907,-0.6779999732971191,9.177000045776367
501,-3.183000087738037,-0.10000000149011612,9.656000137329102
504,2.9700000286102295,3.5989999771118164,6.863999843597412
507,3.7929999828338623,3.1070001125335693,4.247000217437744
510,5.941999912261963,3.946000099182129,2.5209999084472656
513,7.684000015258789,2.940000057220459,5.7729997634887695
516,6.870999813079834,3.8269999027252197,8.336999893188477
519,4.316999912261963,2.9760000705718994,9.17199993133545
522,3.0759999752044678,-0.5210000276565552,6.34499979019165
525,2.928999900817871,0.5979999899864197,3.8269999027252197
528,5.491000175476074,-0.593999981880188,3.3510000705718994
531,6.535999774932861,0.3799999952316284,5.705999851226807
534,6.3429999351501465,-0.4090000092983246,8.505999565124512
537,3.552999973297119,0.28700000047683716,8.902000427246094
540,10.260000228881836,4.066999912261963,-1.5679999589920044
543,11.54699993133545,2.937000036239624,0.5879999995231628
546,11.66100025177002,4.436999797821045,2.888000011444092
549,9.812999725341797,-0.5889999866485596,-1.3910000324249268
552,10.991999626159668,0.23600000143051147,1.031000018119812
555,9.479000091552734,0.2549999952316284,3.246999979019165
558,-9.288000106811523,3.5759999752044678,0.9089999794960022
561,-8.76200008392334,2.8580000400543213,-1.659999966621399
564,-6.175000190734863,3.759999990463257,-2.0920000076293945
567,-5.255000114440918,2.572999954223633,0.289000004529953
570,-5.964000225067139,3.822000026702881,2.6449999809265137
573,-8.484000205993652,2.38700008392334,3.181999921798706
576,-10.107000350952148,-0.7940000295639038,0.8799999952316284
579,-8.916999816894531,-0.013000000268220901,-1.5019999742507935
582,-6.250999927520752,-0.9769999980926514,-2.0480000972747803
585,-5.255000114440918,-0.29899999499320984,0.3700000047683716
588,-6.638999938964844,-1.100000023841858,2.5799999237060547
591,-9.244000434875488,-0.3310000002384186,3.4839999675750732
594,-2.6740000247955322,3.6570000648498535,0.23100000619888306
597,-1.3229999542236328,2.6449999809265137,-1.906999945640564
600,1.3109999895095825,4.021999835968018,-2.118000030517578
603,2.763000011444092,2.871000051498413,-0.029999999329447746
606,1.8359999656677246,4.124000072479248,2.5880000591278076
609,-2.1610000133514404,2.4790000915527344,2.63700008392334
612,-2.427000045776367,-1.0989999771118164,0.20200000703334808
615,-1.3300000429153442,-0.1720000058412552,-2.069999933242798
618,1.3170000314712524,-0.6320000290870667,-2.7060000896453857
621,2.5169999599456787,0.17399999499320984,-0.46399998664855957
624,1.315999984741211,-0.38100001215934753,1.7680000066757202
627,-1.590999960899353,-0.17499999701976776,2.4670000076293945
630,5.011000156402588,4.447000026702881,0.02199999988079071
633,6.635000228881836,3.812999963760376,-2.2149999141693115
636,7.584000110626221,1.7339999675750732,2.0380001068115234
639,5.158999919891357,-0.3799999952316284,-1.6080000400543213
642,8.145000457763672,1.9819999933242798,-0.6869999766349792
645,6.691999912261963,-0.5730000138282776,0.8199999928474426
648,9.791999816894531,3.8239998817443848,-6.425000190734863
651,11.310999870300293,2.8410000801086426,-8.661999702453613
654,-9.739999771118164,3.7720000743865967,-8.84000015258789
657,-8.640000343322754,2.7200000286102295,-6.2789998054504395
660,-9.890000343322754,4.039000034332275,-4.081999778747559
663,10.986000061035156,3.119999885559082,-3.9030001163482666
666,9.473999977111816,-1.0089999437332153,-6.539999961853027
669,11.20199966430664,0.17599999904632568,-8.649999618530273
672,-9.845999717712402,-0.8550000190734863,-8.770999908447266
675,-8.618000030517578,-0.07199999690055847,-6.4029998779296875
678,-9.704999923706055,-0.9570000171661377,-3.946000099182129
681,11.350000381469727,0.18799999356269836,-3.6019999980926514
684,-6.078000068664551,3.819000005722046,-6.511000156402588
687,-4.728000164031982,2.6989998817443848,-8.730999946594238
690,-1.850000023841858,3.609999895095825,-8.854999542236328
693,-0.7440000176429749,3.3239998817443848,-6.486999988555908
696,-2.055999994277954,4.073999881744385,-4.193999767303467
699,-4.625999927520752,3.0290000438690186,-4.264999866485596
702,-5.9770002365112305,-0.9760000109672546,-6.48199987411499
705,-4.298999786376953,0.03099999949336052,-8.503000259399414
708,-1.5770000219345093,-0.6499999761581421,-9.003999710083008
711,-0.4830000102519989,0.16200000047683716,-6.636000156402588
714,-1.9700000286102295,-0.7310000061988831,-4.593999862670898
717,-4.783999919891357,0.17900000512599945,-4.204999923706055
720,1.7139999866485596,4.122000217437744,-7.192999839782715
723,3.7260000705718994,3.068000078201294,-8.85099983215332
726,6.23799991607666,4.118000030517578,-8.986000061035156
729,7.130000114440918,3.01200008392334,-6.511000156402588
732,5.401000022888184,4.116000175476074,-4.666999816894531
735,2.615000009536743,3.4579999446868896,-4.614999771118164
738,1.996000051498413,-0.5529999732971191,-7.242000102996826
741,3.7209999561309814,0.4099999964237213,-9.052000045776367
744,6.382999897003174,-0.5979999899864197,-9.182000160217285
747,7.019000053405762,0.27799999713897705,-6.61299991607666
750,5.3379998207092285,-0.7570000290870667,-4.4029998779296875
753,2.878000020980835,0.5490000247955322,-4.744999885559082
756,10.758000373840332,3.7639999389648438,11.42199993133545
759,11.640999794006348,2.927999973297119,13.970000267028809
762,10.196000099182129,3.869999885559082,-11.105999946594238
765,10.645000457763672,-0.7609999775886536,11.477999687194824
768,12.380999565124512,-0.010999999940395355,-13.057999610900879
771,10.121000289916992,-0.7710000276565552,-11.307999610900879
774,-9.336000442504883,4.052000045776367,13.680999755859375
777,-7.120999813079834,2.9159998893737793,12.576000213623047
780,-4.644000053405762,3.6510000228881836,11.899999618530273
783,-3.2869999408721924,2.9179999828338623,14.243000030517578
786,-5.525000095367432,3.7709999084472656,-11.369999885559082
789,-7.921999931335449,2.7219998836517334,-10.788000106811523
792,-8.78600025177002,-0.968999981880188,13.855999946594238
795,-6.888999938964844,0.13099999725818634,12.24899959564209
798,-4.334000110626221,-0.968999981880188,11.991999626159668
801,-3.684000015258789,0.18299999833106995,-12.836000442504883
804,-5.36899995803833,-0.9819999933242798,-10.909000396728516
807,-8.01099967956543,-0.02199999988079071,-10.680000305175781
810,-0.8180000185966492,3.9119999408721924,13.836999893188477
813,0.453000009059906,3.0139999389648438,11.560999870300293
816,3.072999954223633,3.934000015258789,11.416999816894531
819,3.874000072479248,2.941999912261963,13.753999710083008
822,2.500999927520752,4.0320000648498535,-11.248000144958496
825,-0.019999999552965164,2.878999948501587,-11.036999702453613
828,-1.003999948501587,-0.5619999766349792,13.861000061035156
831,0.31200000643730164,0.16899999976158142,11.689000129699707
834,2.7990000247955322,-1.0420000553131104,11.236000061035156
837,3.8289999961853027,-0.013000000268220901,13.47700023651123
840,2.5409998893737793,-1.0540000200271606,-11.560999870300293
843,0.10499999672174454,0.1459999978542328,-10.864999771118164
846,6.440999984741211,3.9049999713897705,13.182000160217285
849,7.922999858856201,3.5280001163482666,10.954999923706055
852,7.580999851226807,3.184999942779541,-11.324999809265137
855,6.498000144958496,-0.6320000290870667,13.041000366210938
858,8.170999526977539,0.625,11.25100040435791
861,7.357999801635742,-0.14399999380111694,-11.595000267028809
864,10.663999557495117,8.590999603271484,7.504000186920166
867,11.71500015258789,10.192999839782715,5.298999786376953
870,-10.229999542236328,11.560999870300293,3.3910000324249268
873,-7.585000038146973,10.168000221252441,7.039000034332275
876,-8.513999938964844,11.227999687194824,9.319000244140625
879,-11.107999801635742,10.836999893188477,10.425000190734863
882,9.947999954223633,6.480000019073486,5.9730000495910645
885,12.128000259399414,7.497000217437744,4.519000053405762
888,-8.947999954223633,6.168000221252441,5.75600004196167
891,-8.861000061035156,7.879000186920166,8.041999816894531
894,-7.15500020980835,6.245999813079834,9.1850004196167
897,12.447999954223633,8.118000030517578,9.57699966430664
900,-4.708000183105469,11.050999641418457,7.64300012588501
903,-4.256999969482422,10.048999786376953,5.0929999351501465
906,-1.680999994277954,11.34000015258789,4.824999809265137
909,-0.12600000202655792,10.232000350952148,6.98199987411499
912,-0.8640000224113464,11.130000114440918,9.569000244140625
915,-3.4210000038146973,10.277000427246094,9.77299976348877
918,-4.690000057220459,6.520999908447266,7.525000095367432
921,-3.5209999084472656,7.436999797821045,5.178999900817871
924,-0.6539999842643738,6.517000198364258,4.982999801635742
927,0.46399998664855957,7.520999908447266,7.421000003814697
930,-0.9629999995231628,6.589000225067139,9.638999938964844
933,-3.4159998893737793,7.548999786376953,9.788000106811523
936,2.513000011444092,11.23799991607666,6.627999782562256
939,3.5190000534057617,10.447999954223633,4.169000148773193
942,5.857999801635742,11.822999954223633,4.534999847412109
945,7.605999946594238,10.215999603271484,6.370999813079834
948,6.1479997634887695,11.142999649047852,8.755000114440918
951,3.559000015258789,10.482999801635742,9.020999908447266
954,2.9600000381469727,6.281000137329102,7.076000213623047
957,3.063999891281128,7.659999847412109,4.4019999504089355
960,5.914000034332275,6.7170000076293945,3.752000093460083
963,7.416999816894531,7.53000020980835,6.059999942779541
966,6.800000190734863,6.590000152587891,8.628999710083008
969,4.302000045776367,7.679999828338623,9.192000389099121
972,9.652999877929688,12.020999908447266,-1.8869999647140503
975,9.914999961853027,10.878999710083008,0.4959999918937683
978,8.53600025177002,12.42300033569336,2.3469998836517334
981,9.588000297546387,6.9730000495910645,-1.6579999923706055
984,9.5649995803833,8.187999725341797,0.7170000076293945
987,12.130000114440918,7.021999835968018,1.8739999532699585
990,-11.026000022888184,11.72700023651123,0.5830000042915344
993,-9.111000061035156,10.305000305175781,-1.6380000114440918
996,-6.3460001945495605,11.229999542236328,-1.7480000257492065
999,-5.01800012588501,10.380000114440918,0.6010000109672546
1002,-5.679999828338623,11.152999877929688,3.0829999446868896
1005,-7.947000026702881,10.23900032043457,4.429999828338623
1008,-8.824999809265137,6.605000019073486,1.065000057220459
1011,-8.597000122070313,7.577000141143799,-1.4490000009536743
1014,-6.172999858856201,6.586999893188477,-2.0899999141693115
1017,-4.699999809265137,7.460999965667725,0.125
1020,-5.224999904632568,6.7179999351501465,2.7230000495910645
1023,-7.869999885559082,7.585999965667725,3.4019999504089355
1026,-2.5299999713897705,11.359000205993652,0.2529999911785126
1029,-0.7509999871253967,10.569999694824219,-1.9179999828338623
1032,1.8240000009536743,11.604000091552734,-2.509999990463257
1035,3.015000104904175,10.574999809265137,-0.28200000524520874
1038,0.9710000157356262,11.550000190734863,1.4620000123977661
1041,-1.277999997138977,10.213000297546387,2.36299991607666
1044,-2.1489999294281006,6.547999858856201,0.1679999977350235
1047,-0.9549999833106995,7.5929999351501465,-1.9520000219345093
1050,1.6519999504089355,6.708000183105469,-2.562999963760376
1053,3.0820000171661377,7.84499979019165,-0.375
1056,1.9529999494552612,6.9039998054504395,1.9830000400543213
1059,-0.7559999823570251,7.48799991607666,2.4079999923706055
1062,5.4770002365112305,11.769000053405762,-0.9440000057220459
1065,7.353000164031982,10.592000007629395,-2.803999900817871
1068,6.080999851226807,11.467000007629395,1.9559999704360962
1071,5.547999858856201,7.050000190734863,-0.4339999854564667
1074,7.138000011444092,7.940000057220459,-2.5239999294281006
1077,7.0229997634887695,8.416999816894531,1.6640000343322754
1080,9.878000259399414,11.71399974822998,-7.1479997634887695
1083,11.388999938964844,10.279999732971191,-8.927000045776367
1086,-9.618000030517578,11.081999778747559,-8.635000228881836
1089,-8.692999839782715,10.446999549865723,-5.958000183105469
1092,-10.086999893188477,11.567000389099121,-3.869999885559082
1095,10.871999740600586,11.03600025177002,-4.138000011444092
1098,10.48799991607666,6.511000156402588,-6.313000202178955
1101,11.574999809265137,7.53000020980835,-8.737000465393066
1104,-9.378999710083008,6.622000217437744,-8.914999961853027
1107,-8.689000129699707,7.660999774932861,-6.349999904632568
1110,-9.758999824523926,6.8379998207092285,-3.996000051498413
1113,11.189000129699707,7.849999904632568,-3.6440000534057617
1116,-5.943999767303467,11.246999740600586,-6.390999794006348
1119,-4.2220001220703125,10.35099983215332,-8.506999969482422
1122,-1.5670000314712524,11.447999954223633,-8.892000198364258
1125,-0.7059999704360962,10.519000053405762,-6.355000019073486
1128,-2.2019999027252197,11.359000205993652,-4.243000030517578
1131,-4.914999961853027,10.45199966430664,-3.9649999141693115
1134,-6.116000175476074,6.583000183105469,-6.644999980926514
1137,-4.5370001792907715,7.494999885559082,-8.682999610900879
1140,-1.9789999723434448,6.5289998054504395,-8.949999809265137
1143,-0.7760000228881836,7.65500020980835,-6.72599983215332
1146,-1.9129999876022339,6.936999797821045,-4.361000061035156
1149,-4.627999782562256,7.544000148773193,-4.258999824523926
1152,1.8630000352859497,11.36400032043457,-6.841000080108643
1155,3.5190000534057617,10.847999572753906,-8.930000305175781
1158,6.164999961853027,11.744000434875488,-9.28600025177002
1161,7.195000171661377,10.701000213623047,-6.824999809265137
1164,5.488999843597412,12.006999969482422,-5.0970001220703125
1167,3.1530001163482666,10.536999702453613,-4.610000133514404
1170,2.0199999809265137,6.914999961853027,-7.1579999923706055
1173,4.035999774932861,7.98199987411499,-9.182000160217285
1176,6.692999839782715,6.85099983215332,-9.083000183105469
1179,7.8379998207092285,7.816999912261963,-6.676000118255615
1182,5.925000190734863,6.9079999923706055,-4.839000225067139
1185,3.372999906539917,7.668000221252441,-4.763000011444092
1188,10.1899995803833,11.251999855041504,8.791000366210938
1191,12.123000144958496,10.395999908447266,13.588000297546387
1194,10.616000175476074,11.28499984741211,-11.564000129699707
1197,10.815999984741211,6.421999931335449,10.895000457763672
1200,11.779999732971191,7.603000164031982,13.467000007629395
1203,10.494000434875488,6.821000099182129,-11.38700008392334
1206,-8.708999633789063,11.437999725341797,13.930000305175781
1209,-7.401000022888184,10.522000312805176,11.765000343322754
1212,-4.71999979019165,11.241999626159668,11.819000244140625
1215,-3.753000020980835,10.586999893188477,14.199000358581543
1218,-5.426000118255615,11.170999526977539,-10.90999984741211
1221,-7.9070000648498535,10.190999984741211,-10.673999786376953
1224,-9.057999610900879,6.8420000076293945,13.333999633789063
1227,-7.071000099182129,7.6529998779296875,11.57699966430664
1230,-4.749000072479248,6.465000152587891,11.947999954223633
1233,-3.7780001163482666,7.614999771118164,-13.01099967956543
1236,-5.4710001945495605,6.560999870300293,-11.267000198364258
1239,-8.138999938964844,7.4029998779296875,-11.281000137329102
1242,-1.1629999876022339,11.383999824523926,13.713000297546387
1245,0.4180000126361847,10.27400016784668,11.871999740600586
1248,2.9519999027252197,11.298999786376953,11.378999710083008
1251,3.9760000705718994,10.461999893188477,13.708999633789063
1254,2.2679998874664307,11.258000373840332,-11.45300006866455
1257,-0.23800000548362732,10.23799991607666,-10.98799991607666
1260,-1.2330000400543213,6.605000019073486,13.729999542236328
1263,0.5189999938011169,7.381999969482422,11.767000198364258
1266,3.2739999294281006,6.752999782562256,11.435999870300293
1269,4.210999965667725,7.794000148773193,13.732000350952148
1272,2.4019999504089355,6.896999835968018,-11.468999862670898
1275,-0.4440000057220459,7.540999889373779,-11.031999588012695
1278,6.966000080108643,11.081000328063965,13.357999801635742
1281,8.246999740600586,10.515999794006348,10.770999908447266
1284,7.982999801635742,10.682000160217285,-11.289999961853027
1287,7.117000102996826,6.8379998207092285,13.312000274658203
1290,8.277000427246094,7.701000213623047,10.854000091552734
1293,7.913000106811523,7.927000045776367,-11.461999893188477
