0,6.747000217437744,-2.6610000133514404,7.491000175476074
3,10.123000144958496,-8.487000465393066,9.479999542236328
6,10.045999526977539,-6.525000095367432,7.584000110626221
9,-8.61299991607666,-5.451000213623047,7.36299991607666
12,-9.472000122070313,-4.103000164031982,9.611000061035156
15,11.395000457763672,-4.504000186920166,9.220999717712402
18,8.26200008392334,11.729000091552734,7.546000003814697
21,12.321999549865723,-8.697999954223633,7.9730000495910645
24,10.61299991607666,12.52400016784668,6.114999771118164
27,-10.331000328063965,-7.616000175476074,5.548999786376953
30,-8.942999839782715,-9.0,9.446000099182129
33,7.355000019073486,-8.614999771118164,9.190999984741211
36,-4.64900016784668,-4.09499979019165,7.064000129699707
39,-10.623000144958496,-4.984000205993652,5.488999843597412
42,-2.2160000801086426,-3.9579999446868896,4.985000133514404
45,-0.24899999797344208,-3.875999927520752,6.809000015258789
48,-1.399999976158142,-4.261000156402588,9.140000343322754
51,-4.627999782562256,-5.144000053405762,9.843000411987305
54,-5.885000228881836,-8.925999641418457,7.501999855041504
57,-6.192999839782715,-6.324999809265137,6.730999946594238
60,-6.492000102996826,-7.9120001792907715,4.466000080108643
63,-0.42399999499320984,-6.828999996185303,9.269000053405762
66,-2.367000102996826,-9.633000373840332,9.031999588012695
69,-4.623000144958496,-7.808000087738037,9.774999618530273
72,3.3910000324249268,-4.820000171661377,7.14300012588501
75,1.3839999437332153,-5.293000221252441,5.043000221252441
78,4.447999954223633,-3.990999937057495,3.5490000247955322
81,5.5279998779296875,-6.491000175476074,7.65500020980835
84,4.795000076293945,-2.617000102996826,9.878999710083008
87,3.1630001068115234,-4.806000232696533,9.894000053405762
90,2.0480000972747803,-8.062000274658203,8.164999961853027
93,1.6239999532699585,-8.168999671936035,4.581999778747559
96,3.48799991607666,-6.7820000648498535,2.9159998893737793
99,3.8289999961853027,-8.60099983215332,6.186999797821045
102,5.380000114440918,-9.081000328063965,11.085000038146973
105,3.321000099182129,-7.426000118255615,10.616999626159668
108,6.170000076293945,-4.22599983215332,-3.434000015258789
111,7.814000129699707,-4.5960001945495605,1.2690000534057617
114,7.673999786376953,-5.165999889373779,6.590000152587891
117,6.660999774932861,-8.357000350952148,-1.562000036239624
120,7.172999858856201,-7.310999870300293,0.8669999837875366
123,7.603000164031982,-7.926000118255615,3.7660000324249268
126,10.425999641418457,-4.244999885559082,0.49799999594688416
129,12.109999656677246,-5.3520002365112305,-1.3980000019073486
132,-8.98900032043457,-4.454999923706055,-1.725000023841858
135,-7.823999881744385,-5.093999862670898,0.9459999799728394
138,-9.675999641418457,-4.585999965667725,2.7179999351501465
141,11.729000091552734,-6.190000057220459,1.9989999532699585
144,-10.95199966430664,-8.65999984741211,1.3980000019073486
147,12.36400032043457,-8.15999984741211,-1.5369999408721924
150,-8.623000144958496,-8.78499984741211,-2.0450000762939453
153,-8.045000076293945,-7.938000202178955,0.5789999961853027
156,-9.11400032043457,-8.798999786376953,3.496000051498413
159,10.677000045776367,-7.390999794006348,4.445000171661377
162,-5.1620001792907715,-4.2769999504089355,0.2370000034570694
165,-4.138999938964844,-4.999000072479248,-2.125999927520752
168,-1.6729999780654907,-3.881999969482422,-2.25600004196167
171,-0.08299999684095383,-4.61899995803833,0.1599999964237213
174,0.34299999475479126,-3.822999954223633,2.8589999675750732
177,-4.431000232696533,-4.453999996185303,2.944999933242798
180,-5.256999969482422,-8.258000373840332,0.43799999356269836
183,-3.4539999961853027,-7.651000022888184,-1.6139999628067017
186,-0.8960000276565552,-8.305000305175781,-1.9149999618530273
189,-0.08100000023841858,-7.295000076293945,0.5
192,-1.6640000343322754,-8.289999961853027,2.375
195,-4.160999774932861,-7.375999927520752,2.8959999084472656
198,2.4660000801086426,-3.505000114440918,-0.24500000476837158
201,3.6080000400543213,-5.090000152587891,-2.3320000171661377
204,6.568999767303467,-3.13700008392334,-0.859000027179718
207,2.4590001106262207,-8.394000053405762,0.7630000114440918
210,3.8610000610351563,-7.915999889373779,-1.6749999523162842
213,6.931000232696533,-5.309000015258789,3.697999954223633
216,7.886000156402588,-3.7799999713897705,-6.572999954223633
219,9.371000289916992,-5.138000011444092,-8.807999610900879
222,12.006999969482422,-4.086999893188477,-8.946999549865723
225,-10.784000396728516,-5.168000221252441,-6.473999977111816
228,11.493000030517578,-4.204999923706055,-4.046000003814697
231,8.923999786376953,-5.129000186920166,-4.197000026702881
234,7.931000232696533,-8.842000007629395,-6.126999855041504
237,9.598999977111816,-8.128999710083008,-8.182999610900879
240,12.17300033569336,-9.083999633789063,-8.505000114440918
243,-10.538000106811523,-8.069999694824219,-6.176000118255615
246,11.213000297546387,-9.244999885559082,-4.031000137329102
249,8.812999725341797,-7.8480000495910645,-3.677000045776367
252,-8.182999610900879,-4.085999965667725,-6.706999778747559
255,-6.295000076293945,-5.11299991607666,-8.305999755859375
258,-3.8299999237060547,-3.812000036239624,-8.817999839782715
261,-2.9820001125335693,-4.788000106811523,-6.459000110626221
264,-5.048999786376953,-4.0279998779296875,-4.533999919891357
267,-7.4039998054504395,-4.875999927520752,-3.9119999408721924
270,-7.77400016784668,-8.543999671936035,-6.568999767303467
273,-5.909999847412109,-7.940999984741211,-8.51099967956543
276,-3.1489999294281006,-8.871999740600586,-8.508000373840332
279,-2.5959999561309814,-7.741000175476074,-6.074999809265137
282,-4.294000148773193,-8.625,-4.191999912261963
285,-6.914999961853027,-7.718999862670898,-3.8450000286102295
288,-0.39399999380111694,-4.193999767303467,-6.705999851226807
291,1.718999981880188,-4.697000026702881,-8.211000442504883
294,4.307000160217285,-4.133999824523926,-8.817999839782715
297,5.2769999504089355,-4.583000183105469,-6.416999816894531
300,2.7950000762939453,-4.215000152587891,-4.724999904632568
303,0.3659999966621399,-4.986999988555908,-4.144000053405762
306,-0.07400000095367432,-8.149999618530273,-6.888999938964844
309,1.7549999952316284,-7.636000156402588,-8.66100025177002
312,4.39300012588501,-8.772000312805176,-8.75100040435791
315,5.2870001792907715,-7.565999984741211,-6.326000213623047
318,3.4690001010894775,-8.711999893188477,-4.578000068664551
321,0.6039999723434448,-8.267999649047852,-4.26200008392334
324,11.204999923706055,-4.046999931335449,11.9399995803833
327,10.894000053405762,-5.0,-12.434000015258789
330,8.567000389099121,-3.9779999256134033,-11.140000343322754
333,9.440999984741211,-8.496000289916992,12.22599983215332
336,10.887999534606934,-7.919000148773193,-12.637999534606934
339,8.871999740600586,-8.977999687194824,-10.824999809265137
342,-10.274999618530273,-3.8919999599456787,14.430000305175781
345,-8.83899974822998,-5.385000228881836,11.986000061035156
348,-6.379000186920166,-4.031000137329102,11.75100040435791
351,-5.329999923706055,-5.138000011444092,14.140000343322754
354,-6.763999938964844,-4.0279998779296875,-10.9350004196167
357,-9.291000366210938,-4.828000068664551,-10.031999588012695
360,-10.149999618530273,-8.774999618530273,-12.980999946594238
363,-8.263999938964844,-8.07699966430664,11.940999984741211
366,-5.783999919891357,-9.401000022888184,11.869000434875488
369,-5.359000205993652,-7.7789998054504395,-12.986000061035156
372,-6.98799991607666,-9.468999862670898,-10.741999626159668
375,-9.8149995803833,-7.633999824523926,-10.303000450134277
378,-2.75,-4.066999912261963,13.9350004196167
381,-0.7360000014305115,-4.604000091552734,12.027000427246094
384,1.8839999437332153,-4.197999954223633,12.109000205993652
387,2.6610000133514404,-5.078999996185303,-12.664999961853027
390,0.7599999904632568,-4.49399995803833,-10.812000274658203
393,-2.053999900817871,-4.921000003814697,-10.704000473022461
396,-2.815000057220459,-8.435999870300293,13.883000373840332
399,-1.1109999418258667,-7.296000003814697,11.819000244140625
402,0.8569999933242798,-9.303999900817871,11.90999984741211
405,2.747999906539917,-7.921000003814697,13.843000411987305
408,1.2899999618530273,-8.715999603271484,-11.177000045776367
411,-2.13700008392334,-7.633999824523926,-10.729000091552734
414,4.973999977111816,-3.7190001010894775,13.991000175476074
417,6.670000076293945,-3.7920000553131104,11.64799976348877
420,5.9710001945495605,-5.02400016784668,-10.86400032043457
423,5.388999938964844,-8.795000076293945,13.866000175476074
426,8.628999710083008,-5.788000106811523,11.954000473022461
429,6.441999912261963,-7.690999984741211,-10.552000045776367
432,9.381999969482422,3.3459999561309814,5.439000129699707
435,11.48900032043457,2.0350000858306885,6.783999919891357
438,-10.375,3.4159998893737793,4.802999973297119
441,-8.097999572753906,1.6239999532699585,8.432999610900879
444,-9.984999656677246,3.0889999866485596,9.678999900817871
447,11.128000259399414,2.2690000534057617,9.545999526977539
450,8.63700008392334,-0.6010000109672546,6.863999843597412
453,10.592000007629395,-2.2660000324249268,8.065999984741211
456,12.380999565124512,-2.24399995803833,5.979000091552734
459,-8.951000213623047,-1.1440000534057617,6.933000087738037
462,-9.694999694824219,-1.4500000476837158,9.83899974822998
465,11.517999649047852,-0.32100000977516174,9.581000328063965
468,-5.85699987411499,3.0769999027252197,7.65500020980835
471,-8.402999877929688,1.3370000123977661,5.639999866485596
474,-3.8550000190734863,1.4620000123977661,3.812000036239624
477,0.27900001406669617,2.7149999141693115,7.311999797821045
480,-1.6859999895095825,3.2839999198913574,9.210000038146973
483,-4.085999965667725,1.6820000410079956,9.050000190734863
486,-6.203000068664551,-1.7910000085830688,6.86899995803833
489,-8.425000190734863,-1.7589999437332153,4.168000221252441
492,-5.748000144958496,-2.1480000019073486,3.9630000591278076
495,-0.7059999704360962,-0.9509999752044678,6.480999946594238
498,-1.9470000267028809,-1.7009999752044678,8.86400032043457
501,-4.5929999351501465,-0.9909999966621399,8.86400032043457
504,2.9719998836517334,3.2249999046325684,7.618000030517578
507,-0.23399999737739563,2.805000066757202,4.639999866485596
510,1.6979999542236328,4.052999973297119,3.2290000915527344
513,7.920000076293945,2.013000011444092,7.190000057220459
516,6.413000106811523,3.240000009536743,9.343999862670898
519,3.8580000400543213,2.619999885559082,10.192000389099121
522,3.496000051498413,-0.0560000017285347,7.159999847412109
525,-1.0399999618530273,0.33000001311302185,4.179999828338623
528,2.875999927520752,-2.2109999656677246,2.122999906539917
531,5.598999977111816,1.5119999647140503,5.229000091552734
534,4.361000061035156,-2.513000011444092,6.021999835968018
537,3.4019999504089355,-0.2770000100135803,10.065999984741211
540,5.7129998207092285,4.908999919891357,-1.815999984741211
543,6.991000175476074,2.365000009536743,-1.5369999408721924
546,9.140000343322754,4.188000202178955,2.88100004196167
549,8.282999992370605,-0.9210000038146973,-1.6089999675750732
552,8.592000007629395,0.43299999833106995,0.7910000085830688
555,6.921000003814697,0.8320000171661377,3.046999931335449
558,11.0,3.5360000133514404,0.37400001287460327
561,12.121000289916992,1.9149999618530273,-2.2269999980926514
564,-8.838000297546387,3.316999912261963,-2.0
567,-8.284000396728516,2.242000102996826,0.44200000166893005
570,-10.616999626159668,2.611999988555908,1.9780000448226929
573,9.27299976348877,0.4790000021457672,4.422999858856201
576,10.833000183105469,-1.4500000476837158,0.7950000166893005
579,12.182000160217285,-0.8159999847412109,-1.472000002861023
582,-8.949000358581543,-1.753999948501587,-1.7350000143051147
585,-7.914000034332275,-0.5709999799728394,0.5099999904632568
588,-9.746000289916992,-0.12099999934434891,2.5230000019073486
591,11.640999794006348,-1.1640000343322754,3.627000093460083
594,-5.7779998779296875,2.9619998931884766,0.024000000208616257
597,-3.799999952316284,2.4110000133514404,-1.7610000371932983
600,-1.3869999647140503,3.7899999618530273,-2.1419999599456787
603,-0.8389999866485596,2.640000104904175,0.414000004529953
606,-2.25600004196167,3.4110000133514404,2.634999990463257
609,-6.178999900817871,2.687999963760376,4.754000186920166
612,-5.501999855041504,-1.6059999465942383,0.01899999938905239
615,-3.992000102996826,-0.453000009059906,-2.0390000343322754
618,-1.25600004196167,-1.159000039100647,-2.066999912261963
621,-0.2409999966621399,-0.24699999392032623,0.3199999928474426
624,-1.5529999732971191,-1.9509999752044678,2.9059998989105225
627,-4.170000076293945,-0.699999988079071,2.1559998989105225
630,2.109999895095825,4.210999965667725,0.5690000057220459
633,3.7290000915527344,3.11299991607666,-1.2860000133514404
636,3.8589999675750732,3.621999979019165,4.960000038146973
639,2.6480000019073486,-1.027999997138977,-1.2419999837875366
642,4.853000164031982,0.7379999756813049,-0.6340000033378601
645,5.139999866485596,-0.5789999961853027,1.6699999570846558
648,7.4039998054504395,3.5280001163482666,-6.400000095367432
651,9.51200008392334,2.753000020980835,-8.048999786376953
654,12.020999908447266,3.13700008392334,-8.635000228881836
657,-10.779999732971191,2.825000047683716,-6.09499979019165
660,11.069999694824219,3.7990000247955322,-4.111000061035156
663,8.461999893188477,2.438999891281128,-4.068999767303467
666,7.618000030517578,-0.8560000061988831,-6.5960001945495605
669,9.654999732971191,-0.14800000190734863,-8.34000015258789
672,12.126999855041504,-1.2580000162124634,-8.71500015258789
675,-10.906000137329102,-0.14100000262260437,-6.360000133514404
678,11.758000373840332,-1.3380000591278076,-4.052999973297119
681,9.064000129699707,-0.2529999911785126,-4.24399995803833
684,-7.980999946594238,3.311000108718872,-6.36299991607666
687,-6.263000011444092,2.7070000171661377,-8.618000030517578
690,-3.5369999408721924,3.0190000534057617,-8.510000228881836
693,-2.635999917984009,2.388000011444092,-6.026000022888184
696,-4.604000091552734,3.3340001106262207,-4.120999813079834
699,-7.2179999351501465,2.0810000896453857,-4.046999931335449
702,-8.154000282287598,-1.25600004196167,-6.913000106811523
705,-6.296999931335449,-0.2370000034570694,-8.692999839782715
708,-3.8380000591278076,-1.1130000352859497,-9.038999557495117
711,-3.2309999465942383,-0.24899999797344208,-6.453000068664551
714,-5.067999839782715,-1.3220000267028809,-4.658999919891357
717,-7.892000198364258,-0.9200000166893005,-4.256999969482422
720,-0.03999999910593033,3.0220000743865967,-6.228000164031982
723,1.5679999589920044,1.8830000162124634,-8.39799976348877
726,4.011000156402588,3.0269999504089355,-8.197999954223633
729,4.965000152587891,2.2899999618530273,-5.8460001945495605
732,3.0460000038146973,3.3559999465942383,-4.209000110626221
735,0.5419999957084656,2.5329999923706055,-3.6410000324249268
738,-0.6840000152587891,-1.343000054359436,-6.586999893188477
741,1.5750000476837158,-0.7760000228881836,-8.234000205993652
744,4.318999767303467,-1.49399995803833,-8.470999717712402
747,4.8979997634887695,-0.34299999475479126,-5.9679999351501465
750,3.180000066757202,-1.6050000190734863,-4.046000003814697
753,0.4129999876022339,-0.2680000066757202,-4.135000228881836
756,9.343999862670898,2.9200000762939453,11.819999694824219
759,10.37399959564209,2.621000051498413,14.437999725341797
762,8.652000427246094,3.130000114440918,-10.708999633789063
765,9.871000289916992,-1.4550000429153442,11.8149995803833
768,10.571999549865723,-0.04600000008940697,-13.050000190734863
771,8.89900016784668,-1.2059999704360962,-10.87399959564209
774,-10.472999572753906,3.1700000762939453,13.939000129699707
777,-8.404000282287598,2.690000057220459,12.17300033569336
780,-5.941999912261963,3.681999921798706,11.354000091552734
783,-5.367000102996826,2.5269999504089355,13.680000305175781
786,-6.984000205993652,3.318000078201294,-11.239999771118164
789,-9.755000114440918,2.683000087738037,-10.597999572753906
792,-10.300999641418457,-0.9380000233650208,13.743000030517578
795,-8.6899995803833,-0.0010000000474974513,11.916000366210938
798,-6.4029998779296875,-1.3229999542236328,11.220000267028809
801,-5.3979997634887695,-0.19499999284744263,13.838000297546387
804,-7.322999954223633,-1.0429999828338623,-11.109000205993652
807,-9.866000175476074,-0.06599999964237213,-10.71500015258789
810,-2.690999984741211,3.1640000343322754,13.934000015258789
813,-0.9679999947547913,2.4579999446868896,11.770999908447266
816,1.687999963760376,3.128000020980835,11.927000045776367
819,2.2780001163482666,2.3989999294281006,14.446999549865723
822,0.5049999952316284,3.1010000705718994,-10.798999786376953
825,-2.2190001010894775,2.242000102996826,-10.717000007629395
828,-2.9010000228881836,-1.4670000076293945,13.668999671936035
831,-1.5490000247955322,-0.7110000252723694,11.531000137329102
834,1.7419999837875366,-1.4620000123977661,12.20199966430664
837,2.2699999809265137,-0.48399999737739563,-12.531000137329102
840,0.6740000247955322,-1.7669999599456787,-10.751999855041504
843,-1.940999984741211,-0.5580000281333923,-10.888999938964844
846,5.140999794006348,3.115000009536743,14.357999801635742
849,6.702000141143799,1.8739999532699585,12.406999588012695
852,5.951000213623047,2.497999906539917,-10.126999855041504
855,5.263999938964844,-1.0049999952316284,-12.772000312805176
858,7.169000148773193,-0.9020000100135803,12.177000045776367
861,6.0960001945495605,-0.4749999940395355,-10.28499984741211
864,8.494000434875488,9.380999565124512,9.307000160217285
867,9.309000015258789,8.524999618530273,4.440999984741211
870,11.251999855041504,10.541000366210938,4.195000171661377
873,-9.163000106811523,9.611000061035156,7.74399995803833
876,-10.277000427246094,10.866000175476074,10.029000282287598
879,11.375,9.817000389099121,11.878999710083008
882,7.624000072479248,7.302000045776367,7.835000038146973
885,9.440999984741211,6.0929999351501465,6.001999855041504
888,12.506999969482422,5.848999977111816,6.275000095367432
891,-10.623000144958496,7.507999897003174,8.458999633789063
894,-8.770999908447266,5.6519999504089355,9.696999549865723
897,10.71399974822998,7.818999767303467,10.12399959564209
900,-6.974999904632568,11.144000053405762,7.265999794006348
903,-6.416999816894531,10.164999961853027,4.863999843597412
906,-0.7210000157356262,9.96399974822998,4.769000053405762
909,-0.6610000133514404,9.755999565124512,7.4070000648498535
912,-2.809999942779541,10.107999801635742,9.187999725341797
915,-5.598999977111816,9.493000030517578,9.12600040435791
918,-6.822000026702881,5.783999919891357,7.817999839782715
921,-6.560999870300293,7.210999965667725,5.091000080108643
924,-0.004000000189989805,7.355999946594238,4.7779998779296875
927,-0.1459999978542328,7.1479997634887695,7.508999824523926
930,-2.2060000896453857,6.314000129699707,9.326000213623047
933,-4.866000175476074,7.001999855041504,9.567999839782715
936,1.3009999990463257,11.512999534606934,8.189000129699707
939,3.7190001010894775,10.336000442504883,7.309999942779541
942,4.073999881744385,11.574000358581543,4.553999900817871
945,7.296000003814697,10.105999946594238,5.4720001220703125
948,4.466000080108643,10.803999900817871,9.970000267028809
951,2.875,9.28600025177002,11.552000045776367
954,2.3259999752044678,5.821000099182129,7.806000232696533
957,2.1579999923706055,7.059999942779541,3.181999921798706
960,3.700000047683716,6.386000156402588,5.366000175476074
963,5.454999923706055,8.201000213623047,6.5370001792907715
966,6.275000095367432,5.992000102996826,9.87399959564209
969,3.0399999618530273,6.806000232696533,10.218999862670898
972,6.809999942779541,11.35099983215332,-1.7269999980926514
975,7.830999851226807,11.428999900817871,0.9660000205039978
978,6.690999984741211,11.937999725341797,3.565000057220459
981,8.140000343322754,6.136000156402588,-1.097000002861023
984,7.297999858856201,8.105999946594238,1.00600004196167
987,9.470000267028809,6.756999969482422,2.0889999866485596
990,11.180000305175781,11.354999542236328,1.4359999895095825
993,12.015999794006348,10.166999816894531,-1.4579999446868896
996,-8.79800033569336,10.826000213623047,-1.8259999752044678
999,-7.603000164031982,10.418000221252441,0.8230000138282776
1002,-9.251999855041504,10.829999923706055,2.928999900817871
1005,-10.086000442504883,9.456999778747559,5.159999847412109
1008,10.918999671936035,6.099999904632568,-0.2370000034570694
1011,-10.479000091552734,7.683000087738037,-0.4169999957084656
1014,-8.380999565124512,6.186999797821045,-1.343999981880188
1017,-7.644000053405762,7.315000057220459,1.0839999914169312
1020,-9.288999557495117,6.874000072479248,4.61899995803833
1023,-9.968000411987305,8.15999984741211,2.1429998874664307
1026,-5.119999885559082,11.319999694824219,0.3790000081062317
1029,-3.7939999103546143,10.098999977111816,-1.6549999713897705
1032,-1.1950000524520874,11.329999923706055,-1.5479999780654907
1035,-0.4869999885559082,10.031000137329102,0.7860000133514404
1038,-2.1740000247955322,11.244999885559082,2.753000020980835
1041,-4.689000129699707,10.145000457763672,2.7679998874664307
1044,-5.304999828338623,5.956999778747559,0.847000002861023
1047,-3.9140000343322754,7.26800012588501,-1.5099999904632568
1050,-1.2760000228881836,6.76200008392334,-1.878000020980835
1053,-0.578000009059906,7.252999782562256,0.7310000061988831
1056,-1.8480000495910645,5.97599983215332,3.1519999504089355
1059,-4.183000087738037,7.367000102996826,3.1610000133514404
1062,2.0139999389648438,11.322999954223633,1.1759999990463257
1065,3.2909998893737793,11.331999778747559,-1.281999945640564
1068,1.434000015258789,11.26099967956543,3.805000066757202
1071,2.259000062942505,7.090000152587891,0.3490000069141388
1074,4.117000102996826,7.13100004196167,-1.7760000228881836
1077,5.320000171661377,9.326000213623047,-0.9169999957084656
1080,7.706999778747559,10.604999542236328,-6.144000053405762
1083,9.440999984741211,9.649999618530273,-8.244000434875488
1086,-11.246000289916992,10.647000312805176,-8.473999977111816
1089,-10.425000190734863,9.677000045776367,-5.918000221252441
1092,11.303000450134277,10.536999702453613,-4.243000030517578
1095,8.661999702453613,10.229999542236328,-3.490000009536743
1098,7.478000164031982,6.245999813079834,-6.125999927520752
1101,9.543999671936035,6.946000099182129,-8.04699993133545
1104,11.930000305175781,5.810999870300293,-8.315999984741211
1107,-10.564000129699707,6.9710001945495605,-5.632999897003174
1110,11.468000411987305,6.732999801635742,-3.0999999046325684
1113,8.451000213623047,7.294000148773193,-3.7119998931884766
1116,-7.763000011444092,10.138999938964844,-6.47599983215332
1119,-5.6539998054504395,9.805999755859375,-8.01099967956543
1122,-3.115999937057495,10.814000129699707,-8.456000328063965
1125,-2.5139999389648438,9.723999977111816,-6.13700008392334
1128,-4.132999897003174,11.008999824523926,-4.181000232696533
1131,-6.76800012588501,10.01200008392334,-3.986999988555908
1134,-8.072999954223633,6.171999931335449,-6.3420000076293945
1137,-6.453000068664551,6.98199987411499,-8.347000122070313
1140,-3.6519999504089355,5.9730000495910645,-8.954999923706055
1143,-2.624000072479248,6.934999942779541,-6.360000133514404
1146,-4.182000160217285,6.127999782562256,-4.224999904632568
1149,-6.833000183105469,7.14900016784668,-3.7730000019073486
1152,-0.06800000369548798,10.838000297546387,-6.613999843597412
1155,1.8359999656677246,9.736000061035156,-8.241999626159668
1158,4.2170000076293945,10.880000114440918,-8.394000053405762
1161,5.059000015258789,9.892000198364258,-5.599999904632568
1164,3.2070000171661377,11.012999534606934,-3.8919999599456787
1167,0.33899998664855957,10.451000213623047,-3.813999891281128
1170,-0.2849999964237213,5.849999904632568,-6.241000175476074
1173,1.7239999771118164,6.8979997634887695,-7.872000217437744
1176,4.228000164031982,6.089000225067139,-8.041999816894531
1179,4.936999797821045,7.111000061035156,-5.683000087738037
1182,2.9839999675750732,6.089000225067139,-4.046000003814697
1185,0.44600000977516174,7.2829999923706055,-3.9649999141693115
1188,8.656000137329102,11.281000137329102,11.388999938964844
1191,10.817999839782715,9.515000343322754,-12.651000022888184
1194,8.576000213623047,10.618000030517578,-10.694999694824219
1197,9.414999961853027,5.675000190734863,11.74899959564209
1200,10.256999969482422,6.519000053405762,-12.95199966430664
1203,8.28600025177002,5.908999919891357,-10.581999778747559
1206,-10.187000274658203,10.843999862670898,14.371000289916992
1209,-9.100000381469727,9.682999610900879,12.331999778747559
1212,-6.229000091552734,10.029999732971191,11.871999740600586
1215,-4.953000068664551,9.75,-12.616999626159668
1218,-6.622000217437744,10.161999702453613,-10.484999656677246
1221,-9.503999710083008,9.8100004196167,-10.380000114440918
1224,-10.446999549865723,5.869999885559082,-12.781000137329102
1227,-8.979000091552734,6.639999866485596,12.093000411987305
1230,-5.861999988555908,6.264999866485596,12.093999862670898
1233,-5.394999980926514,7.056000232696533,-12.468000411987305
1236,-7.456999778747559,5.966000080108643,-10.878000259399414
1239,-9.956000328063965,6.929999828338623,-10.20300006866455
1242,-2.4760000705718994,10.833000183105469,14.062000274658203
1245,-1.8450000286102295,9.609999656677246,11.67300033569336
1248,0.6570000052452087,10.708000183105469,10.947999954223633
1251,2.878000020980835,9.505000114440918,14.333999633789063
1254,0.984000027179718,10.555000305175781,-10.810999870300293
1257,-1.625,9.802000045776367,-10.701000213623047
1260,-2.9040000438690186,5.948999881744385,-12.961000442504883
1263,-1.593999981880188,6.756999969482422,11.878000259399414
1266,1.3739999532699585,5.89900016784668,12.086000442504883
1269,2.7290000915527344,6.664999961853027,-12.866999626159668
1272,0.8669999837875366,5.7220001220703125,-10.305000305175781
1275,-1.6100000143051147,6.927999973297119,-10.526000022888184
1278,5.440999984741211,10.772000312805176,14.244999885559082
1281,6.427999973297119,9.600000381469727,11.871999740600586
1284,5.949999809265137,9.824000358581543,-10.255999565124512
1287,5.373000144958496,5.968999862670898,-12.994000434875488
1290,7.15500020980835,6.99399995803833,12.227999687194824
1293,5.40500020980835,7.017000198364258,-10.520000457763672
