0,8.59000015258789,-2.759000062942505,5.6479997634887695
3,10.949999809265137,-5.025000095367432,5.281000137329102
6,-10.079999923706055,-3.9730000495910645,5.13100004196167
9,-8.788999557495117,-5.375999927520752,7.234000205993652
12,-7.211999893188477,-3.250999927520752,8.258999824523926
15,8.989999771118164,-4.611000061035156,7.676000118255615
18,9.663000106811523,11.840999603271484,4.784999847412109
21,9.850000381469727,-7.4670000076293945,4.626999855041504
24,12.444999694824219,-8.21399974822998,4.070000171661377
27,-9.784000396728516,-7.913000106811523,6.427000045776367
30,-7.571000099182129,-7.697000026702881,8.401000022888184
33,9.406999588012695,-8.734999656677246,6.895999908447266
36,-4.965000152587891,-2.9049999713897705,6.671000003814697
39,-4.572000026702881,-4.571000099182129,4.441999912261963
42,-2.059999942779541,-3.5480000972747803,4.22599983215332
45,-0.5460000038146973,-4.619999885559082,6.132999897003174
48,-1.1019999980926514,-3.622999906539917,8.59000015258789
51,-3.684999942779541,-4.28000020980835,8.756999969482422
54,-5.26800012588501,-8.279999732971191,7.11299991607666
57,-5.548999786376953,-7.24399995803833,4.561999797821045
60,-3.687999963760376,-8.934000015258789,3.3359999656677246
63,0.49799999594688416,-7.048999786376953,6.290999889373779
66,-0.6899999976158142,-8.085000038146973,8.649999618530273
69,-3.436000108718872,-6.934000015258789,8.800000190734863
72,1.937999963760376,-3.5829999446868896,5.741000175476074
75,1.5700000524520874,-4.130000114440918,3.1689999103546143
78,3.8450000286102295,-3.0739998817443848,1.965000033378601
81,5.151000022888184,-4.736000061035156,3.617000102996826
84,5.635000228881836,-2.944999933242798,5.660999774932861
87,3.815000057220459,-4.236999988555908,7.5879998207092285
90,3.374000072479248,-7.863999843597412,6.054999828338623
93,1.225000023841858,-6.993000030517578,3.555000066757202
96,3.4749999046325684,-8.982000350952148,1.937000036239624
99,5.135000228881836,-7.558000087738037,3.9179999828338623
102,7.046000003814697,-8.333000183105469,8.258000373840332
105,4.561999797821045,-6.75,8.295999526977539
108,9.803999900817871,-3.8889999389648438,-1.8890000581741333
111,11.031999588012695,-4.184999942779541,0.5929999947547913
114,10.258000373840332,-3.1670000553131104,3.3459999561309814
117,9.548999786376953,-7.761000156402588,-1.972000002861023
120,10.786999702453613,-6.97599983215332,0.34700000286102295
123,8.715999603271484,-7.210000038146973,2.0950000286102295
126,-10.074000358581543,-3.0190000534057617,0.4189999997615814
129,-9.586000442504883,-3.825000047683716,-2.359999895095825
132,-6.874000072479248,-3.3259999752044678,-2.687000036239624
135,-5.873000144958496,-4.64900016784668,-0.4350000023841858
138,-6.263999938964844,-3.690999984741211,2.0940001010894775
141,-9.017000198364258,-4.223999977111816,2.624000072479248
144,-10.265999794006348,-7.743000030517578,-0.0010000000474974513
147,-9.375,-6.6620001792907715,-2.4110000133514404
150,-7.073999881744385,-8.060999870300293,-3.0869998931884766
153,-6.192999839782715,-7.27400016784668,-0.550000011920929
156,-6.561999797821045,-8.024999618530273,2.062999963760376
159,-9.154999732971191,-6.947999954223633,2.3919999599456787
162,-3.3970000743865967,-3.2639999389648438,-0.628000020980835
165,-1.7569999694824219,-3.7909998893737793,-2.8450000286102295
168,0.7799999713897705,-2.997999906539917,-3.559999942779541
171,2.0329999923706055,-3.8949999809265137,-1.1959999799728394
174,0.5360000133514404,-2.9170000553131104,1.0
177,-1.9500000476837158,-4.185999870300293,1.5440000295639038
180,-3.443000078201294,-7.940999984741211,-0.8009999990463257
183,-1.8229999542236328,-6.909999847412109,-2.865999937057495
186,0.6290000081062317,-7.658999919891357,-3.562999963760376
189,1.6690000295639038,-6.696000099182129,-1.0870000123977661
192,0.2939999997615814,-7.7179999351501465,1.0080000162124634
195,-2.26200008392334,-7.004000186920166,1.5670000314712524
198,4.521999835968018,-4.164000034332275,-2.375999927520752
201,7.673999786376953,-5.949999809265137,-1.215000033378601
204,5.497000217437744,-3.493000030517578,-0.05000000074505806
207,3.88100004196167,-8.36299991607666,-0.7770000100135803
210,5.380000114440918,-6.8520002365112305,-2.555999994277954
213,7.104000091552734,-5.132999897003174,1.4170000553131104
216,9.810999870300293,-3.364000082015991,-7.114999771118164
219,11.138999938964844,-4.311999797821045,-9.42300033569336
222,-9.956000328063965,-3.055000066757202,-9.6850004196167
225,-9.126999855041504,-4.308000087738037,-7.191999912261963
228,-10.456000328063965,-3.313999891281128,-5.005000114440918
231,10.576000213623047,-4.310999870300293,-4.440000057220459
234,9.842000007629395,-8.045000076293945,-7.168000221252441
237,11.357000350952148,-7.10099983215332,-9.109999656677246
240,-9.746000289916992,-8.246000289916992,-9.569000244140625
243,-8.892999649047852,-7.133999824523926,-7.065000057220459
246,-10.491999626159668,-7.577000141143799,-4.956999778747559
249,10.467000007629395,-7.011000156402588,-4.383999824523926
252,-6.209000110626221,-3.253000020980835,-7.116000175476074
255,-4.678999900817871,-4.077000141143799,-9.222000122070313
258,-2.1040000915527344,-3.4619998931884766,-10.11400032043457
261,-0.9729999899864197,-4.129000186920166,-7.500999927520752
264,-2.5390000343322754,-3.2300000190734863,-5.333000183105469
267,-5.257999897003174,-4.052000045776367,-4.73199987411499
270,-6.243000030517578,-7.982999801635742,-7.210999965667725
273,-4.651000022888184,-6.833000183105469,-9.218000411987305
276,-2.2230000495910645,-8.01099967956543,-9.651000022888184
279,-1.065000057220459,-7.197000026702881,-7.423999786376953
282,-2.614000082015991,-7.928999900817871,-5.210999965667725
285,-5.238999843597412,-7.000999927520752,-4.821000099182129
288,1.6950000524520874,-3.3550000190734863,-7.9120001792907715
291,3.6519999504089355,-4.423999786376953,-9.406000137329102
294,6.264999866485596,-3.4179999828338623,-9.5
297,7.072999954223633,-4.389999866485596,-6.98799991607666
300,4.995999813079834,-3.430999994277954,-5.23199987411499
303,2.5840001106262207,-4.517000198364258,-5.446000099182129
306,1.4830000400543213,-8.180999755859375,-7.916999816894531
309,3.6070001125335693,-7.396999835968018,-9.619999885559082
312,6.145999908447266,-8.312000274658203,-9.753000259399414
315,7.191999912261963,-7.218999862670898,-7.0980000495910645
318,5.059999942779541,-7.880000114440918,-5.175000190734863
321,2.3320000171661377,-7.163000106811523,-5.660999774932861
324,11.378999710083008,-3.51200008392334,10.637999534606934
327,11.906000137329102,-4.482999801635742,13.361000061035156
330,10.105999946594238,-3.6070001125335693,-11.927000045776367
333,10.383000373840332,-8.616000175476074,9.402999877929688
336,12.397000312805176,-7.175000190734863,13.62399959564209
339,10.41100025177002,-8.093000411987305,-11.743000030517578
342,-9.052000045776367,-3.578000068664551,13.022000312805176
345,-7.440000057220459,-4.14900016784668,10.859000205993652
348,-4.796000003814697,-3.703000068664551,11.277999877929688
351,-3.7769999504089355,-4.681000232696533,13.623000144958496
354,-5.554999828338623,-3.053999900817871,-11.743000030517578
357,-8.10200023651123,-4.394000053405762,-11.89799976348877
360,-8.774999618530273,-8.206999778747559,13.130000114440918
363,-7.488999843597412,-7.1479997634887695,10.949999809265137
366,-5.061999797821045,-8.460000038146973,11.138999938964844
369,-3.865999937057495,-7.420000076293945,13.340999603271484
372,-5.22599983215332,-8.381999969482422,-11.630999565124512
375,-7.900000095367432,-7.49399995803833,-11.498000144958496
378,-1.4739999771118164,-3.200000047683716,13.350000381469727
381,-0.04800000041723251,-4.086999893188477,11.17300033569336
384,2.6559998989105225,-3.3970000743865967,10.267999649047852
387,4.01800012588501,-4.2829999923706055,12.61400032043457
390,2.611999988555908,-3.7290000915527344,-12.22599983215332
393,-0.21299999952316284,-4.485000133514404,-11.868000030517578
396,-1.2640000581741333,-8.109999656677246,12.859999656677246
399,0.25600001215934753,-6.828999996185303,10.960000038146973
402,2.874000072479248,-7.86899995803833,10.298999786376953
405,3.76200008392334,-7.0970001220703125,12.854999542236328
408,2.2100000381469727,-8.020000457763672,-11.904000282287598
411,-0.7369999885559082,-7.067999839782715,-11.977999687194824
414,6.8460001945495605,-3.684999942779541,12.538999557495117
417,8.666000366210938,-4.414999961853027,10.381999969482422
420,7.355000019073486,-4.099999904632568,-11.831000328063965
423,6.369999885559082,-7.982999801635742,12.736000061035156
426,8.079000473022461,-7.255000114440918,10.508999824523926
429,7.798999786376953,-7.0229997634887695,-11.805000305175781
432,11.067999839782715,4.317999839782715,4.666999816894531
435,-10.788999557495117,2.989000082015991,6.617000102996826
438,-8.57699966430664,3.802000045776367,5.130000114440918
441,-6.706999778747559,2.808000087738037,6.835999965667725
444,-7.934999942779541,4.005000114440918,9.036999702453613
447,-10.64799976348877,3.0850000381469727,9.515999794006348
450,9.649999618530273,-0.14100000262260437,5.86299991607666
453,12.218000411987305,0.24500000476837158,6.769999980926514
456,-9.67300033569336,-1.1749999523162842,5.216000080108643
459,-7.626999855041504,0.33000001311302185,6.566999912261963
462,-8.159000396728516,-0.6570000052452087,8.991000175476074
465,-10.6850004196167,0.28299999237060547,9.505999565124512
468,-4.119999885559082,3.944000005722046,6.473999977111816
471,-5.008999824523926,3.1549999713897705,3.8359999656677246
474,-0.7120000123977661,4.491000175476074,4.046000003814697
477,0.07699999958276749,3.4059998989105225,6.460000038146973
480,-0.871999979019165,4.215000152587891,8.838000297546387
483,-3.4619998931884766,2.9779999256134033,8.942999839782715
486,-3.628999948501587,-0.4819999933242798,6.2179999351501465
489,-5.7230000495910645,0.5299999713897705,4.500999927520752
492,-1.5859999656677246,-0.8899999856948853,4.506999969482422
495,0.1469999998807907,0.3179999887943268,6.668000221252441
498,-1.0210000276565552,-0.8709999918937683,8.708999633789063
501,-3.6019999980926514,0.31299999356269836,8.873000144958496
504,2.7809998989105225,3.950000047683716,6.659999847412109
507,2.816999912261963,3.2200000286102295,3.9149999618530273
510,5.058000087738037,4.478000164031982,2.813999891281128
513,9.090999603271484,2.5869998931884766,5.604000091552734
516,6.867000102996826,4.056000232696533,8.562000274658203
519,4.339000225067139,3.2260000705718994,8.949000358581543
522,2.4769999980926514,-0.9110000133514404,5.926000118255615
525,2.5940001010894775,0.5170000195503235,3.5980000495910645
528,4.593999862670898,-0.37299999594688416,1.9170000553131104
531,6.665999889373779,0.44999998807907104,4.060999870300293
534,6.184999942779541,0.15000000596046448,6.741000175476074
537,3.624000072479248,0.5049999952316284,8.11299991607666
540,9.324999809265137,3.819000005722046,-1.7419999837875366
543,8.579000473022461,3.197000026702881,0.972000002861023
546,10.767000198364258,4.497000217437744,1.9170000553131104
549,9.031000137329102,0.008999999612569809,-1.468999981880188
552,10.380999565124512,0.6000000238418579,0.9150000214576721
555,9.229000091552734,-0.47200000286102295,3.2690000534057617
558,-10.329000473022461,4.15500020980835,0.3160000145435333
561,-9.640999794006348,3.013000011444092,-2.2209999561309814
564,-6.966000080108643,4.039999961853027,-2.546999931335449
567,-5.758999824523926,2.742000102996826,-0.2540000081062317
570,-6.697999954223633,4.086999893188477,1.8730000257492065
573,-9.104000091552734,3.197999954223633,2.5239999294281006
576,-10.352999687194824,-0.20800000429153442,0.18000000715255737
579,-9.0649995803833,0.3880000114440918,-2.1610000133514404
582,-6.534999847412109,-0.35600000619888306,-2.684000015258789
585,-5.638999938964844,0.00800000037997961,-0.09799999743700027
588,-6.796999931335449,-0.7789999842643738,2.2149999141693115
591,-9.20300006866455,0.3400000035762787,2.6519999504089355
594,-3.180999994277954,3.993000030517578,-0.2759999930858612
597,-1.437000036239624,3.2669999599456787,-2.203000068664551
600,0.859000027179718,4.458000183105469,-2.7939999103546143
603,1.9220000505447388,3.611999988555908,-0.3619999885559082
606,1.1080000400543213,4.559000015258789,2.0399999618530273
609,-2.752000093460083,2.739000082015991,2.377000093460083
612,-2.927999973297119,-0.7269999980926514,-0.2680000066757202
615,-1.8730000257492065,0.2930000126361847,-2.753000020980835
618,0.7279999852180481,-0.32100000977516174,-3.4860000610351563
621,1.7410000562667847,0.4729999899864197,-1.0219999551773071
624,0.9319999814033508,-0.2770000100135803,1.444000005722046
627,-1.7489999532699585,0.2529999911785126,1.9539999961853027
630,4.992000102996826,4.558000087738037,0.03500000014901161
633,6.526000022888184,3.9519999027252197,-2.072000026702881
636,7.370999813079834,3.125,3.563999891281128
639,3.8949999809265137,-0.7749999761581421,-2.753999948501587
642,6.991000175476074,1.5440000295639038,-0.7710000276565552
645,5.517000198364258,-0.7749999761581421,-0.5799999833106995
648,9.54800033569336,4.077000141143799,-6.868000030517578
651,10.807000160217285,3.1449999809265137,-9.111000061035156
654,-9.99899959564209,4.203999996185303,-9.081000328063965
657,-8.734000205993652,3.61299991607666,-6.591000080108643
660,-10.654999732971191,3.9670000076293945,-4.605999946594238
663,10.442999839782715,3.178999900817871,-4.126999855041504
666,9.312999725341797,-0.578000009059906,-7.046000003814697
669,10.95300006866455,0.3109999895095825,-9.305000305175781
672,-9.630999565124512,-0.4189999997615814,-9.163999557495117
675,-8.708000183105469,0.6669999957084656,-6.689000129699707
678,-10.36299991607666,-0.26899999380111694,-4.806000232696533
681,10.4399995803833,0.27000001072883606,-4.085999965667725
684,-6.163000106811523,4.111000061035156,-7.369999885559082
687,-4.51200008392334,3.4200000762939453,-9.345000267028809
690,-1.7890000343322754,4.035999774932861,-9.32800006866455
693,-0.8399999737739563,3.0380001068115234,-6.8520002365112305
696,-2.6389999389648438,3.9079999923706055,-4.823999881744385
699,-5.343999862670898,3.2730000019073486,-4.8420000076293945
702,-6.079999923706055,-0.31299999356269836,-7.2270002365112305
705,-4.486999988555908,0.5419999957084656,-9.496999740600586
708,-2.009000062942505,-0.48399999737739563,-9.720000267028809
711,-0.9369999766349792,0.2199999988079071,-7.361999988555908
714,-2.674999952316284,-0.5189999938011169,-5.318999767303467
717,-5.195000171661377,0.47099998593330383,-4.835000038146973
720,1.63100004196167,4.138000011444092,-7.193999767303467
723,3.4790000915527344,3.2149999141693115,-9.059000015258789
726,6.176000118255615,4.125,-9.413999557495117
729,6.745999813079834,3.0390000343322754,-6.982999801635742
732,5.440999984741211,4.216000080108643,-4.834000110626221
735,2.5889999866485596,3.427999973297119,-4.756999969482422
738,1.6339999437332153,-0.5590000152587891,-7.8460001945495605
741,3.7160000801086426,0.5019999742507935,-9.536999702453613
744,6.168000221252441,-0.5870000123977661,-9.685999870300293
747,6.736000061035156,0.12700000405311584,-7.077000141143799
750,4.701000213623047,-0.8199999928474426,-5.434000015258789
753,2.2939999103546143,0.7390000224113464,-5.559000015258789
756,10.86400032043457,4.276000022888184,11.234000205993652
759,11.614999771118164,2.9719998836517334,13.642000198364258
762,10.076000213623047,4.179999828338623,-11.595999717712402
765,10.817000389099121,-0.9350000023841858,10.965999603271484
768,11.857000350952148,0.04600000008940697,13.335000038146973
771,10.350000381469727,-0.6589999794960022,-11.741999626159668
774,-9.333000183105469,3.864000082015991,13.13700008392334
777,-7.159999847412109,3.197999954223633,11.642000198364258
780,-4.671999931335449,4.123000144958496,11.13599967956543
783,-3.7829999923706055,3.4630000591278076,13.666999816894531
786,-5.945000171661377,3.9159998893737793,-11.89900016784668
789,-8.621999740600586,3.302000045776367,-11.204999923706055
792,-9.008999824523926,-0.7200000286102295,13.052000045776367
795,-6.997000217437744,0.10499999672174454,11.4399995803833
798,-4.373000144958496,-0.9729999899864197,11.263999938964844
801,-3.6089999675750732,0.6990000009536743,13.505999565124512
804,-5.704999923706055,-0.13500000536441803,-11.920999526977539
807,-8.430000305175781,0.5299999713897705,-11.583000183105469
810,-1.187000036239624,4.2129998207092285,13.404999732971191
813,0.23399999737739563,3.2990000247955322,11.170999526977539
816,2.812999963760376,4.197999954223633,10.97599983215332
819,3.750999927520752,2.9100000858306885,13.331999778747559
822,2.6019999980926514,3.812000036239624,-11.467000007629395
825,-0.1509999930858612,3.0969998836517334,-11.319000244140625
828,-1.184999942779541,-0.39500001072883606,13.371000289916992
831,-0.041999999433755875,0.5099999904632568,10.894000053405762
834,2.5230000019073486,-0.42100000381469727,10.581000328063965
837,3.8259999752044678,0.09300000220537186,12.914999961853027
840,2.7339999675750732,-0.7789999842643738,-11.765000343322754
843,0.15700000524520874,0.36000001430511475,-11.4399995803833
846,6.2779998779296875,3.9149999618530273,13.03499984741211
849,8.07800006866455,3.375,10.92300033569336
852,7.343999862670898,3.121999979019165,-11.666999816894531
855,6.485000133514404,-0.972000002861023,13.279999732971191
858,8.347000122070313,0.3529999852180481,11.489999771118164
861,7.697000026702881,0.20100000500679016,-11.78499984741211
864,11.0,9.050999641418457,7.1479997634887695
867,12.03600025177002,10.204999923706055,4.53000020980835
870,-9.940999984741211,11.944999694824219,3.1630001068115234
873,-7.723999977111816,10.675999641418457,7.072999954223633
876,-8.60099983215332,11.871000289916992,9.470000267028809
879,-10.869999885559082,10.53499984741211,10.57699966430664
882,10.02400016784668,6.875999927520752,5.631999969482422
885,11.770999908447266,7.6479997634887695,3.7079999446868896
888,-9.237000465393066,6.5329999923706055,4.566999912261963
891,-9.059000015258789,8.194000244140625,6.931000232696533
894,-7.060999870300293,6.502999782562256,7.916999816894531
897,12.753999710083008,8.09000015258789,8.967000007629395
900,-4.900000095367432,11.314000129699707,7.2779998779296875
903,-4.039999961853027,10.604000091552734,4.570000171661377
906,-1.531999945640564,11.831999778747559,3.9089999198913574
909,0.1679999977350235,10.748000144958496,6.081999778747559
912,-0.20200000703334808,11.631999969482422,8.609000205993652
915,-2.9130001068115234,10.496999740600586,9.227999687194824
918,-4.513999938964844,6.702000141143799,6.7829999923706055
921,-2.940000057220459,7.834000110626221,4.589000225067139
924,-0.21299999952316284,7.355000019073486,4.244999885559082
927,0.7039999961853027,8.031999588012695,6.666999816894531
930,-0.42399999499320984,6.864999771118164,8.859999656677246
933,-3.065999984741211,7.64300012588501,9.027000427246094
936,2.755000114440918,11.696000099182129,6.308000087738037
939,3.7690000534057617,10.70199966430664,4.002999782562256
942,5.939000129699707,12.333000183105469,4.169000148773193
945,7.422999858856201,10.633000373840332,5.801000118255615
948,6.202000141143799,11.430999755859375,8.147000312805176
951,3.746000051498413,10.529000282287598,8.661999702453613
954,3.00600004196167,6.803999900817871,6.60099983215332
957,3.306999921798706,7.9710001945495605,4.132999897003174
960,5.923999786376953,7.052999973297119,3.568000078201294
963,7.375999927520752,7.544000148773193,5.892000198364258
966,6.914000034332275,6.9070000648498535,8.616000175476074
969,4.190999984741211,7.769000053405762,8.935999870300293
972,8.970999717712402,11.767999649047852,-2.3320000171661377
975,9.350000381469727,11.006999969482422,0.5609999895095825
978,8.11400032043457,12.515999794006348,2.5759999752044678
981,8.968000411987305,6.6519999504089355,-1.996999979019165
984,9.04800033569336,8.137999534606934,0.3700000047683716
987,11.569999694824219,7.093999862670898,1.1339999437332153
990,-11.145000457763672,11.824999809265137,0.12800000607967377
993,-9.690999984741211,10.64799976348877,-2.1029999256134033
996,-7.206999778747559,11.713000297546387,-2.8389999866485596
999,-6.098999977111816,10.60200023651123,-0.13199999928474426
1002,-5.802999973297119,11.664999961853027,2.6489999294281006
1005,-7.736999988555908,10.791000366210938,4.348999977111816
1008,-9.711000442504883,6.9629998207092285,-0.17599999904632568
1011,-9.312999725341797,8.062000274658203,-2.811000108718872
1014,-6.752999782562256,6.929999828338623,-2.8949999809265137
1017,-6.0370001792907715,7.889999866485596,-0.5830000042915344
1020,-5.809999942779541,6.703000068664551,2.059000015258789
1023,-7.541999816894531,8.331999778747559,3.361999988555908
1026,-3.6670000553131104,11.70199966430664,-0.9860000014305115
1029,-1.6490000486373901,10.656999588012695,-2.5429999828338623
1032,0.8040000200271606,11.895999908447266,-2.999000072479248
1035,1.625,10.86400032043457,-0.5630000233650208
1038,-0.028999999165534973,11.928999900817871,1.2139999866485596
1041,-2.4070000648498535,10.59000015258789,1.2100000381469727
1044,-3.3450000286102295,6.736000061035156,-0.5540000200271606
1047,-1.9270000457763672,7.7779998779296875,-2.7249999046325684
1050,0.796999990940094,7.34499979019165,-2.8289999961853027
1053,2.0439999103546143,8.062000274658203,-0.4309999942779541
1056,1.4839999675750732,7.296999931335449,2.131999969482422
1059,-3.4189999103546143,8.121000289916992,1.875
1062,4.35099983215332,11.390000343322754,-1.4129999876022339
1065,6.39900016784668,10.545000076293945,-2.9019999504089355
1068,4.610000133514404,10.82800006866455,1.2960000038146973
1071,4.566999912261963,7.093999862670898,-0.625
1074,6.422999858856201,7.611000061035156,-2.7309999465942383
1077,6.298999786376953,8.369999885559082,1.2029999494552612
1080,9.715999603271484,11.53499984741211,-6.88700008392334
1083,10.791999816894531,10.562000274658203,-9.267000198364258
1086,-9.736000061035156,10.968999862670898,-9.34000015258789
1089,-9.090999603271484,10.536999702453613,-6.598999977111816
1092,-10.741000175476074,11.758999824523926,-4.624000072479248
1095,10.378000259399414,10.527000427246094,-4.418000221252441
1098,9.633999824523926,6.693999767303467,-7.077000141143799
1101,11.062999725341797,7.992000102996826,-9.109000205993652
1104,-9.847999572753906,7.238999843597412,-9.585000038146973
1107,-8.871999740600586,7.676000118255615,-6.952000141143799
1110,-10.741000175476074,6.932000160217285,-4.86299991607666
1113,10.135000228881836,7.754000186920166,-4.605999946594238
1116,-6.466000080108643,11.53499984741211,-7.054999828338623
1119,-4.631999969482422,10.574000358581543,-8.810999870300293
1122,-2.0380001068115234,11.640999794006348,-9.35099983215332
1125,-0.9729999899864197,10.838000297546387,-6.7820000648498535
1128,-2.683000087738037,11.723999977111816,-4.953000068664551
1131,-5.330999851226807,10.77299976348877,-4.539999961853027
1134,-6.198999881744385,6.896999835968018,-7.434000015258789
1137,-4.6539998054504395,7.995999813079834,-9.506999969482422
1140,-1.9800000190734863,6.754000186920166,-9.821000099182129
1143,-1.2799999713897705,7.97599983215332,-7.511000156402588
1146,-2.687000036239624,6.946000099182129,-5.243000030517578
1149,-5.308000087738037,7.894000053405762,-5.081999778747559
1152,1.6710000038146973,11.513999938964844,-7.363999843597412
1155,3.4570000171661377,10.888999938964844,-9.359999656677246
1158,6.283999919891357,11.286999702453613,-9.774999618530273
1161,6.849999904632568,10.829000473022461,-7.123000144958496
1164,5.298999786376953,11.819000244140625,-5.073999881744385
1167,2.6019999980926514,10.821000099182129,-4.7729997634887695
1170,1.3730000257492065,7.250999927520752,-7.691999912261963
1173,3.559999942779541,8.064000129699707,-9.187999725341797
1176,6.210000038146973,6.940999984741211,-9.72599983215332
1179,7.120999813079834,7.995999813079834,-7.23199987411499
1182,5.440999984741211,6.921999931335449,-5.306000232696533
1185,2.13100004196167,8.053000450134277,-5.1539998054504395
1188,10.472000122070313,11.147000312805176,9.060999870300293
1191,-11.42300033569336,10.779000282287598,13.220999717712402
1194,10.35099983215332,11.449000358581543,-11.89799976348877
1197,10.925999641418457,7.0970001220703125,10.753000259399414
1200,11.795000076293945,8.02400016784668,13.170999526977539
1203,10.659000396728516,7.034999847412109,-11.805000305175781
1206,-8.548999786376953,11.36400032043457,13.432999610900879
1209,-7.138999938964844,10.375,11.29800033569336
1212,-4.453999996185303,11.336999893188477,11.359000205993652
1215,-3.384000062942505,10.545999526977539,13.777000427246094
1218,-5.247000217437744,11.17300033569336,-11.472999572753906
1221,-7.908999919891357,10.473999977111816,-11.21399974822998
1224,-9.274999618530273,6.96999979019165,12.758999824523926
1227,-7.185999870300293,7.445000171661377,10.711999893188477
1230,-4.5879998207092285,6.958000183105469,11.126999855041504
1233,-3.931999921798706,7.645999908447266,13.708000183105469
1236,-5.807000160217285,6.755000114440918,-11.706000328063965
1239,-8.255999565124512,7.822999954223633,-11.776000022888184
1242,-0.9860000014305115,11.550999641418457,13.241999626159668
1245,0.6859999895095825,10.633999824523926,11.0600004196167
1248,3.1429998874664307,11.916999816894531,10.894000053405762
1251,3.9609999656677246,10.847000122070313,13.430000305175781
1254,2.180999994277954,11.468000411987305,-11.833000183105469
1257,-0.48100000619888306,10.782999992370605,-11.39799976348877
1260,-1.2979999780654907,7.021999835968018,13.126999855041504
1263,0.34700000286102295,7.999000072479248,11.220999717712402
1266,3.062000036239624,7.006999969482422,11.277000427246094
1269,4.4079999923706055,7.84499979019165,13.66100025177002
1272,2.3570001125335693,7.0879998207092285,-11.789999961853027
1275,-0.3059999942779541,7.552999973297119,-11.614999771118164
1278,6.519999980926514,11.553000450134277,12.78499984741211
1281,7.736999988555908,10.623000144958496,10.387999534606934
1284,7.5370001792907715,10.244999885559082,-12.053999900817871
1287,6.7179999351501465,6.656000137329102,13.031000137329102
1290,8.185999870300293,7.755000114440918,10.86400032043457
1293,7.97599983215332,7.514999866485596,-11.760000228881836
