0,-11.041000366210938,-5.808000087738037,10.57800006866455
3,-9.866000175476074,-6.630000114440918,8.166999816894531
6,-7.177000045776367,-5.8979997634887695,7.913000106811523
9,-5.622000217437744,-6.771999835968018,10.279999732971191
12,-6.986000061035156,-5.677999973297119,12.479999542236328
15,-9.64799976348877,-6.822999954223633,12.694000244140625
18,12.621999740600586,11.993000030517578,9.807000160217285
21,-9.57800006866455,-9.394000053405762,7.84499979019165
24,-6.97599983215332,12.086000442504883,7.886000156402588
27,-5.520999908447266,-9.555000305175781,10.170999526977539
30,-7.124000072479248,11.946999549865723,12.199000358581543
33,-9.73799991607666,-9.517000198364258,12.276000022888184
36,-3.1679999828338623,-5.622000217437744,10.517000198364258
39,-1.7649999856948853,-6.539999961853027,8.333000183105469
42,1.0420000553131104,-5.843999862670898,8.293999671936035
45,2.5269999504089355,-6.546000003814697,10.625
48,1.0390000343322754,-5.8379998207092285,12.64799976348877
51,-1.7480000257492065,-6.765999794006348,12.57699966430664
54,-2.9260001182556152,12.062000274658203,10.102999687194824
57,-1.5850000381469727,-9.383999824523926,7.914999961853027
60,1.0470000505447388,11.817000389099121,8.26200008392334
63,2.306999921798706,-9.319000244140625,10.26099967956543
66,0.8560000061988831,11.932999610900879,12.229999542236328
69,-1.8799999952316284,-9.581000328063965,12.437999725341797
72,5.135000228881836,-5.5920000076293945,10.373000144958496
75,6.0320000648498535,-6.48799991607666,8.03600025177002
78,8.732000350952148,-5.918000221252441,7.953000068664551
81,9.904999732971191,-6.872000217437744,10.281000137329102
84,8.79699993133545,-5.789000034332275,12.54699993133545
87,6.053999900817871,-6.589000225067139,12.732999801635742
90,4.869999885559082,12.029999732971191,10.133999824523926
93,6.123000144958496,-9.35099983215332,7.85099983215332
96,8.717000007629395,11.76099967956543,7.646999835968018
99,10.036999702453613,-9.60200023651123,9.902000427246094
102,8.647000312805176,12.012999534606934,12.199000358581543
105,6.076000213623047,-9.369999885559082,12.434000015258789
108,-10.991000175476074,-5.758999824523926,1.312000036239624
111,-9.687000274658203,-6.684000015258789,3.6579999923706055
114,-11.116999626159668,-5.619999885559082,5.7820000648498535
117,-10.758999824523926,11.937000274658203,1.1970000267028809
120,-9.642999649047852,-9.26099967956543,3.6059999465942383
123,-10.932000160217285,11.880000114440918,5.671000003814697
126,-7.076000213623047,-5.872000217437744,3.384999990463257
129,-5.809999942779541,-6.751999855041504,1.0959999561309814
132,-3.1700000762939453,-5.824999809265137,1.4179999828338623
135,-1.8480000495910645,-6.857999801635742,3.691999912261963
138,-3.0190000534057617,-5.885000228881836,5.955999851226807
141,-5.683000087738037,-6.875999927520752,5.632999897003174
144,-7.13100004196167,11.869000434875488,3.36899995803833
147,-5.77400016784668,-9.545999526977539,1.2280000448226929
150,-3.1110000610351563,11.74899959564209,1.3450000286102295
153,-1.6100000143051147,-9.611000061035156,3.4159998893737793
156,-2.9079999923706055,11.760000228881836,5.638000011444092
159,-5.63700008392334,12.690999984741211,5.511000156402588
162,0.8190000057220459,-5.84499979019165,3.5299999713897705
165,2.2990000247955322,-6.876999855041504,1.4299999475479126
168,4.938000202178955,-6.000999927520752,1.4179999828338623
171,6.105000019073486,-6.973999977111816,3.8359999656677246
174,4.5279998779296875,-5.677999973297119,5.706999778747559
177,1.8869999647140503,-6.789000034332275,5.88100004196167
180,1.0980000495910645,11.776000022888184,3.4809999465942383
183,2.184999942779541,-9.635000228881836,1.2300000190734863
186,4.73799991607666,11.769000053405762,1.0959999561309814
189,5.935999870300293,12.659000396728516,3.437000036239624
192,4.681000232696533,11.845999717712402,5.767000198364258
195,2.0160000324249268,12.720999717712402,5.9019999504089355
198,8.682000160217285,-5.835000038146973,3.566999912261963
201,10.005000114440918,-6.915999889373779,1.3420000076293945
204,9.949000358581543,-6.814000129699707,5.75600004196167
207,8.656999588012695,11.743000030517578,3.3010001182556152
210,10.201000213623047,-9.605999946594238,1.2380000352859497
213,10.039999961853027,-9.57800006866455,5.488999843597412
216,-11.128000259399414,-5.876999855041504,-3.265000104904175
219,-9.54699993133545,-6.568999767303467,-5.375
222,-6.97599983215332,-5.708000183105469,-5.619999885559082
225,-5.801000118255615,-6.479000091552734,-3.2039999961853027
228,-7.1020002365112305,-5.576000213623047,-0.9480000138282776
231,-9.89900016784668,-6.605000019073486,-0.9350000023841858
234,-10.718999862670898,12.072999954223633,-3.497999906539917
237,-9.58899974822998,-9.39799976348877,-5.763000011444092
240,-6.960000038146973,11.95199966430664,-5.855999946594238
243,-6.004000186920166,-9.255000114440918,-3.5829999446868896
246,-6.927999973297119,11.991999626159668,-1.1169999837875366
249,-9.480999946594238,-9.378000259399414,-0.9449999928474426
252,-3.111999988555908,-5.583000183105469,-2.938999891281128
255,-1.7660000324249268,-6.74399995803833,-5.051000118255615
258,0.8339999914169312,-5.855999946594238,-5.419000148773193
261,2.1080000400543213,-6.783999919891357,-3.125
264,0.8669999837875366,-5.895999908447266,-0.8050000071525574
267,-1.8650000095367432,-6.940999984741211,-0.7839999794960022
270,-3.2899999618530273,11.970999717712402,-3.194000005722046
273,-1.7860000133514404,12.677000045776367,-5.416999816894531
276,0.9649999737739563,12.071999549865723,-5.623000144958496
279,2.2929999828338623,-9.631999969482422,-3.2290000915527344
282,0.9810000061988831,11.774999618530273,-1.0880000591278076
285,-1.809999942779541,12.680999755859375,-0.8970000147819519
288,4.7729997634887695,-5.952000141143799,-3.1500000953674316
291,5.890999794006348,-6.8979997634887695,-5.435999870300293
294,8.437000274658203,-5.828999996185303,-5.6519999504089355
297,9.95199966430664,-6.835999965667725,-3.2730000019073486
300,8.64900016784668,-5.881999969482422,-0.9890000224113464
303,6.045000076293945,-6.88700008392334,-0.7919999957084656
306,5.060999870300293,11.878000259399414,-3.2739999294281006
309,6.116000175476074,12.697999954223633,-5.6579999923706055
312,8.961999893188477,12.069999694824219,-5.64900016784668
315,10.237000465393066,-9.61400032043457,-3.257999897003174
318,8.90999984741211,11.892999649047852,-1.062999963760376
321,6.244999885559082,12.781000137329102,-0.9679999947547913
324,-11.0600004196167,-6.160999774932861,-12.204000473022461
327,-9.852999687194824,-6.806000232696533,-9.723999977111816
330,-10.968000411987305,-5.622000217437744,-7.539999961853027
333,12.595000267028809,12.026000022888184,-12.630999565124512
336,-9.741000175476074,-9.446999549865723,-10.309000015258789
339,-10.729999542236328,12.081999778747559,-8.003999710083008
342,-7.140999794006348,-6.186999797821045,-9.989999771118164
345,-5.861000061035156,-6.71999979019165,-12.37399959564209
348,-3.1419999599456787,-5.9710001945495605,-12.357999801635742
351,-1.871000051498413,-6.822999954223633,-9.897000312805176
354,-2.7160000801086426,-5.857999801635742,-7.519000053405762
357,-5.5370001792907715,-6.776000022888184,-7.6519999504089355
360,-7.089000225067139,11.932000160217285,-10.395999908447266
363,-5.688000202178955,-9.54800033569336,-12.631999969482422
366,-3.1019999980926514,11.979000091552734,-12.496000289916992
369,-1.6950000524520874,-9.569999694824219,-10.232000350952148
372,-2.8499999046325684,12.027000427246094,-7.841000080108643
375,-5.543000221252441,-9.543000221252441,-8.072999954223633
378,0.7129999995231628,-5.883999824523926,-10.107000350952148
381,2.0910000801086426,-6.945000171661377,-12.291000366210938
384,4.659999847412109,-5.833000183105469,-12.243000030517578
387,5.995999813079834,-6.645999908447266,-9.86299991607666
390,4.5960001945495605,-5.795000076293945,-7.604000091552734
393,1.899999976158142,-6.744999885559082,-7.797999858856201
396,0.9359999895095825,11.77299976348877,-10.25
399,2.130000114440918,12.767000198364258,-12.515000343322754
402,4.843999862670898,11.994000434875488,-12.491000175476074
405,6.177000045776367,-9.446000099182129,-10.01200008392334
408,4.671000003814697,11.890000343322754,-7.88100004196167
411,1.9919999837875366,-9.437999725341797,-7.9730000495910645
414,8.491999626159668,-5.688000202178955,-10.116999626159668
417,9.810999870300293,-6.709000110626221,-12.298999786376953
420,9.97599983215332,-6.436999797821045,-7.7270002365112305
423,8.833000183105469,11.987000465393066,-10.173999786376953
426,9.984000205993652,-9.52400016784668,-12.555000305175781
429,10.321999549865723,-9.220999717712402,-7.826000213623047
432,-10.984999656677246,1.7309999465942383,10.220999717712402
435,-9.722000122070313,0.7540000081062317,7.994999885559082
438,-7.14900016784668,1.7070000171661377,8.241000175476074
441,-6.03000020980835,0.8790000081062317,10.532999992370605
444,-7.2870001792907715,1.7050000429153442,12.753000259399414
447,-9.86299991607666,0.4390000104904175,12.505999565124512
450,-10.866999626159668,-2.934000015258789,10.392999649047852
453,-9.845999717712402,-1.99399995803833,7.9629998207092285
456,-7.250999927520752,-3.0880000591278076,7.913000106811523
459,-5.843999862670898,-1.9539999961853027,10.267000198364258
462,-7.01200008392334,-2.9140000343322754,12.494000434875488
465,-9.753000259399414,-2.2750000953674316,12.697999954223633
468,-3.1760001182556152,1.5410000085830688,10.373000144958496
471,-1.9320000410079956,0.5540000200271606,8.199999809265137
474,0.6449999809265137,1.6119999885559082,8.201000213623047
477,2.0139999389648438,0.5130000114440918,10.281000137329102
480,0.8980000019073486,1.4390000104904175,12.656000137329102
483,-1.7869999408721924,0.6259999871253967,12.848999977111816
486,-3.2330000400543213,-2.953000068664551,10.467000007629395
489,-2.0460000038146973,-2.1589999198913574,8.109999656677246
492,0.6520000100135803,-3.1740000247955322,7.997000217437744
495,2.246000051498413,-2.2690000534057617,10.100000381469727
498,0.7919999957084656,-2.7730000019073486,12.345000267028809
501,-1.8550000190734863,-2.2119998931884766,12.85099983215332
504,4.974999904632568,1.7519999742507935,10.447999954223633
507,5.88100004196167,0.7329999804496765,8.027000427246094
510,8.571000099182129,1.649999976158142,8.140999794006348
513,10.069000244140625,0.8040000200271606,10.392999649047852
516,8.862000465393066,1.4739999771118164,12.684000015258789
519,6.230000019073486,0.9229999780654907,12.8100004196167
522,4.980000019073486,-2.9030001163482666,10.4350004196167
525,6.173999786376953,-1.99399995803833,8.005999565124512
528,8.902000427246094,-3.058000087738037,7.958000183105469
531,10.140999794006348,-1.9129999876022339,10.194999694824219
534,9.03600025177002,-2.9489998817443848,12.579000473022461
537,6.422999858856201,-1.9450000524520874,12.701000213623047
540,-10.913999557495117,1.7039999961853027,1.2599999904632568
543,-9.397000312805176,0.8119999766349792,3.752000093460083
546,-11.093999862670898,1.9450000524520874,5.716000080108643
549,-10.869999885559082,-2.9130001068115234,1.0490000247955322
552,-9.538000106811523,-1.906999945640564,3.2780001163482666
555,-10.904000282287598,-2.7829999923706055,5.539999961853027
558,-6.828000068664551,1.7519999742507935,3.6489999294281006
561,-5.664999961853027,0.7210000157356262,1.3949999809265137
564,-3.0889999866485596,1.7430000305175781,1.3450000286102295
567,-1.968999981880188,0.5960000157356262,3.6570000648498535
570,-3.072000026702881,1.4809999465942383,5.931000232696533
573,-5.807000160217285,0.800000011920929,5.949999809265137
576,-7.057000160217285,-3.0169999599456787,3.4489998817443848
579,-5.784999847412109,-1.9869999885559082,1.3320000171661377
582,-3.053999900817871,-3.0199999809265137,1.187999963760376
585,-1.8359999656677246,-2.1019999980926514,3.4570000171661377
588,-3.1589999198913574,-2.993000030517578,5.729000091552734
591,-5.788000106811523,-2.009999990463257,5.830999851226807
594,0.656000018119812,1.4900000095367432,3.493000030517578
597,2.1059999465942383,0.6460000276565552,1.371999979019165
600,4.833000183105469,1.7549999952316284,1.2480000257492065
603,5.97599983215332,0.7540000081062317,3.561000108718872
606,4.377999782562256,1.6069999933242798,5.691999912261963
609,1.819000005722046,0.6499999761581421,5.908999919891357
612,0.734000027179718,-3.118000030517578,3.5250000953674316
615,2.2669999599456787,-2.1730000972747803,1.3839999437332153
618,4.896999835968018,-3.072999954223633,1.2109999656677246
621,6.111000061035156,-1.965999960899353,3.444999933242798
624,4.751999855041504,-2.9070000648498535,5.545000076293945
627,2.0999999046325684,-2.0480000972747803,5.783999919891357
630,8.713000297546387,1.4520000219345093,3.625
633,10.182999610900879,0.5669999718666077,1.4520000219345093
636,10.105999946594238,0.6069999933242798,5.896999835968018
639,8.656000137329102,-3.138000011444092,3.4049999713897705
642,9.984999656677246,-2.315000057220459,1.1959999799728394
645,10.095000267028809,-2.0869998931884766,5.689000129699707
648,-10.937999725341797,1.628999948501587,-3.177000045776367
651,-9.553000450134277,0.6990000009536743,-5.381999969482422
654,-7.013000011444092,1.8910000324249268,-5.396999835968018
657,-5.585999965667725,0.7310000061988831,-3.234999895095825
660,-6.769000053405762,1.7569999694824219,-0.9850000143051147
663,-9.35099983215332,0.7260000109672546,-0.921999990940094
666,12.619000434875488,-3.115999937057495,-3.5490000247955322
669,-9.597000122070313,-2.0320000648498535,-5.611000061035156
672,-7.0229997634887695,-2.953000068664551,-5.813000202178955
675,-5.9079999923706055,-1.899999976158142,-3.390000104904175
678,-6.820000171661377,-2.76200008392334,-1.034000039100647
681,-9.576000213623047,-2.128000020980835,-1.2660000324249268
684,-2.759000062942505,1.63100004196167,-3.1419999599456787
687,-1.6640000343322754,0.6909999847412109,-5.453999996185303
690,0.921999990940094,1.8380000591278076,-5.420000076293945
693,2.3010001182556152,0.7429999709129333,-3.1649999618530273
696,1.0130000114440918,1.7000000476837158,-1.0260000228881836
699,-1.6829999685287476,0.75,-0.7319999933242798
702,-2.753999948501587,-2.8329999446868896,-3.242000102996826
705,-1.4049999713897705,-1.968999981880188,-5.414999961853027
708,1.0679999589920044,-3.125,-5.439000129699707
711,2.5880000591278076,-2.13100004196167,-3.242000102996826
714,0.996999979019165,-3.0460000038146973,-0.9409999847412109
717,-1.5950000286102295,-1.9630000591278076,-0.9089999794960022
720,4.923999786376953,1.7009999752044678,-3.3550000190734863
723,6.216000080108643,0.7009999752044678,-5.508999824523926
726,8.87399959564209,1.8650000095367432,-5.599999904632568
729,9.946999549865723,0.8859999775886536,-3.3340001106262207
732,8.697999954223633,1.4900000095367432,-0.9570000171661377
735,6.123000144958496,0.578000009059906,-0.7950000166893005
738,5.182000160217285,-3.240000009536743,-3.2660000324249268
741,6.284999847412109,-2.0910000801086426,-5.632999897003174
744,8.807000160217285,-3.0810000896453857,-5.808000087738037
747,10.074000358581543,-1.9950000047683716,-3.4779999256134033
750,8.854000091552734,-3.0989999771118164,-1.0449999570846558
753,6.215000152587891,-2.1510000228881836,-0.9340000152587891
756,-10.73900032043457,1.8940000534057617,-12.520999908447266
759,-9.607999801635742,0.8270000219345093,-10.17199993133545
762,-10.730999946594238,1.6100000143051147,-7.677999973297119
765,-10.894000053405762,-3.3340001106262207,-12.121000289916992
768,-9.425000190734863,-1.934999942779541,-10.180999755859375
771,-10.894000053405762,-2.822999954223633,-8.107000350952148
774,-6.927000045776367,1.8899999856948853,-9.994000434875488
777,-5.875,0.578000009059906,-12.251999855041504
780,-3.378999948501587,1.5089999437332153,-12.217000007629395
783,-1.934000015258789,0.546999990940094,-9.831999778747559
786,-3.0889999866485596,1.7309999465942383,-7.578999996185303
789,-5.744999885559082,0.703000009059906,-7.626999855041504
792,-6.948999881744385,-3.4130001068115234,-10.050000190734863
795,-5.75600004196167,-2.2950000762939453,-12.232999801635742
798,-3.109999895095825,-3.1670000553131104,-12.067999839782715
801,-1.8680000305175781,-2.240000009536743,-9.824999809265137
804,-2.938999891281128,-3.0160000324249268,-7.504000186920166
807,-5.668000221252441,-2.1050000190734863,-8.032999992370605
810,0.7450000047683716,1.687000036239624,-9.852999687194824
813,2.072000026702881,0.6660000085830688,-12.097000122070313
816,4.684999942779541,1.7430000305175781,-12.319000244140625
819,6.005000114440918,0.8080000281333923,-9.968000411987305
822,4.578999996185303,1.5210000276565552,-7.617000102996826
825,1.8940000534057617,0.5929999947547913,-7.613999843597412
828,0.8220000267028809,-3.130000114440918,-9.956000328063965
831,2.0899999141693115,-2.1470000743865967,-12.279000282287598
834,4.809999942779541,-3.1630001068115234,-12.473999977111816
837,6.000999927520752,-1.9229999780654907,-10.170000076293945
840,4.781000137329102,-3.003000020980835,-7.959000110626221
843,2.0920000076293945,-2.183000087738037,-7.789000034332275
846,8.710000038146973,1.7569999694824219,-9.88599967956543
849,10.222999572753906,0.7179999947547913,-12.01099967956543
852,10.182000160217285,0.7300000190734863,-7.619999885559082
855,8.609000205993652,-2.9749999046325684,-10.28600025177002
858,10.333000183105469,-2.0260000228881836,-12.178999900817871
861,10.107999801635742,-2.069000005722046,-7.914999961853027
864,-10.904000282287598,9.395000457763672,10.418000221252441
867,-9.835000038146973,8.293000221252441,8.164999961853027
870,-6.9770002365112305,9.319000244140625,8.204000473022461
873,-5.816999912261963,8.081000328063965,10.291000366210938
876,-6.960000038146973,9.163000106811523,12.479999542236328
879,-9.592000007629395,8.378000259399414,12.593000411987305
882,-10.843999862670898,4.505000114440918,10.142999649047852
885,-9.699000358581543,5.48799991607666,7.913000106811523
888,-7.076000213623047,4.429999828338623,7.801000118255615
891,-5.644999980926514,5.35699987411499,10.08899974822998
894,-7.118000030517578,4.504000186920166,12.28600025177002
897,-9.642000198364258,5.5960001945495605,12.418000221252441
900,-3.2219998836517334,9.100000381469727,10.07800006866455
903,-1.6799999475479126,8.114999771118164,8.026000022888184
906,0.9179999828338623,9.027000427246094,8.029999732971191
909,1.9889999628067017,8.175999641418457,10.404000282287598
912,0.6990000009536743,9.149999618530273,12.531000137329102
915,-1.9329999685287476,8.234000205993652,12.657999992370605
918,-3.121999979019165,4.355999946594238,10.17199993133545
921,-1.7120000123977661,5.377999782562256,8.032999992370605
924,0.8840000033378601,4.333000183105469,7.988999843597412
927,2.24399995803833,5.3520002365112305,10.29699993133545
930,0.7210000157356262,4.208000183105469,12.312000274658203
933,-1.9789999723434448,5.281000137329102,12.696999549865723
936,4.704999923706055,9.157999992370605,10.284000396728516
939,6.038000106811523,8.197999954223633,8.128000259399414
942,8.800999641418457,8.95300006866455,7.999000072479248
945,10.114999771118164,8.357000350952148,10.39900016784668
948,8.682000160217285,9.378000259399414,12.512999534606934
951,6.1570000648498535,8.20300006866455,12.586999893188477
954,4.789000034332275,4.568999767303467,10.194000244140625
957,5.940999984741211,5.361999988555908,7.932000160217285
960,8.458000183105469,4.485000133514404,7.8379998207092285
963,9.949999809265137,5.223999977111816,10.331000328063965
966,8.869000434875488,4.260000228881836,12.633000373840332
969,6.252999782562256,5.433000087738037,12.605999946594238
972,-10.772000312805176,9.059000015258789,1.2489999532699585
975,-9.644000053405762,7.927000045776367,3.6510000228881836
978,-10.986000061035156,9.135000228881836,5.735000133514404
981,-10.817999839782715,4.441999912261963,1.1790000200271606
984,-9.288000106811523,5.232999801635742,3.296999931335449
987,-10.847999572753906,4.622000217437744,5.4039998054504395
990,-7.072000026702881,9.029000282287598,3.5309998989105225
993,-5.810999870300293,8.069999694824219,1.2489999532699585
996,-3.0899999141693115,8.973999977111816,1.11899995803833
999,-1.9450000524520874,7.985000133514404,3.50600004196167
1002,-3.2820000648498535,9.074999809265137,5.7270002365112305
1005,-5.8979997634887695,8.125,5.9120001792907715
1008,-6.553999900817871,4.40500020980835,3.385999917984009
1011,-5.841000080108643,5.367000102996826,0.9120000004768372
1014,-3.2360000610351563,4.459000110626221,0.7459999918937683
1017,-1.7400000095367432,5.27400016784668,3.1480000019073486
1020,-2.8480000495910645,4.302999973297119,5.64300012588501
1023,-5.486999988555908,5.421999931335449,5.75600004196167
1026,0.8460000157356262,8.979999542236328,3.6540000438690186
1029,2.3440001010894775,8.1899995803833,1.4290000200271606
1032,5.093999862670898,9.128999710083008,1.24399995803833
1035,6.0879998207092285,7.9029998779296875,3.5320000648498535
1038,4.686999797821045,8.972000122070313,5.770999908447266
1041,2.1530001163482666,7.964000225067139,5.928999900817871
1044,0.7689999938011169,4.218999862670898,3.1070001125335693
1047,2.4230000972747803,5.466000080108643,1.1480000019073486
1050,5.170000076293945,4.605999946594238,1.0479999780654907
1053,6.150000095367432,5.171999931335449,3.6419999599456787
1056,4.560999870300293,4.335000038146973,5.610000133514404
1059,1.7200000286102295,5.203999996185303,5.497000217437744
1062,8.678999900817871,8.937999725341797,3.4779999256134033
1065,10.241000175476074,8.232000350952148,1.2799999713897705
1068,9.923999786376953,8.079000473022461,5.701000213623047
1071,8.769000053405762,4.26200008392334,3.5199999809265137
1074,10.137999534606934,5.318999767303467,1.2920000553131104
1077,10.128000259399414,5.334000110626221,5.818999767303467
1080,-10.8100004196167,9.22700023651123,-3.4519999027252197
1083,-9.54800033569336,8.255000114440918,-5.710999965667725
1086,-6.86299991607666,9.218999862670898,-5.604000091552734
1089,-5.791999816894531,8.192999839782715,-3.259999990463257
1092,-6.868000030517578,9.277999877929688,-0.9800000190734863
1095,-9.38599967956543,8.14799976348877,-1.0889999866485596
1098,-10.854999542236328,4.4720001220703125,-3.7009999752044678
1101,-9.28499984741211,5.578999996185303,-5.6020002365112305
1104,-6.693999767303467,4.7789998054504395,-5.572999954223633
1107,-5.218999862670898,5.5329999923706055,-3.3239998817443848
1110,-7.063000202178955,4.5320000648498535,-1.406999945640564
1113,-9.630999565124512,5.3420000076293945,-1.3639999628067017
1116,-3.26200008392334,9.246999740600586,-3.312999963760376
1119,-1.7869999408721924,8.378000259399414,-5.446000099182129
1122,0.8659999966621399,9.234000205993652,-5.428999900817871
1125,2.2160000801086426,8.22700023651123,-3.2209999561309814
1128,0.8880000114440918,9.031000137329102,-0.8130000233650208
1131,-1.847000002861023,8.15999984741211,-1.2680000066757202
1134,-2.631999969482422,4.4730000495910645,-3.390000104904175
1137,-1.5750000476837158,5.473999977111816,-5.755000114440918
1140,1.0809999704360962,4.64900016784668,-5.556000232696533
1143,2.444999933242798,5.511000156402588,-3.260999917984009
1146,1.2059999704360962,4.401000022888184,-1.156000018119812
1149,-1.3819999694824219,5.40500020980835,-0.9890000224113464
1152,4.822000026702881,9.130999565124512,-3.2950000762939453
1155,6.250999927520752,8.253000259399414,-5.565999984741211
1158,8.852999687194824,9.213000297546387,-5.730999946594238
1161,10.236000061035156,8.187000274658203,-3.2920000553131104
1164,8.890000343322754,9.015000343322754,-1.1130000352859497
1167,6.164000034332275,8.154000282287598,-1.1490000486373901
1170,5.124000072479248,4.491000175476074,-3.627000093460083
1173,6.330999851226807,5.5960001945495605,-5.881999969482422
1176,9.069000244140625,4.691999912261963,-5.8520002365112305
1179,10.178000450134277,5.331999778747559,-3.3910000324249268
1182,8.906999588012695,4.294000148773193,-1.13100004196167
1185,6.348999977111816,5.447999954223633,-1.2990000247955322
1188,-10.914999961853027,9.288000106811523,-12.300000190734863
1191,-9.579000473022461,8.083999633789063,-10.07699966430664
1194,-10.736000061035156,9.378000259399414,-7.994999885559082
1197,12.607000350952148,4.64300012588501,-12.720000267028809
1200,-9.678999900817871,5.401000022888184,-10.319000244140625
1203,-10.545000076293945,4.321000099182129,-7.806000232696533
1206,-6.98199987411499,9.255000114440918,-10.067000389099121
1209,-5.918000221252441,8.210000038146973,-12.310999870300293
1212,-3.296999931335449,9.25100040435791,-12.352999687194824
1215,-1.9359999895095825,8.180000305175781,-10.069999694824219
1218,-2.99399995803833,9.253000259399414,-7.744999885559082
1221,-5.553999900817871,8.331999778747559,-7.965000152587891
1224,-6.931000232696533,4.510000228881836,-10.425999641418457
1227,-5.75,5.426000118255615,-12.675999641418457
1230,-3.0309998989105225,4.203999996185303,-12.105999946594238
1233,-1.6829999685287476,5.3979997634887695,-10.043000221252441
1236,-3.125,4.552999973297119,-7.881999969482422
1239,-5.7779998779296875,5.563000202178955,-8.01099967956543
1242,0.6629999876022339,9.059000015258789,-10.210000038146973
1245,2.1440000534057617,8.232999801635742,-12.371000289916992
1248,4.8420000076293945,9.211999893188477,-12.279999732971191
1251,6.050000190734863,8.220000267028809,-10.067000389099121
1254,4.784999847412109,9.187000274658203,-7.7769999504089355
1257,2.1440000534057617,8.164999961853027,-7.692999839782715
1260,0.9449999928474426,4.334000110626221,-10.178000450134277
1263,1.906000018119812,5.320000171661377,-12.62600040435791
1266,4.8379998207092285,4.551000118255615,-12.399999618530273
1269,6.2230000495910645,5.326000213623047,-10.086000442504883
1272,4.940999984741211,4.335000038146973,-7.839000225067139
1275,2.1540000438690186,5.429999828338623,-7.9720001220703125
1278,8.689000129699707,9.286999702453613,-10.329000473022461
1281,10.045999526977539,8.35200023651123,-12.423999786376953
1284,10.145000457763672,8.331000328063965,-8.072999954223633
1287,8.913999557495117,4.551000118255615,-10.064000129699707
1290,10.095000267028809,5.547999858856201,-12.449000358581543
1293,10.54800033569336,5.625999927520752,-7.97599983215332
