0,11.097000122070313,-4.97599983215332,8.71500015258789
3,12.342000007629395,-5.915999889373779,6.558000087738037
6,-8.569000244140625,-4.9679999351501465,6.435999870300293
9,-7.230999946594238,-6.117000102996826,8.727999687194824
12,-8.565999984741211,-5.382999897003174,10.906000137329102
15,-11.223999977111816,-6.323999881744385,10.961000442504883
18,11.491999626159668,12.821000099182129,8.336999893188477
21,-10.829000473022461,-8.626999855041504,6.11899995803833
24,-8.390000343322754,12.553999900817871,6.158999919891357
27,-7.275000095367432,-8.88700008392334,8.527000427246094
30,-8.307999610900879,12.473999977111816,10.907999992370605
33,12.609999656677246,-9.114999771118164,10.852999687194824
36,-4.750999927520752,-5.103000164031982,8.59000015258789
39,-3.430999994277954,-6.02400016784668,6.3470001220703125
42,-0.8809999823570251,-4.841000080108643,6.400000095367432
45,0.6470000147819519,-6.060999870300293,8.472999572753906
48,-0.7490000128746033,-5.068999767303467,10.666999816894531
51,-3.4070000648498535,-5.749000072479248,10.821000099182129
54,-4.60099983215332,-9.579000473022461,8.630000114440918
57,-3.2699999809265137,-8.984999656677246,6.188000202178955
60,-0.7609999775886536,12.567000389099121,5.961999893188477
63,0.5360000133514404,-8.95300006866455,8.505999565124512
66,-0.9449999928474426,-9.657999992370605,10.592000007629395
69,-3.509000062942505,-8.420999526977539,10.789999961853027
72,3.3970000743865967,-5.381999969482422,8.444999694824219
75,4.835000038146973,-6.021999835968018,6.236000061035156
78,7.432000160217285,-5.0269999504089355,6.296999931335449
81,8.583999633789063,-5.925000190734863,8.845999717712402
84,7.214000225067139,-5.199999809265137,11.11400032043457
87,4.474999904632568,-6.025000095367432,10.92300033569336
90,3.111999988555908,12.4399995803833,8.362000465393066
93,4.767000198364258,-8.878000259399414,6.480000019073486
96,7.36899995803833,12.638999938964844,6.303999900817871
99,8.817999839782715,-8.720999717712402,8.437999725341797
102,7.065000057220459,12.64799976348877,10.376999855041504
105,4.3460001945495605,-8.788999557495117,10.677000045776367
108,11.076000213623047,-4.979000091552734,-0.37400001287460327
111,-11.211000442504883,-5.864999771118164,1.8890000581741333
114,11.072999954223633,-4.973999977111816,4.15500020980835
117,11.324000358581543,-9.378000259399414,-0.6240000128746033
120,12.621000289916992,-8.621000289916992,1.774999976158142
123,11.35099983215332,-9.586000442504883,3.944000005722046
126,-8.659000396728516,-5.010000228881836,1.875
129,-7.322000026702881,-6.322000026702881,-0.3880000114440918
132,-4.710999965667725,-5.179999828338623,-0.5099999904632568
135,-3.6559998989105225,-6.156000137329102,1.8580000400543213
138,-4.565000057220459,-4.938000202178955,4.164000034332275
141,-7.198999881744385,-5.918000221252441,4.2729997634887695
144,-8.531000137329102,-9.63700008392334,1.75600004196167
147,-7.073999881744385,-9.0649995803833,-0.4320000112056732
150,-4.436999797821045,12.619000434875488,-0.6729999780654907
153,-3.3610000610351563,-8.932999610900879,1.6239999532699585
156,-4.560999870300293,12.559000015258789,3.818000078201294
159,-6.96999979019165,-8.642999649047852,4.080999851226807
162,-0.984000027179718,-5.322999954223633,1.878999948501587
165,0.6389999985694885,-6.202000141143799,-0.28700000047683716
168,3.313999891281128,-4.88100004196167,-0.3440000116825104
171,4.368000030517578,-5.980999946594238,2.0230000019073486
174,3.1679999828338623,-5.056000232696533,4.354000091552734
177,0.574999988079071,-5.964000225067139,4.377999782562256
180,-0.35100001096725464,12.565999984741211,1.8730000257492065
183,0.9700000286102295,-8.994999885559082,-0.3499999940395355
186,3.6449999809265137,12.664999961853027,-0.5659999847412109
189,4.918000221252441,-8.765999794006348,1.8899999856948853
192,3.507999897003174,12.680999755859375,4.007999897003174
195,0.8190000057220459,-8.758000373840332,4.054999828338623
198,7.000999927520752,-5.0879998207092285,2.003000020980835
201,8.491999626159668,-5.867000102996826,-0.24699999392032623
204,8.66100025177002,-6.232999801635742,4.175000190734863
207,7.514999866485596,12.770999908447266,1.6950000524520874
210,8.487000465393066,-8.588000297546387,-0.5559999942779541
213,8.73900032043457,-8.871000289916992,4.130000114440918
216,10.765999794006348,-4.881999969482422,-5.119999885559082
219,-11.218999862670898,-6.099999904632568,-6.965000152587891
222,-8.715999603271484,-4.881999969482422,-7.000999927520752
225,-7.1539998054504395,-5.879000186920166,-4.797999858856201
228,-8.824999809265137,-5.234000205993652,-2.802000045776367
231,12.083999633789063,-5.796000003814697,-2.7929999828338623
234,11.260000228881836,-9.571999549865723,-5.013000011444092
237,12.310999870300293,-8.755000114440918,-7.322999954223633
240,-8.76200008392334,-9.574999809265137,-7.663000106811523
243,-7.056000232696533,-8.57699966430664,-5.193999767303467
246,-8.300000190734863,-9.616999626159668,-2.9639999866485596
249,-10.861000061035156,-8.592000007629395,-2.7320001125335693
252,-4.548999786376953,-4.900000095367432,-4.97599983215332
255,-3.2190001010894775,-6.211999893188477,-7.040999889373779
258,-0.8429999947547913,-5.059999942779541,-7.257999897003174
261,0.5490000247955322,-5.901000022888184,-4.7789998054504395
264,-0.640999972820282,-5.079999923706055,-2.5739998817443848
267,-3.3320000171661377,-6.0279998779296875,-2.703000068664551
270,-4.59499979019165,-9.62600040435791,-5.080999851226807
273,-3.121000051498413,-8.875,-7.2729997634887695
276,-0.5479999780654907,12.53600025177002,-7.228000164031982
279,0.5370000004768372,-8.769000053405762,-4.938000202178955
282,-0.3930000066757202,12.562000274658203,-2.6500000953674316
285,-3.0880000591278076,-8.861000061035156,-2.763000011444092
288,3.234999895095825,-4.98199987411499,-4.804999828338623
291,4.242000102996826,-5.98799991607666,-7.098999977111816
294,6.828999996185303,-5.070000171661377,-7.8520002365112305
297,7.9070000648498535,-5.671000003814697,-5.132999897003174
300,7.1539998054504395,-4.855000019073486,-2.5239999294281006
303,4.574999809265137,-6.159999847412109,-2.6589999198913574
306,3.1579999923706055,12.729999542236328,-5.135000228881836
309,4.581999778747559,-8.746000289916992,-7.355999946594238
312,7.488999843597412,-9.538000106811523,-7.308000087738037
315,8.63700008392334,-8.45300006866455,-5.0229997634887695
318,7.425000190734863,-9.47700023651123,-2.9130001068115234
321,4.689000129699707,-8.869999885559082,-2.933000087738037
324,11.472999572753906,-5.025000095367432,13.199999809265137
327,-10.932000160217285,-5.796999931335449,-11.597000122070313
330,11.223999977111816,-5.065999984741211,-9.361000061035156
333,11.425000190734863,12.612000465393066,13.196000099182129
336,12.751999855041504,-8.638999938964844,-11.623000144958496
339,11.11400032043457,12.553000450134277,-9.751999855041504
342,-8.20199966430664,-4.945000171661377,-11.675000190734863
345,-6.978000164031982,-5.861000061035156,13.225000381469727
348,-4.2270002365112305,-4.892000198364258,13.204999923706055
351,-3.3489999771118164,-5.9730000495910645,-11.585000038146973
354,-4.408999919891357,-5.070000171661377,-9.265000343322754
357,-7.300000190734863,-5.775000095367432,-9.159000396728516
360,-8.378000259399414,12.498000144958496,-11.621999740600586
363,-7.318999767303467,-8.86400032043457,13.234000205993652
366,-4.691999912261963,12.682999610900879,13.069000244140625
369,-3.191999912261963,-8.70199966430664,-11.90999984741211
372,-4.383999824523926,12.767999649047852,-9.727999687194824
375,-7.01200008392334,-8.697999954223633,-9.567000389099121
378,-0.6970000267028809,-5.0879998207092285,-11.82699966430664
381,0.6150000095367432,-6.140999794006348,13.204000473022461
384,3.25600004196167,-4.98199987411499,13.02400016784668
387,4.704999923706055,-5.979000091552734,-11.887999534606934
390,3.171999931335449,-5.675000190734863,-9.743000030517578
393,0.5350000262260437,-6.0920000076293945,-9.395000457763672
396,-0.5690000057220459,12.496999740600586,-11.899999618530273
399,0.367000013589859,-8.85099983215332,12.906999588012695
402,3.364000082015991,-9.680999755859375,13.163000106811523
405,4.7230000495910645,-8.729000091552734,-11.821999549865723
408,3.359999895095825,12.765999794006348,-9.678999900817871
411,0.6930000185966492,-8.885000228881836,-9.47700023651123
414,7.35699987411499,-5.03000020980835,-11.833000183105469
417,8.89799976348877,-6.1020002365112305,13.204999923706055
420,8.659000396728516,-6.0,-9.67300033569336
423,7.296999931335449,12.6850004196167,-11.937999725341797
426,8.66100025177002,-8.946000099182129,12.848999977111816
429,8.48799991607666,-8.723999977111816,-9.704000473022461
432,11.378999710083008,2.563999891281128,8.79800033569336
435,12.25,1.8270000219345093,6.382999897003174
438,-8.625,2.4660000801086426,6.488999843597412
441,-7.613999843597412,1.3300000429153442,8.779000282287598
444,-8.515999794006348,2.2360000610351563,11.163000106811523
447,-11.142999649047852,1.0809999704360962,11.031999588012695
450,11.223999977111816,-2.194999933242798,8.560999870300293
453,12.26099967956543,-0.9409999847412109,6.315999984741211
456,-8.88700008392334,-2.1710000038146973,6.36899995803833
459,-7.396999835968018,-1.4889999628067017,8.71399974822998
462,-8.506999969482422,-2.7690000534057617,10.946000099182129
465,12.491999626159668,-1.63100004196167,11.010000228881836
468,-5.105000019073486,2.5759999752044678,8.5
471,-3.299999952316284,1.5609999895095825,6.8379998207092285
474,-0.4970000088214874,2.447000026702881,6.6529998779296875
477,0.6480000019073486,1.184000015258789,8.873000144958496
480,-0.4350000023841858,2.4509999752044678,11.003999710083008
483,-3.111999988555908,1.5529999732971191,10.737000465393066
486,-4.671000003814697,-2.3570001125335693,8.527999877929688
489,-3.1710000038146973,-1.1990000009536743,6.513000011444092
492,-0.4869999885559082,-2.0160000324249268,6.400000095367432
495,0.8870000243186951,-1.6100000143051147,8.782999992370605
498,-0.5130000114440918,-2.375,10.928999900817871
501,-3.055999994277954,-1.2319999933242798,10.704000473022461
504,3.437999963760376,2.2799999713897705,9.043000221252441
507,4.835000038146973,1.684999942779541,6.808000087738037
510,7.5269999504089355,2.5940001010894775,6.622000217437744
513,8.786999702453613,1.36899995803833,8.845999717712402
516,7.539999961853027,2.3550000190734863,10.970999717712402
519,4.993000030517578,1.065999984741211,10.967000007629395
522,3.450000047683716,-2.6429998874664307,8.470999717712402
525,4.743000030517578,-1.1540000438690186,6.433000087738037
528,7.394000053405762,-2.315000057220459,6.369999885559082
531,8.567999839782715,-1.4229999780654907,8.772000312805176
534,7.35699987411499,-2.371000051498413,10.96500015258789
537,4.644000053405762,-1.7269999980926514,10.881999969482422
540,11.149999618530273,2.3320000171661377,-0.2800000011920929
543,12.125,1.503999948501587,2.1050000190734863
546,10.682000160217285,2.5239999294281006,4.120999813079834
549,11.300000190734863,-2.2260000705718994,-0.24400000274181366
552,12.480999946594238,-1.2309999465942383,2.194000005722046
555,10.918999671936035,-2.1589999198913574,4.293000221252441
558,-8.244999885559082,2.388000011444092,2.058000087738037
561,-6.978000164031982,1.4140000343322754,-0.36899998784065247
564,-4.369999885559082,2.555000066757202,-0.18199999630451202
567,-3.1510000228881836,1.4950000047683716,1.9859999418258667
570,-4.369999885559082,2.187000036239624,4.313000202178955
573,-7.165999889373779,1.4730000495910645,4.328999996185303
576,-8.32800006866455,-2.1559998989105225,2.118000030517578
579,-7.497000217437744,-1.3020000457763672,-0.4480000138282776
582,-4.679999828338623,-2.3259999752044678,-0.5049999952316284
585,-3.371000051498413,-1.312000036239624,1.7940000295639038
588,-4.335999965667725,-2.1679999828338623,4.131999969482422
591,-7.073999881744385,-1.3259999752044678,4.3460001945495605
594,-0.5410000085830688,2.4179999828338623,1.8819999694824219
597,0.8970000147819519,1.3630000352859497,-0.2529999911785126
600,3.5759999752044678,2.3289999961853027,-0.492000013589859
603,4.506999969482422,1.437000036239624,1.9179999828338623
606,3.3010001182556152,2.493000030517578,4.315999984741211
609,0.4690000116825104,1.49399995803833,4.170000076293945
612,-0.8560000061988831,-2.4779999256134033,1.8079999685287476
615,0.7139999866485596,-1.4279999732971191,-0.40299999713897705
618,3.382999897003174,-2.134999990463257,-0.671999990940094
621,4.751999855041504,-1.3890000581741333,1.6449999809265137
624,3.3529999256134033,-2.181999921798706,4.046000003814697
627,0.6690000295639038,-1.2990000247955322,3.9040000438690186
630,7.043000221252441,2.674999952316284,1.9140000343322754
633,8.427000045776367,1.6319999694824219,-0.1889999955892563
636,8.02400016784668,1.6660000085830688,4.126999855041504
639,7.49399995803833,-2.4049999713897705,1.6959999799728394
642,8.751999855041504,-1.093000054359436,-0.453000009059906
645,8.336000442504883,-1.2209999561309814,4.050000190734863
648,11.29699993133545,2.3410000801086426,-4.6570000648498535
651,-11.0649995803833,1.468000054359436,-6.9679999351501465
654,-8.461000442504883,2.4539999961853027,-7.177999973297119
657,-7.302999973297119,1.2039999961853027,-4.9029998779296875
660,-8.496000289916992,2.316999912261963,-2.500999927520752
663,-11.104999542236328,1.3869999647140503,-2.378000020980835
666,11.104999542236328,-2.200000047683716,-5.020999908447266
669,12.34000015258789,-1.312000036239624,-7.197000026702881
672,-8.63599967956543,-2.2190001010894775,-7.25
675,-7.360000133514404,-1.534999966621399,-4.934999942779541
678,-8.555999755859375,-2.428999900817871,-2.7090001106262207
681,12.536999702453613,-1.3990000486373901,-2.7809998989105225
684,-4.677999973297119,2.374000072479248,-4.663000106811523
687,-3.441999912261963,1.5870000123977661,-7.230000019073486
690,-0.6919999718666077,2.140000104904175,-7.22599983215332
693,0.29600000381469727,1.378000020980835,-4.914000034332275
696,-0.3529999852180481,2.484999895095825,-2.569000005722046
699,-2.8980000019073486,1.3660000562667847,-2.328000068664551
702,-4.5980000495910645,-2.2049999237060547,-5.171999931335449
705,-3.38100004196167,-1.2630000114440918,-7.343999862670898
708,-0.6620000004768372,-2.239000082015991,-7.224999904632568
711,0.5490000247955322,-1.2719999551773071,-4.8429999351501465
714,-0.7749999761581421,-2.2829999923706055,-2.509000062942505
717,-3.700000047683716,-1.3509999513626099,-2.7909998893737793
720,3.052000045776367,2.4170000553131104,-5.173999786376953
723,4.724999904632568,1.2890000343322754,-6.947999954223633
726,7.163000106811523,2.4779999256134033,-6.978000164031982
729,8.614999771118164,1.440999984741211,-4.60099983215332
732,7.300000190734863,2.818000078201294,-2.50600004196167
735,4.682000160217285,1.5800000429153442,-2.7139999866485596
738,3.2049999237060547,-2.257999897003174,-5.072000026702881
741,4.515999794006348,-1.4589999914169312,-7.296999931335449
744,7.211999893188477,-2.1459999084472656,-7.5329999923706055
747,8.302000045776367,-1.2589999437332153,-5.195000171661377
750,7.2820000648498535,-2.128000020980835,-2.7769999504089355
753,4.6539998054504395,-1.2079999446868896,-2.8440001010894775
756,11.354999542236328,2.427999973297119,13.213000297546387
759,-10.920999526977539,1.6649999618530273,-11.593999862670898
762,11.434000015258789,2.484999895095825,-9.28499984741211
765,11.25100040435791,-2.1649999618530273,13.39900016784668
768,12.569000244140625,-1.0329999923706055,-11.5600004196167
771,11.319999694824219,-2.4230000972747803,-9.387999534606934
774,-8.406999588012695,2.4159998893737793,-11.810999870300293
777,-6.910999774932861,1.4570000171661377,13.329999923706055
780,-4.35099983215332,2.3410000801086426,12.930000305175781
783,-3.430000066757202,0.996999979019165,-11.706999778747559
786,-4.63700008392334,2.257999897003174,-9.630999565124512
789,-7.252999782562256,1.2680000066757202,-9.406999588012695
792,-8.442999839782715,-2.138000011444092,-11.942000389099121
795,-7.36299991607666,-1.253000020980835,12.96500015258789
798,-4.7230000495910645,-2.2769999504089355,12.755000114440918
801,-3.369999885559082,-1.7339999675750732,-12.005000114440918
804,-4.534999847412109,-2.259000062942505,-9.670999526977539
807,-7.192999839782715,-1.5140000581741333,-9.515999794006348
810,-0.8629999756813049,1.9980000257492065,-11.756999969482422
813,0.6060000061988831,1.4630000591278076,13.241999626159668
816,3.3380000591278076,1.9900000095367432,13.04699993133545
819,4.59499979019165,1.6019999980926514,-11.446000099182129
822,3.1549999713897705,2.2880001068115234,-9.305999755859375
825,0.5630000233650208,1.2450000047683716,-9.543000221252441
828,-0.6620000004768372,-2.2160000801086426,-11.850000381469727
831,0.9070000052452087,-1.3309999704360962,13.258000373840332
834,3.38700008392334,-2.2109999656677246,13.289999961853027
837,4.734000205993652,-1.340000033378601,-11.557999610900879
840,3.125,-2.8610000610351563,-9.696999549865723
843,0.746999979019165,-1.475000023841858,-9.454999923706055
846,7.340000152587891,2.484999895095825,-11.437999725341797
849,8.765000343322754,1.50600004196167,13.496999740600586
852,8.781000137329102,1.6139999628067017,-9.22599983215332
855,7.372000217437744,-2.2990000247955322,-11.4350004196167
858,8.42300033569336,-1.2649999856948853,13.34000015258789
861,8.727999687194824,-1.152999997138977,-9.461999893188477
864,10.819000244140625,10.10200023651123,8.520000457763672
867,12.28499984741211,8.916999816894531,6.297999858856201
870,-8.765999794006348,9.694999694824219,6.145999908447266
873,-7.497000217437744,8.88700008392334,8.449000358581543
876,-8.211999893188477,9.746999740600586,11.079000473022461
879,-10.954999923706055,8.993000030517578,10.897000312805176
882,11.227999687194824,5.27400016784668,8.527000427246094
885,12.345999717712402,6.0329999923706055,6.073999881744385
888,-8.59000015258789,5.230000019073486,6.035999774932861
891,-7.173999786376953,6.171000003814697,8.468999862670898
894,-8.520000457763672,5.026000022888184,10.616000175476074
897,12.565999984741211,6.210000038146973,10.902000427246094
900,-4.936999797821045,10.071000099182129,8.472000122070313
903,-3.3350000381469727,9.055999755859375,6.493000030517578
906,-0.7419999837875366,9.842000007629395,6.39900016784668
909,0.5630000233650208,8.907999992370605,8.732999801635742
912,-0.8519999980926514,9.928999900817871,10.85099983215332
915,-3.625,8.918000221252441,11.057999610900879
918,-4.551000118255615,5.316999912261963,8.541999816894531
921,-3.196000099182129,6.250999927520752,6.385000228881836
924,-0.5270000100135803,5.136000156402588,6.234000205993652
927,1.055999994277954,6.210000038146973,8.420999526977539
930,0.039000000804662704,5.1529998779296875,10.654000282287598
933,-2.446000099182129,6.151000022888184,10.85200023651123
936,3.2049999237060547,9.684000015258789,8.675999641418457
939,4.434000015258789,8.699999809265137,6.474999904632568
942,7.072999954223633,9.777000427246094,6.380000114440918
945,8.256999969482422,8.855999946594238,8.666000366210938
948,7.014999866485596,9.982999801635742,10.935999870300293
951,4.583000183105469,8.652000427246094,10.940999984741211
954,3.515000104904175,4.955999851226807,8.312999725341797
957,4.571000099182129,5.97599983215332,6.059000015258789
960,7.361999988555908,5.414000034332275,6.257999897003174
963,8.73900032043457,6.210000038146973,8.602999687194824
966,7.432000160217285,5.130000114440918,10.772000312805176
969,4.785999774932861,5.959000110626221,10.616999626159668
972,10.854000091552734,10.338000297546387,-0.7120000123977661
975,-11.206000328063965,9.156999588012695,1.6950000524520874
978,10.982999801635742,10.168999671936035,3.994999885559082
981,10.887999534606934,5.059999942779541,-0.4449999928474426
984,12.390999794006348,6.440999984741211,1.569000005722046
987,11.085000038146973,5.348999977111816,3.7269999980926514
990,-8.532999992370605,10.017999649047852,1.812000036239624
993,-7.257999897003174,8.842000007629395,-0.41200000047683716
996,-4.5879998207092285,9.857000350952148,-0.5490000247955322
999,-3.203000068664551,8.66100025177002,1.7719999551773071
1002,-4.551000118255615,9.75100040435791,4.001999855041504
1005,-7.1579999923706055,8.842000007629395,3.943000078201294
1008,-8.689000129699707,5.163000106811523,1.6729999780654907
1011,-7.369999885559082,5.945000171661377,-0.4690000116825104
1014,-4.6620001792907715,5.2870001792907715,-0.7319999933242798
1017,-3.431999921798706,5.864999771118164,1.593999981880188
1020,-4.333000183105469,5.015999794006348,4.159999847412109
1023,-7.025000095367432,6.02400016784668,3.8350000381469727
1026,-0.6340000033378601,9.694000244140625,1.8350000381469727
1029,0.6949999928474426,9.043999671936035,-0.460999995470047
1032,3.302000045776367,9.881999969482422,-0.5870000123977661
1035,4.257999897003174,9.0649995803833,1.7680000066757202
1038,3.306999921798706,9.798999786376953,4.168000221252441
1041,0.6779999732971191,8.920999526977539,4.184999942779541
1044,-0.625,5.171999931335449,1.878999948501587
1047,1.128999948501587,6.057000160217285,-0.20399999618530273
1050,3.7139999866485596,4.995999813079834,-0.8550000190734863
1053,4.313000202178955,6.322000026702881,1.430999994277954
1056,3.431999921798706,5.192999839782715,3.674999952316284
1059,0.906000018119812,6.071000099182129,4.144000053405762
1062,6.861999988555908,10.145000457763672,1.6749999523162842
1065,8.342000007629395,9.020999908447266,-0.6769999861717224
1068,8.340999603271484,9.168000221252441,4.098999977111816
1071,7.039999961853027,5.389999866485596,1.7510000467300415
1074,8.3149995803833,6.258999824523926,-0.5180000066757202
1077,8.543000221252441,6.263999938964844,3.9639999866485596
1080,11.493000030517578,9.951000213623047,-4.923999786376953
1083,-11.208000183105469,8.784000396728516,-7.244999885559082
1086,-8.61400032043457,10.081999778747559,-7.39300012588501
1089,-7.682000160217285,9.151000022888184,-4.908999919891357
1092,-8.572999954223633,9.88599967956543,-2.5339999198913574
1095,-11.265999794006348,8.892999649047852,-2.6730000972747803
1098,11.491000175476074,5.091000080108643,-4.689000129699707
1101,-10.869000434875488,5.8379998207092285,-7.064000129699707
1104,-8.079000473022461,5.2789998054504395,-7.431000232696533
1107,-7.303999900817871,6.210999965667725,-4.820000171661377
1110,-8.59000015258789,5.170000076293945,-2.7079999446868896
1113,12.473999977111816,6.139999866485596,-2.368000030517578
1116,-4.994999885559082,10.043999671936035,-4.900000095367432
1119,-3.6419999599456787,8.86299991607666,-7.02400016784668
1122,-1.0809999704360962,9.79800033569336,-7.210999965667725
1125,0.5590000152587891,8.937000274658203,-5.322999954223633
1128,-0.41200000047683716,9.809000015258789,-2.9600000381469727
1131,-3.5,9.095999717712402,-2.7699999809265137
1134,-4.706999778747559,5.201000213623047,-5.166999816894531
1137,-3.181999921798706,5.894000053405762,-7.4070000648498535
1140,-0.5090000033378601,4.820000171661377,-7.442999839782715
1143,0.621999979019165,6.124000072479248,-5.335000038146973
1146,-0.8799999952316284,5.267000198364258,-3.115999937057495
1149,-3.3499999046325684,6.258999824523926,-2.872999906539917
1152,2.9839999675750732,9.944000244140625,-4.988999843597412
1155,4.526000022888184,9.303999900817871,-7.124000072479248
1158,7.298999786376953,10.08899974822998,-7.142000198364258
1161,8.743000030517578,9.232000350952148,-4.853000164031982
1164,7.131999969482422,10.229000091552734,-2.947999954223633
1167,4.590000152587891,8.911999702453613,-2.872999906539917
1170,3.2130000591278076,5.22599983215332,-5.619999885559082
1173,4.590000152587891,6.486999988555908,-7.611000061035156
1176,7.205999851226807,5.302999973297119,-7.257999897003174
1179,8.711999893188477,6.369999885559082,-4.986999988555908
1182,7.164000034332275,5.553999900817871,-3.003000020980835
1185,4.426000118255615,6.133999824523926,-3.2730000019073486
1188,11.465999603271484,9.723999977111816,13.378999710083008
1191,-11.053000450134277,8.973999977111816,-11.529000282287598
1194,10.979000091552734,9.765999794006348,-9.479000091552734
1197,11.284000396728516,5.334000110626221,13.065999984741211
1200,12.442999839782715,6.302000045776367,-11.878999710083008
1203,11.38700008392334,5.203000068664551,-9.621000289916992
1206,-8.387999534606934,9.805000305175781,-11.618000030517578
1209,-7.041999816894531,8.847999572753906,13.3100004196167
1212,-4.364999771118164,9.868000030517578,13.451000213623047
1215,-3.259000062942505,8.440999984741211,-11.670999526977539
1218,-4.275000095367432,9.92300033569336,-9.42199993133545
1221,-7.004000186920166,9.036999702453613,-9.373000144958496
1224,-8.178999900817871,5.2179999351501465,-12.00100040435791
1227,-6.883999824523926,6.130000114440918,13.027999877929688
1230,-4.2210001945495605,5.116000175476074,12.59000015258789
1233,-3.069000005722046,5.699999809265137,-12.13599967956543
1236,-4.341000080108643,4.986000061035156,-9.954000473022461
1239,-6.8420000076293945,6.255000114440918,-9.713000297546387
1242,-0.6389999985694885,9.668999671936035,-11.880000114440918
1245,0.6100000143051147,8.753000259399414,13.03499984741211
1248,3.196000099182129,9.83899974822998,13.166999816894531
1251,4.389999866485596,8.822999954223633,-11.690999984741211
1254,3.1389999389648438,9.928000450134277,-9.515999794006348
1257,0.460999995470047,8.76099967956543,-9.524999618530273
1260,-0.3959999978542328,4.811999797821045,-12.14900016784668
1263,1.284999966621399,5.927000045776367,13.0600004196167
1266,3.747999906539917,4.754000186920166,12.942999839782715
1269,4.565000057220459,5.921999931335449,-11.866000175476074
1272,3.1070001125335693,5.052000045776367,-9.73900032043457
1275,0.5199999809265137,5.919000148773193,-9.765000343322754
1278,7.111999988555908,9.946000099182129,-11.588000297546387
1281,8.368000030517578,9.109000205993652,13.322999954223633
1284,8.406000137329102,8.881999969482422,-9.446000099182129
1287,7.127999782562256,5.298999786376953,-11.916999816894531
1290,8.512999534606934,6.21999979019165,13.086000442504883
1293,8.642000198364258,6.122000217437744,-9.53600025177002
