0,-0.2199999988079071,-7.581999778747559,-1.0420000553131104
3,10.119999885559082,-7.810999870300293,10.07699966430664
6,-7.552999973297119,-1.156999945640564,-10.262999534606934
9,-2.4100000858306885,9.473999977111816,9.26200008392334
12,-3.191999912261963,11.765000343322754,-6.770999908447266
15,-1.5219999551773071,-0.3100000023841858,-1.1390000581741333
18,10.5649995803833,7.461999893188477,11.902000427246094
21,6.545000076293945,3.4790000915527344,-10.736000061035156
24,10.352999687194824,9.696999549865723,13.704999923706055
27,8.678999900817871,-7.089000225067139,-5.105000019073486
30,-10.734000205993652,1.621999979019165,13.817999839782715
33,10.385000228881836,-8.951000213623047,7.045000076293945
36,-4.415999889373779,-8.430000305175781,8.321000099182129
39,-9.623000144958496,11.814000129699707,11.694999694824219
42,4.190000057220459,-2.4779999256134033,4.5229997634887695
45,-5.539000034332275,12.130000114440918,10.675000190734863
48,2.0350000858306885,10.88700008392334,13.725000381469727
51,-9.11400032043457,-9.565999984741211,-13.029000282287598
54,-0.9520000219345093,0.34599998593330383,5.308000087738037
57,-2.121000051498413,6.7769999504089355,10.232999801635742
60,-5.36899995803833,10.439000129699707,5.863999843597412
63,-9.237000465393066,-0.75,4.51200008392334
66,2.9070000648498535,-7.685999870300293,10.083999633789063
69,-2.7160000801086426,-7.611999988555908,11.814000129699707
72,7.90500020980835,-6.864999771118164,11.168000221252441
75,-6.992000102996826,-2.2009999752044678,5.419000148773193
78,-7.315000057220459,-2.490999937057495,-3.634000062942505
81,-4.060999870300293,1.406999945640564,1.4769999980926514
84,3.572000026702881,-8.50100040435791,5.769999980926514
87,-2.7070000171661377,8.704999923706055,13.244999885559082
90,11.612000465393066,4.38100004196167,-4.698999881744385
93,-10.553000450134277,8.857999801635742,11.362000465393066
96,4.050000190734863,11.62600040435791,1.7350000143051147
99,6.076000213623047,-9.201000213623047,1.0609999895095825
102,9.40999984741211,5.968999862670898,-7.2179999351501465
105,-7.995999813079834,-4.10099983215332,8.8149995803833
108,-7.48199987411499,4.710999965667725,11.255999565124512
111,11.222000122070313,4.270999908447266,2.072999954223633
114,5.140999794006348,-4.40500020980835,7.091000080108643
117,5.724999904632568,0.671999990940094,-11.23799991607666
120,-7.293000221252441,-4.150000095367432,3.424999952316284
123,8.848999977111816,2.565000057220459,7.063000202178955
126,-6.043000221252441,8.888999938964844,-0.746999979019165
129,6.422999858856201,4.809999942779541,-0.20800000429153442
132,0.4350000023841858,-6.368000030517578,12.199999809265137
135,-8.312000274658203,-9.005999565124512,0.9570000171661377
138,-0.9380000233650208,7.502999782562256,-0.1679999977350235
141,-5.784999847412109,-3.884999990463257,7.326000213623047
144,5.232999801635742,10.065999984741211,4.526000022888184
147,-6.872000217437744,1.8580000400543213,4.7170000076293945
150,-3.572999954223633,10.895999908447266,-9.52299976348877
153,11.574999809265137,1.3229999542236328,5.254000186920166
156,-8.322999954223633,7.239999771118164,-2.2820000648498535
159,4.506999969482422,-6.2270002365112305,0.875
162,-8.4399995803833,4.552000045776367,-0.6620000004768372
165,-1.7300000190734863,10.715999603271484,-2.9119999408721924
168,-1.3450000286102295,-0.4909999966621399,-8.487000465393066
171,8.67199993133545,-4.209000110626221,10.756999969482422
174,-6.556000232696533,5.691999912261963,6.995999813079834
177,10.038000106811523,5.771999835968018,4.96999979019165
180,8.972999572753906,3.313999891281128,-0.46799999475479126
183,10.300999641418457,10.541999816894531,-3.8369998931884766
186,5.309000015258789,-4.218999862670898,-7.295000076293945
189,-2.4719998836517334,-2.0950000286102295,8.26099967956543
192,0.13600000739097595,-1.8830000162124634,0.8980000019073486
195,-2.944000005722046,11.63700008392334,7.4070000648498535
198,-1.9509999752044678,8.741000175476074,3.372999906539917
201,0.6499999761581421,-7.692999839782715,5.913000106811523
204,0.7590000033378601,-9.031000137329102,11.416999816894531
207,-0.8389999866485596,10.407999992370605,6.4720001220703125
210,7.564000129699707,-2.6419999599456787,1.027999997138977
213,8.272000312805176,0.08799999952316284,-10.739999771118164
216,3.684000015258789,12.581000328063965,8.357999801635742
219,-0.4959999918937683,4.5229997634887695,-0.6930000185966492
222,-4.228000164031982,-2.680000066757202,0.40299999713897705
225,2.8289999961853027,-5.88100004196167,-3.7669999599456787
228,6.646999835968018,-6.146999835968018,5.304999828338623
231,7.769999980926514,5.560999870300293,8.366000175476074
234,11.418999671936035,-6.452000141143799,7.598999977111816
237,9.152999877929688,5.809999942779541,-4.26800012588501
240,-8.019000053405762,7.35699987411499,2.0880000591278076
243,-3.2829999923706055,-7.921000003814697,-0.5860000252723694
246,7.159999847412109,8.22599983215332,5.2210001945495605
249,11.017999649047852,-3.5910000801086426,-2.575000047683716
252,6.997000217437744,-1.9839999675750732,-6.311999797821045
255,-9.880999565124512,-3.8940000534057617,-2.630000114440918
258,-5.0920000076293945,-7.261000156402588,-6.276000022888184
261,-4.815999984741211,-0.8479999899864197,-7.757999897003174
264,-0.061000000685453415,-7.140999794006348,2.2179999351501465
267,-10.940999984741211,-3.0350000858306885,-7.785999774932861
270,6.372000217437744,9.107999801635742,-4.107999801635742
273,12.64900016784668,9.458000183105469,-8.50100040435791
276,-7.488999843597412,10.256999969482422,10.541999816894531
279,-3.2750000953674316,-4.192999839782715,11.206999778747559
282,-10.409000396728516,-6.921000003814697,-12.460000038146973
285,9.319999694824219,12.795999526977539,12.35200023651123
288,-1.7300000190734863,5.202000141143799,7.110000133514404
291,1.930999994277954,7.547999858856201,-0.8690000176429749
294,6.811999797821045,-9.236000061035156,-5.357999801635742
297,11.84000015258789,-4.60699987411499,0.6809999942779541
300,11.463000297546387,-8.741000175476074,1.8029999732971191
303,-4.736000061035156,-0.19300000369548798,-4.797999858856201
306,6.074999809265137,10.71399974822998,-0.7049999833106995
309,7.40500020980835,-1.8179999589920044,12.121999740600586
312,10.567999839782715,-8.699000358581543,-1.3910000324249268
315,-6.745999813079834,6.25600004196167,-4.433000087738037
318,0.6570000052452087,8.826000213623047,4.3979997634887695
321,1.8830000162124634,-1.3580000400543213,13.574000358581543
324,4.8470001220703125,-5.84499979019165,-11.822999954223633
327,8.928999900817871,11.494999885559082,9.765000343322754
330,8.979999542236328,12.491999626159668,-8.739999771118164
333,2.7769999504089355,-9.069000244140625,-12.982000350952148
336,9.468999862670898,10.9350004196167,-6.672999858856201
339,-8.876999855041504,10.998000144958496,-0.9620000123977661
342,-1.0839999914169312,12.053999900817871,-9.52299976348877
345,1.1679999828338623,-1.3270000219345093,6.665999889373779
348,-7.093999862670898,-4.783999919891357,-5.138000011444092
351,-5.357999801635742,-3.1630001068115234,-6.816999912261963
354,3.944000005722046,3.822000026702881,-9.550999641418457
357,11.795000076293945,6.933000087738037,-6.061999797821045
360,-6.054999828338623,-5.6479997634887695,12.361000061035156
363,11.77400016784668,11.347999572753906,8.086999893188477
366,-1.1059999465942383,11.07699966430664,11.678999900817871
369,-5.499000072479248,-8.24899959564209,12.862000465393066
372,3.6630001068115234,-4.285999774932861,12.118000030517578
375,-9.031000137329102,8.657999992370605,8.805999755859375
378,5.702000141143799,10.253000259399414,-12.074000358581543
381,9.46500015258789,9.4350004196167,-9.595999717712402
384,-6.348999977111816,-8.444000244140625,-10.392999649047852
387,-5.185999870300293,-5.861999988555908,9.274999618530273
390,-4.041999816894531,10.104999542236328,-12.074000358581543
393,-0.6159999966621399,10.27299976348877,-12.236000061035156
396,6.835000038146973,12.059000015258789,11.656999588012695
399,-6.906000137329102,-8.07800006866455,-1.3259999752044678
402,11.37600040435791,11.574999809265137,11.15999984741211
405,9.48799991607666,-9.161999702453613,-3.868000030517578
408,-2.0769999027252197,9.855999946594238,0.9120000004768372
411,-7.515999794006348,-6.7270002365112305,2.2679998874664307
414,7.23199987411499,9.4399995803833,12.96500015258789
417,7.060999870300293,0.640999972820282,10.774999618530273
420,11.666000366210938,1.8530000448226929,-2.078000068664551
423,-6.947000026702881,-5.823999881744385,-8.857999801635742
426,1.2139999866485596,0.41999998688697815,2.378000020980835
429,3.065999984741211,8.718000411987305,-9.031999588012695
432,8.465999603271484,-5.814000129699707,-10.62399959564209
435,-10.890000343322754,-2.13700008392334,9.829000473022461
438,-0.10300000011920929,4.97599983215332,4.175000190734863
441,-2.4679999351501465,-2.877000093460083,-9.206000328063965
444,-6.63700008392334,6.958000183105469,9.913999557495117
447,6.85699987411499,2.447000026702881,-6.89900016784668
450,2.2739999294281006,5.896999835968018,-9.628000259399414
453,-1.6890000104904175,-4.650000095367432,-11.125
456,-9.543000221252441,12.692999839782715,9.027000427246094
459,-7.767000198364258,-6.245999813079834,-11.66100025177002
462,-3.375999927520752,-0.47600001096725464,11.02299976348877
465,-8.583000183105469,-2.5320000648498535,0.21400000154972076
468,-8.581999778747559,4.3470001220703125,5.748000144958496
471,2.822000026702881,6.058000087738037,7.767000198364258
474,-1.5839999914169312,-6.039999961853027,9.315999984741211
477,-5.420000076293945,7.7220001220703125,5.389999866485596
480,-1.5880000591278076,1.5260000228881836,10.815999984741211
483,0.4699999988079071,6.99399995803833,-11.579000473022461
486,-2.2269999980926514,-1.0230000019073486,13.722000122070313
489,-7.418000221252441,3.062999963760376,8.954000473022461
492,2.315999984741211,0.17299999296665192,9.020000457763672
495,-0.5789999961853027,3.3559999465942383,-12.383000373840332
498,11.312999725341797,-2.5239999294281006,7.111999988555908
501,-10.76099967956543,10.079000473022461,-2.8340001106262207
504,1.7760000228881836,2.3420000076293945,4.249000072479248
507,1.0329999923706055,4.089000225067139,6.790999889373779
510,-5.047999858856201,1.590000033378601,11.369000434875488
513,4.427999973297119,-6.460000038146973,3.6589999198913574
516,3.4049999713897705,0.7609999775886536,14.210000038146973
519,-8.003000259399414,1.906000018119812,13.133000373840332
522,0.5289999842643738,-2.749000072479248,3.9539999961853027
525,-2.365000009536743,6.855000019073486,-7.390999794006348
528,1.687000036239624,-5.860000133514404,-0.5130000114440918
531,-7.056000232696533,10.211999893188477,1.555999994277954
534,-8.336999893188477,-4.190999984741211,11.673999786376953
537,-6.5229997634887695,0.3630000054836273,6.760000228881836
540,1.371000051498413,2.9100000858306885,-3.381999969482422
543,6.144999980926514,8.559000015258789,0.5370000004768372
546,-10.593000411987305,-7.01200008392334,2.9140000343322754
549,7.422999858856201,5.355000019073486,5.436999797821045
552,4.909999847412109,-5.360000133514404,-1.871000051498413
555,10.428999900817871,0.46299999952316284,13.22700023651123
558,8.956999778747559,10.60200023651123,0.5730000138282776
561,-11.034000396728516,-6.51800012588501,-2.1659998893737793
564,4.921000003814697,-2.9700000286102295,-0.28600001335144043
567,5.599999904632568,-2.3940000534057617,-11.079000473022461
570,12.085000038146973,0.421999990940094,7.843999862670898
573,-7.922999858856201,0.07199999690055847,0.07199999690055847
576,-4.550000190734863,6.355999946594238,-2.865000009536743
579,0.6290000081062317,9.425999641418457,-2.5420000553131104
582,-4.7129998207092285,-4.708000183105469,2.742000102996826
585,-3.436000108718872,-0.9610000252723694,2.428999900817871
588,4.474999904632568,5.083000183105469,5.978000164031982
591,11.659000396728516,8.42300033569336,-11.456999778747559
594,-10.715999603271484,6.90500020980835,-9.61400032043457
597,-11.225000381469727,3.98799991607666,-0.39800000190734863
600,-2.996999979019165,-2.4800000190734863,-2.302999973297119
603,-3.8970000743865967,-5.388999938964844,-8.906999588012695
606,5.375,-1.5449999570846558,7.0960001945495605
609,-1.5110000371932983,3.513000011444092,-5.951000213623047
612,-2.739000082015991,6.093999862670898,4.811999797821045
615,9.89900016784668,-6.375,0.23999999463558197
618,2.132999897003174,4.560999870300293,0.3019999861717224
621,11.847000122070313,-1.7400000095367432,12.982000350952148
624,-9.836999893188477,-3.865999937057495,2.384999990463257
627,-3.680999994277954,4.705999851226807,-8.47599983215332
630,10.055000305175781,4.265999794006348,8.967000007629395
633,3.052000045776367,-0.03099999949336052,0.6209999918937683
636,3.191999912261963,4.6479997634887695,3.246000051498413
639,9.458000183105469,-7.184000015258789,-8.055999755859375
642,8.916000366210938,0.984000027179718,4.7779998779296875
645,6.306000232696533,12.276000022888184,9.041000366210938
648,-1.9919999837875366,-2.246999979019165,4.446000099182129
651,2.875999927520752,11.682999610900879,-0.7570000290870667
654,-4.836999893188477,7.735000133514404,-10.958000183105469
657,7.150000095367432,-0.9470000267028809,3.3550000190734863
660,-6.116000175476074,-0.10499999672174454,3.069999933242798
663,-10.468000411987305,5.739999771118164,-2.755000114440918
666,-8.633999824523926,11.78600025177002,3.0450000762939453
669,7.875,9.135000228881836,2.6730000972747803
672,1.5429999828338623,2.0460000038146973,-8.777000427246094
675,11.427000045776367,-1.3769999742507935,1.7170000076293945
678,7.906000137329102,11.61400032043457,3.7139999866485596
681,-0.0989999994635582,-3.3269999027252197,-2.6679999828338623
684,-9.491000175476074,9.618000030517578,14.170000076293945
687,11.371999740600586,2.183000087738037,-6.830999851226807
690,-8.147000312805176,3.2009999752044678,-3.0820000171661377
693,7.031000137329102,-5.561999797821045,0.921999990940094
696,-6.317999839782715,11.343999862670898,-2.2160000801086426
699,1.0360000133514404,9.241999626159668,-7.173999786376953
702,9.840999603271484,-2.25,-0.30399999022483826
705,-5.702000141143799,-6.61299991607666,-3.6589999198913574
708,10.463000297546387,1.1339999437332153,-4.447999954223633
711,7.10099983215332,-2.8919999599456787,-3.4860000610351563
714,2.8949999809265137,-8.694999694824219,-6.6479997634887695
717,-4.008999824523926,-3.9719998836517334,5.348999977111816
720,4.798999786376953,-7.48199987411499,-4.795000076293945
723,3.697999954223633,1.5859999656677246,-2.740999937057495
726,6.735000133514404,11.86400032043457,-10.130999565124512
729,8.342000007629395,-2.808000087738037,-10.552000045776367
732,4.300000190734863,2.513000011444092,0.007000000216066837
735,6.646999835968018,5.084000110626221,-3.0280001163482666
738,3.994999885559082,0.4350000023841858,6.203999996185303
741,-6.291999816894531,1.2740000486373901,-1.9700000286102295
744,2.183000087738037,11.564000129699707,-4.427000045776367
747,10.850000381469727,-3.996000051498413,-12.918999671936035
750,1.437999963760376,-0.48899999260902405,-9.675000190734863
753,-8.20199966430664,-7.395999908447266,9.519000053405762
756,11.034000396728516,-5.14900016784668,-7.304999828338623
759,-9.699000358581543,1.4550000429153442,-7.011000156402588
762,-5.9120001792907715,3.8380000591278076,-5.453000068664551
765,-6.61299991607666,12.293000221252441,7.785999774932861
768,6.617000102996826,8.972000122070313,-9.164999961853027
771,0.4699999988079071,5.743000030517578,-7.375
774,-6.500999927520752,-1.2339999675750732,9.227999687194824
777,5.2270002365112305,0.1379999965429306,-7.0329999923706055
780,-5.984000205993652,5.718999862670898,2.8889999389648438
783,-0.10599999874830246,-8.557000160217285,-7.678999900817871
786,-3.6670000553131104,11.913999557495117,-1.0490000247955322
789,11.166000366210938,11.359999656677246,-10.661999702453613
792,-4.666999816894531,6.28000020980835,11.545000076293945
795,0.13500000536441803,3.1989998817443848,12.095000267028809
798,9.241000175476074,-7.241000175476074,-13.154999732971191
801,-3.2239999771118164,-5.913000106811523,-2.384000062942505
804,-6.551000118255615,-4.4629998207092285,-0.2460000067949295
807,-7.6579999923706055,-0.9520000219345093,-6.941999912261963
810,-6.5320000648498535,3.499000072479248,-11.909000396728516
813,-1.2050000429153442,-3.5999999046325684,12.876999855041504
816,9.031999588012695,-0.9850000143051147,-3.3350000381469727
819,6.296000003814697,-7.343999862670898,9.128999710083008
822,4.211999893188477,-0.4259999990463257,10.8149995803833
825,-7.0289998054504395,6.085999965667725,-11.00100040435791
828,1.5989999771118164,-5.849999904632568,-7.815000057220459
831,3.3889999389648438,8.321000099182129,1.3350000381469727
834,-0.9679999947547913,-5.705999851226807,4.581999778747559
837,2.2690000534057617,-8.456000328063965,1.1519999504089355
840,4.019000053405762,-8.281999588012695,-1.6649999618530273
843,-0.16300000250339508,-1.2079999446868896,9.626999855041504
846,0.3230000138282776,12.388999938964844,4.203000068664551
849,1.656999945640564,-8.232000350952148,-3.2339999675750732
852,2.8429999351501465,-3.1459999084472656,-6.857999801635742
855,0.4169999957084656,1.6610000133514404,7.461999893188477
858,6.0370001792907715,7.086999893188477,9.680000305175781
861,-5.11299991607666,-3.8499999046325684,-2.763000011444092
864,8.640999794006348,8.543999671936035,-2.7799999713897705
867,-10.62399959564209,1.2050000429153442,0.1550000011920929
870,4.605999946594238,-8.744999885559082,12.381999969482422
873,-0.20999999344348907,4.244999885559082,-9.722000122070313
876,-4.368000030517578,2.7160000801086426,8.998000144958496
879,-0.5789999961853027,-6.03000020980835,-3.187000036239624
882,12.208999633789063,0.9139999747276306,10.597999572753906
885,3.943000078201294,2.26200008392334,8.531000137329102
888,-2.2869999408721924,-6.447000026702881,-6.9039998054504395
891,11.152000427246094,7.00600004196167,9.256999969482422
894,-5.015999794006348,8.913000106811523,8.892999649047852
897,-5.291999816894531,-2.2290000915527344,-12.32800006866455
900,-1.3949999809265137,2.9070000648498535,1.4220000505447388
903,7.14300012588501,9.053999900817871,7.869999885559082
906,-3.634999990463257,1.4490000009536743,-1.1720000505447388
909,-9.4399995803833,8.180000305175781,4.355999946594238
912,4.328999996185303,-5.3470001220703125,9.774999618530273
915,0.2750000059604645,8.817000389099121,9.192000389099121
918,-10.277999877929688,4.3520002365112305,-12.16100025177002
921,-2.2699999809265137,2.7179999351501465,4.4629998207092285
924,-1.7130000591278076,-4.431000232696533,6.916999816894531
927,-2.690999984741211,8.916999816894531,-5.747000217437744
930,2.007999897003174,-3.3580000400543213,-9.486000061035156
933,12.02400016784668,11.86400032043457,14.055999755859375
936,2.4779999256134033,-3.5260000228881836,-1.9980000257492065
939,8.093000411987305,2.884999990463257,-4.400000095367432
942,2.98799991607666,-5.881999969482422,6.4730000495910645
945,11.324000358581543,-5.479000091552734,4.697000026702881
948,3.5829999446868896,8.369999885559082,-11.60200023651123
951,4.172999858856201,3.431999921798706,-6.644999980926514
954,-2.068000078201294,1.7999999523162842,-10.843000411987305
957,-4.638999938964844,10.685999870300293,2.944000005722046
960,2.2269999980926514,8.248000144958496,12.812999725341797
963,0.3919999897480011,-6.568999767303467,-12.1850004196167
966,-8.875,-0.597000002861023,10.854000091552734
969,-0.09300000220537186,0.11400000005960464,-11.892999649047852
972,11.5649995803833,1.6820000410079956,2.562999963760376
975,7.940000057220459,-7.96999979019165,7.160999774932861
978,1.190000057220459,-4.066999912261963,7.184000015258789
981,1.49399995803833,0.35100001096725464,-1.590000033378601
984,10.302000045776367,-3.1440000534057617,-5.3420000076293945
987,-11.229999542236328,4.188000202178955,5.311999797821045
990,5.288000106811523,-8.873000144958496,-8.034000396728516
993,-8.67300033569336,5.85099983215332,-8.225000381469727
996,-7.64300012588501,11.607000350952148,5.548999786376953
999,4.919000148773193,-1.0889999866485596,-3.053999900817871
1002,7.026000022888184,4.498000144958496,13.59000015258789
1005,-8.76099967956543,0.890999972820282,7.910999774932861
1008,-5.533999919891357,5.752999782562256,0.0
1011,8.991999626159668,3.4560000896453857,3.749000072479248
1014,-3.440999984741211,4.210999965667725,-4.13700008392334
1017,-0.9620000123977661,4.270999908447266,9.802000045776367
1020,-10.385000228881836,6.1020002365112305,7.695000171661377
1023,10.446999549865723,5.853000164031982,-0.5809999704360962
1026,-0.8500000238418579,12.534000396728516,1.559000015258789
1029,-4.190999984741211,5.335999965667725,7.992000102996826
1032,1.8170000314712524,-1.340000033378601,-3.9170000553131104
1035,0.5410000085830688,7.364999771118164,7.005000114440918
1038,-3.5759999752044678,8.687999725341797,-1.7920000553131104
1041,-3.703000068664551,0.3930000066757202,7.488999843597412
1044,-5.539000034332275,10.645000457763672,-5.547999858856201
1047,-1.972000002861023,-0.1289999932050705,-5.7129998207092285
1050,-5.175000190734863,8.996000289916992,-7.998000144958496
1053,1.4190000295639038,6.77400016784668,2.5480000972747803
1056,-4.932000160217285,3.203000068664551,3.690999984741211
1059,8.677000045776367,-9.197999954223633,1.4140000343322754
1062,4.315000057220459,10.586999893188477,-2.9230000972747803
1065,-1.6419999599456787,2.9200000762939453,-2.6570000648498535
1068,-10.083999633789063,8.928999900817871,-5.749000072479248
1071,0.9340000152587891,-4.789999961853027,9.661999702453613
1074,8.151000022888184,7.098999977111816,-0.621999979019165
1077,9.842000007629395,9.241999626159668,8.517000198364258
1080,8.006999969482422,0.49900001287460327,-1.2510000467300415
1083,9.057000160217285,1.0010000467300415,-8.065999984741211
1086,-2.1019999980926514,7.2129998207092285,-10.531999588012695
1089,-4.2789998054504395,-8.961000442504883,-8.541999816894531
1092,-10.960000038146973,4.15500020980835,10.178000450134277
1095,-8.432000160217285,-3.8289999961853027,-7.296000003814697
1098,8.942000389099121,-6.756999969482422,3.878999948501587
1101,6.9019999504089355,5.0269999504089355,-8.111000061035156
1104,9.25100040435791,2.5799999237060547,-11.12600040435791
1107,12.190999984741211,7.855000019073486,-1.2009999752044678
1110,5.168000221252441,6.570000171661377,-6.414000034332275
1113,10.529000282287598,4.36299991607666,11.637999534606934
1116,-9.91100025177002,10.081000328063965,6.446000099182129
1119,-6.367000102996826,6.440000057220459,-7.103000164031982
1122,-8.961999893188477,-2.128000020980835,13.291000366210938
1125,2.6689999103546143,7.328000068664551,-6.03000020980835
1128,7.072999954223633,8.512999534606934,-6.570000171661377
1131,-5.085000038146973,-4.875999927520752,-11.925000190734863
1134,9.3100004196167,-1.6150000095367432,-7.8520002365112305
1137,-0.6330000162124634,11.043000221252441,-5.96999979019165
1140,-0.8920000195503235,-8.982000350952148,-12.95199966430664
1143,4.382999897003174,-0.8899999856948853,-9.359000205993652
1146,8.696999549865723,2.5880000591278076,12.491999626159668
1149,-3.1089999675750732,1.5210000276565552,-8.076000213623047
1152,3.257999897003174,4.960000038146973,-4.367000102996826
1155,2.5409998893737793,-4.697999954223633,-12.253000259399414
1158,-8.069000244140625,8.11400032043457,12.269000053405762
1161,0.22200000286102295,12.067999839782715,-0.9660000205039978
1164,4.7789998054504395,-1.3650000095367432,2.0969998836517334
1167,10.432000160217285,-9.649999618530273,4.284999847412109
1170,-4.783999919891357,-7.361999988555908,1.590000033378601
1173,-0.8500000238418579,9.262999534606934,-9.210000038146973
1176,3.632999897003174,6.191999912261963,10.97700023651123
1179,4.914000034332275,-1.718000054359436,13.562000274658203
1182,4.269999980926514,6.752999782562256,-2.5320000648498535
1185,-8.621000289916992,-3.3540000915527344,-11.46399974822998
1188,-5.236000061035156,3.7950000762939453,12.89900016784668
1191,12.258999824523926,-2.884999990463257,4.538000106811523
1194,6.486999988555908,-6.959000110626221,13.39799976348877
1197,-11.232000350952148,6.4670000076293945,3.3959999084472656
1200,-3.3499999046325684,-0.7570000290870667,-11.020000457763672
1203,-9.265000343322754,1.7009999752044678,3.2360000610351563
1206,11.883000373840332,-4.76200008392334,9.614999771118164
1209,-3.072999954223633,-6.76200008392334,14.312000274658203
1212,-0.4449999928474426,8.475000381469727,11.946999549865723
1215,2.989000082015991,5.72599983215332,-12.517999649047852
1218,12.029000282287598,11.835000038146973,-0.1720000058412552
1221,6.901000022888184,-5.953999996185303,-8.437999725341797
1224,-1.8730000257492065,-7.89900016784668,-10.364999771118164
1227,8.982999801635742,-1.7680000066757202,-12.99899959564209
1230,-9.536999702453613,3.572000026702881,-9.71399974822998
1233,-0.6430000066757202,-9.373000144958496,-3.9590001106262207
1236,-7.39900016784668,8.961000442504883,-4.920000076293945
1239,-10.954999923706055,-4.64900016784668,-10.659000396728516
1242,11.52400016784668,-7.375,12.357000350952148
1245,-1.3509999513626099,-8.397000312805176,7.63100004196167
1248,2.5959999561309814,10.64900016784668,4.660999774932861
1251,1.0069999694824219,-4.742000102996826,-5.327000141143799
1254,6.8470001220703125,-9.182999610900879,-2.377000093460083
1257,-10.04800033569336,-6.076000213623047,11.128000259399414
1260,2.9070000648498535,3.73799991607666,12.680000305175781
1263,6.806000232696533,4.117000102996826,10.70300006866455
1266,1.6050000190734863,11.059000015258789,7.790999889373779
1269,6.53000020980835,-5.6020002365112305,-4.085999965667725
1272,11.564000129699707,2.5299999713897705,-9.517000198364258
1275,0.6809999942779541,1.909000039100647,-6.071000099182129
1278,7.658999919891357,6.824999809265137,12.170000076293945
1281,-8.086000442504883,5.60099983215332,13.675999641418457
1284,-5.9679999351501465,12.098999977111816,-12.515999794006348
1287,6.675000190734863,2.2300000190734863,8.656000137329102
1290,-5.480999946594238,1.0670000314712524,-10.23900032043457
1293,2.687999963760376,0.1340000033378601,-5.997000217437744
