0,12.057000160217285,-4.627999782562256,10.281999588012695
3,-10.352999687194824,-5.938000202178955,8.161999702453613
6,-7.831999778747559,-4.788000106811523,7.9730000495910645
9,-6.611000061035156,-5.881999969482422,10.16100025177002
12,-7.678999900817871,-5.015999794006348,12.482999801635742
15,-10.390999794006348,-5.764999866485596,12.53600025177002
18,11.673999786376953,-9.576000213623047,10.034000396728516
21,-10.508999824523926,-8.651000022888184,7.916999816894531
24,-7.75600004196167,-9.637999534606934,7.7779998779296875
27,-6.294000148773193,-8.748000144958496,10.217000007629395
30,-7.7829999923706055,-9.501999855041504,12.343000411987305
33,-10.402999877929688,-8.609999656677246,12.234999656677246
36,-4.059000015258789,-4.813000202178955,10.121999740600586
39,-2.3959999084472656,-5.697999954223633,8.104000091552734
42,0.3970000147819519,-4.863999843597412,8.107000350952148
45,1.4980000257492065,-5.8470001220703125,10.427000045776367
48,0.050999999046325684,-4.979000091552734,12.581000328063965
51,-2.686000108718872,-5.658999919891357,12.50100040435791
54,-3.6619999408721924,-9.479999542236328,9.951000213623047
57,-2.424999952316284,-8.467000007629395,7.730000019073486
60,0.14900000393390656,-9.494999885559082,7.953000068664551
63,1.5049999952316284,-8.571999549865723,10.251999855041504
66,0.40700000524520874,-9.53499984741211,12.574999809265137
69,-2.319999933242798,-8.585000038146973,12.267000198364258
72,3.9690001010894775,-4.7129998207092285,10.447999954223633
75,5.290999889373779,-5.868000030517578,8.381999969482422
78,7.85699987411499,-5.181000232696533,8.079999923706055
81,9.37600040435791,-5.664000034332275,10.425999641418457
84,7.808000087738037,-4.776000022888184,12.510000228881836
87,5.190999984741211,-5.716000080108643,12.657999992370605
90,4.131999969482422,12.72599983215332,10.338000297546387
93,5.114999771118164,-8.552000045776367,8.062000274658203
96,7.751999855041504,-9.4350004196167,7.840000152587891
99,9.069000244140625,-8.42199993133545,10.052000045776367
102,7.894000053405762,-9.303999900817871,12.253999710083008
105,5.311999797821045,-8.491000175476074,12.51099967956543
108,11.701000213623047,-4.909999847412109,1.343000054359436
111,-10.496999740600586,-5.776000022888184,3.671999931335449
114,11.866999626159668,-4.831999778747559,5.964000225067139
117,12.050999641418457,12.663999557495117,1.027999997138977
120,-10.253000259399414,-8.559000015258789,3.4149999618530273
123,11.862000465393066,-9.574000358581543,5.517000198364258
126,-7.827000141143799,-4.828000068664551,3.6649999618530273
129,-6.599999904632568,-5.663000106811523,1.3530000448226929
132,-3.802999973297119,-4.895999908447266,1.2669999599456787
135,-2.61899995803833,-6.0229997634887695,3.5179998874664307
138,-3.8399999141693115,-4.881999969482422,5.828000068664551
141,-6.550000190734863,-5.7129998207092285,5.872000217437744
144,-7.724999904632568,-9.517999649047852,3.243000030517578
147,-6.646999835968018,-8.670000076293945,0.9350000023841858
150,-4.117000102996826,12.694000244140625,0.7609999775886536
153,-2.7730000019073486,-8.696000099182129,3.1029999256134033
156,-3.755000114440918,-9.562000274658203,5.560999870300293
159,-6.584000110626221,-8.517999649047852,5.478000164031982
162,-0.07900000363588333,-4.735000133514404,3.2190001010894775
165,1.0499999523162842,-6.008999824523926,1.0880000591278076
168,3.74399995803833,-5.138999938964844,1.4019999504089355
171,5.1579999923706055,-5.895999908447266,3.799999952316284
174,4.1479997634887695,-4.796999931335449,6.0920000076293945
177,1.4930000305175781,-5.8520002365112305,5.742000102996826
180,-0.0430000014603138,-9.621000289916992,3.2739999294281006
183,1.3739999532699585,-8.722000122070313,1.1150000095367432
186,4.173999786376953,-9.470999717712402,1.1720000505447388
189,5.38100004196167,-8.59000015258789,3.5179998874664307
192,3.871000051498413,-9.585000038146973,5.635000228881836
195,1.3049999475479126,-8.600000381469727,5.551000118255615
198,7.857999801635742,-4.831999778747559,3.619999885559082
201,9.189000129699707,-5.868000030517578,1.402999997138977
204,9.081999778747559,-5.90500020980835,5.771999835968018
207,7.941999912261963,-9.63700008392334,3.0139999389648438
210,9.430000305175781,-8.538999557495117,1.0470000505447388
213,9.024999618530273,-8.75100040435791,5.446000099182129
216,11.954999923706055,-4.755000114440918,-3.236999988555908
219,-10.331999778747559,-5.585000038146973,-5.414000034332275
222,-7.656000137329102,-4.919000148773193,-5.303999900817871
225,-6.454999923706055,-6.035999774932861,-2.9769999980926514
228,-7.925000190734863,-4.789000034332275,-0.9190000295639038
231,-10.5,-5.72599983215332,-0.7289999723434448
234,11.895999908447266,-9.427000045776367,-3.453000068664551
237,-10.414999961853027,-8.480999946594238,-5.585999965667725
240,-7.866000175476074,12.729000091552734,-5.921000003814697
243,-6.480999946594238,-8.932999610900879,-3.552000045776367
246,-7.96999979019165,-9.592000007629395,-1.2769999504089355
249,-10.467000007629395,-8.534000396728516,-1.1749999523162842
252,-3.8329999446868896,-5.0920000076293945,-3.243000030517578
255,-2.5789999961853027,-5.811999797821045,-5.566999912261963
258,0.1550000011920929,-4.949999809265137,-5.5960001945495605
261,1.0470000505447388,-5.790999889373779,-3.1470000743865967
264,-0.30000001192092896,-4.60099983215332,-1.0509999990463257
267,-2.5920000076293945,-6.105999946594238,-1.0190000534057617
270,-3.5899999141693115,12.765000343322754,-3.569999933242798
273,-2.4539999961853027,-8.644000053405762,-5.784999847412109
276,0.13500000536441803,-9.63700008392334,-5.861999988555908
279,1.6679999828338623,-8.623000144958496,-3.4769999980926514
282,0.22200000286102295,-9.418000221252441,-1.218000054359436
285,-2.569000005722046,-8.75,-1.2109999656677246
288,3.809999942779541,-5.03000020980835,-3.1089999675750732
291,5.414000034332275,-5.7210001945495605,-5.326000213623047
294,8.092000007629395,-4.869999885559082,-5.438000202178955
297,9.33899974822998,-5.915999889373779,-3.1610000133514404
300,8.13700008392334,-4.892000198364258,-0.8849999904632568
303,5.334000110626221,-5.603000164031982,-0.777999997138977
306,4.497000217437744,-9.621000289916992,-3.368000030517578
309,5.650000095367432,-8.519000053405762,-5.696000099182129
312,8.16100025177002,-9.652000427246094,-5.769999980926514
315,9.190999984741211,-8.555000305175781,-3.515000104904175
318,8.039999961853027,-9.550000190734863,-1.1660000085830688
321,5.4730000495910645,-8.406000137329102,-1.0010000467300415
324,11.83899974822998,-4.882999897003174,-12.378000259399414
327,-10.309000015258789,-5.750999927520752,-10.154000282287598
330,12.133999824523926,-4.986000061035156,-7.7220001220703125
333,12.170000076293945,-9.432999610900879,-12.597999572753906
336,-10.206000328063965,-8.767999649047852,-10.121000289916992
339,12.130999565124512,-9.635000228881836,-7.900000095367432
342,-7.732999801635742,-4.879000186920166,-10.086000442504883
345,-6.314000129699707,-5.803999900817871,-12.388999938964844
348,-3.686000108718872,-4.769000053405762,-12.38599967956543
351,-2.446000099182129,-5.682000160217285,-9.944999694824219
354,-4.0,-4.708000183105469,-7.809000015258789
357,-6.520999908447266,-5.7789998054504395,-7.5289998054504395
360,-7.514999866485596,-9.651000022888184,-10.246000289916992
363,-6.382999897003174,-8.633000373840332,-12.442000389099121
366,-3.677000045776367,-9.395000457763672,-12.631999969482422
369,-2.3910000324249268,-8.439000129699707,-10.279000282287598
372,-3.6640000343322754,-9.503999710083008,-8.059000015258789
375,-6.289999961853027,-8.437000274658203,-7.867000102996826
378,0.17100000381469727,-4.688000202178955,-9.855999946594238
381,1.2890000343322754,-5.763000011444092,-12.189000129699707
384,3.8589999675750732,-4.7270002365112305,-12.312000274658203
387,5.293000221252441,-5.609000205993652,-9.878000259399414
390,4.008999824523926,-4.776000022888184,-7.568999767303467
393,1.4490000009536743,-5.98199987411499,-7.823999881744385
396,0.13099999725818634,-9.541000366210938,-10.269000053405762
399,1.628999948501587,-8.57699966430664,-12.428999900817871
402,4.190999984741211,-9.529000282287598,-12.390999794006348
405,5.458000183105469,-8.45300006866455,-10.180000305175781
408,4.270999908447266,-9.645999908447266,-7.960000038146973
411,1.4989999532699585,-8.788999557495117,-8.08899974822998
414,8.109999656677246,-4.829999923706055,-9.975000381469727
417,9.097000122070313,-5.894999980926514,-12.303999900817871
420,9.505999565124512,-5.8470001220703125,-7.627999782562256
423,8.246000289916992,-9.581999778747559,-10.083000183105469
426,9.572999954223633,-8.628999710083008,-12.404999732971191
429,9.581999778747559,-8.63700008392334,-7.829999923706055
432,11.765999794006348,2.559999942779541,10.234999656677246
435,-10.411999702453613,2.015000104904175,8.093000411987305
438,-7.718999862670898,2.765000104904175,7.9770002365112305
441,-6.698999881744385,1.7940000295639038,10.369000434875488
444,-7.947000026702881,2.569000005722046,12.609999656677246
447,-10.668000221252441,1.4429999589920044,12.428000450134277
450,12.01099967956543,-1.9140000343322754,10.291999816894531
453,-10.550000190734863,-0.7940000295639038,7.9679999351501465
456,-7.729000091552734,-1.9490000009536743,7.934999942779541
459,-6.622000217437744,-1.1269999742507935,10.300000190734863
462,-7.665999889373779,-2.250999927520752,12.524999618530273
465,-10.232999801635742,-1.187000036239624,12.548999786376953
468,-4.084000110626221,2.5450000762939453,10.029999732971191
471,-2.430000066757202,1.7339999675750732,8.022000312805176
474,0.27900001406669617,2.6089999675750732,8.182000160217285
477,1.4429999589920044,1.6139999628067017,10.567000389099121
480,-0.39800000190734863,2.5739998817443848,12.447999954223633
483,-2.861999988555908,1.5080000162124634,12.48799991607666
486,-3.5329999923706055,-1.8949999809265137,10.25100040435791
489,-2.265000104904175,-1.1699999570846558,7.923999786376953
492,0.3019999861717224,-2.124000072479248,8.08899974822998
495,1.593000054359436,-1.0800000429153442,10.361000061035156
498,0.35600000619888306,-2.256999969482422,12.402999877929688
501,-2.2820000648498535,-1.184999942779541,12.663000106811523
504,4.057000160217285,2.5510001182556152,10.347000122070313
507,5.202000141143799,1.7769999504089355,8.0649995803833
510,7.789000034332275,2.4049999713897705,8.140000343322754
513,9.072999954223633,1.6579999923706055,10.41100025177002
516,7.830999851226807,2.5899999141693115,12.586999893188477
519,5.099999904632568,1.593999981880188,12.696000099182129
522,4.224999904632568,-1.9839999675750732,10.281999588012695
525,5.504000186920166,-1.0199999809265137,8.112000465393066
528,8.069000244140625,-2.4140000343322754,7.946000099182129
531,9.3149995803833,-1.2610000371932983,10.097999572753906
534,7.945000171661377,-2.121999979019165,12.29800033569336
537,5.4120001792907715,-1.0820000171661377,12.57699966430664
540,11.543999671936035,2.4560000896453857,1.1419999599456787
543,-10.758000373840332,1.4140000343322754,3.3519999980926514
546,11.852999687194824,2.549999952316284,5.609000205993652
549,11.970000267028809,-2.243000030517578,1.565000057220459
552,-10.314000129699707,-1.2430000305175781,3.805999994277954
555,11.800999641418457,-1.9930000305175781,5.795000076293945
558,-8.04699993133545,2.4240000247955322,3.3499999046325684
561,-6.849999904632568,1.4019999504089355,1.184999942779541
564,-4.099999904632568,2.625,1.1770000457763672
567,-2.6649999618530273,1.5579999685287476,3.3929998874664307
570,-3.937999963760376,2.558000087738037,5.633999824523926
573,-6.531000137329102,1.6449999809265137,5.539999961853027
576,-7.6529998779296875,-2.0950000286102295,3.5920000076293945
579,-6.521999835968018,-1.3880000114440918,1.2029999494552612
582,-3.796999931335449,-2.13700008392334,1.128000020980835
585,-2.503000020980835,-1.2079999446868896,3.384999990463257
588,-3.684999942779541,-2.130000114440918,5.685999870300293
591,-6.328999996185303,-1.1109999418258667,5.810999870300293
594,-0.2849999964237213,2.8550000190734863,3.368000030517578
597,1.0640000104904175,1.7979999780654907,1.184999942779541
600,3.681999921798706,2.4670000076293945,1.2309999465942383
603,5.038000106811523,1.7940000295639038,3.615000009536743
606,4.072999954223633,3.0280001163482666,5.909999847412109
609,1.2829999923706055,1.6920000314712524,5.841000080108643
612,0.1940000057220459,-1.944000005722046,3.427999973297119
615,1.3890000581741333,-1.0,1.1030000448226929
618,3.9030001163482666,-2.361999988555908,1.062999963760376
621,4.973999977111816,-1.1239999532699585,3.2780001163482666
624,4.324999809265137,-1.975000023841858,5.71999979019165
627,1.621999979019165,-1.0829999446868896,5.918000221252441
630,7.876999855041504,2.688999891281128,3.6589999198913574
633,8.861000061035156,1.6660000085830688,1.2649999856948853
636,9.211999893188477,1.5809999704360962,5.869999885559082
639,8.027999877929688,-2.0420000553131104,3.509999990463257
642,9.265000343322754,-1.152999997138977,1.1469999551773071
645,9.298999786376953,-1.1299999952316284,5.784999847412109
648,11.65999984741211,2.497999906539917,-3.3480000495910645
651,-10.661999702453613,1.5390000343322754,-5.631999969482422
654,-8.017999649047852,2.674999952316284,-5.697999954223633
657,-6.614999771118164,1.6649999618530273,-3.2230000495910645
660,-8.128000259399414,2.5280001163482666,-0.9509999752044678
663,-10.699999809265137,1.5379999876022339,-1.0379999876022339
666,11.970999717712402,-2.0169999599456787,-3.369999885559082
669,-10.430999755859375,-1.2139999866485596,-5.683000087738037
672,-7.835000038146973,-2.1389999389648438,-5.577000141143799
675,-6.478000164031982,-1.2259999513626099,-3.3420000076293945
678,-7.927999973297119,-2.055000066757202,-1.2109999656677246
681,-10.57699966430664,-1.2130000591278076,-0.9750000238418579
684,-3.947999954223633,2.819000005722046,-3.2950000762939453
687,-2.9059998989105225,1.5889999866485596,-5.5289998054504395
690,-0.1889999955892563,2.4730000495910645,-5.466000080108643
693,1.2649999856948853,1.6519999504089355,-3.2820000648498535
696,-0.04699999839067459,2.634000062942505,-1.1380000114440918
699,-2.7019999027252197,1.753000020980835,-1.0049999952316284
702,-3.880000114440918,-2.299999952316284,-3.502000093460083
705,-2.556999921798706,-1.1119999885559082,-5.51800012588501
708,-0.032999999821186066,-2.2820000648498535,-5.669000148773193
711,1.2120000123977661,-1.2139999866485596,-3.5510001182556152
714,0.14000000059604645,-1.684999942779541,-1.1549999713897705
717,-2.5269999504089355,-1.1740000247955322,-1.2070000171661377
720,4.039000034332275,2.4749999046325684,-3.313999891281128
723,5.271999835968018,1.215000033378601,-5.511000156402588
726,7.764999866485596,2.450000047683716,-5.544000148773193
729,9.125,1.4290000200271606,-3.2130000591278076
732,7.684000015258789,2.4159998893737793,-1.215000033378601
735,5.176000118255615,1.6549999713897705,-0.9049999713897705
738,3.9579999446868896,-2.0829999446868896,-3.369999885559082
741,5.541999816894531,-1.4739999771118164,-5.574999809265137
744,8.15999984741211,-2.25600004196167,-5.769000053405762
747,9.177000045776367,-1.375,-3.4119999408721924
750,7.8979997634887695,-2.1470000743865967,-1.1130000352859497
753,5.164000034332275,-1.1629999876022339,-1.1109999418258667
756,11.87399959564209,2.5179998874664307,-12.463000297546387
759,-10.822999954223633,1.878000020980835,-10.069000244140625
762,11.423999786376953,2.6689999103546143,-7.877999782562256
765,11.947999954223633,-2.1050000190734863,-12.550999641418457
768,-10.701000213623047,-1.1139999628067017,-10.282999992370605
771,11.960000038146973,-2.13700008392334,-7.953999996185303
774,-8.081999778747559,2.450000047683716,-10.194999694824219
777,-6.715000152587891,1.3960000276565552,-12.32800006866455
780,-4.116000175476074,2.3440001010894775,-12.48799991607666
783,-2.627000093460083,1.5829999446868896,-10.239999771118164
786,-3.9019999504089355,2.505000114440918,-7.913000106811523
789,-6.545000076293945,1.5509999990463257,-7.828999996185303
792,-8.140999794006348,-2.188999891281128,-10.083999633789063
795,-6.552000045776367,-1.4190000295639038,-12.255999565124512
798,-3.9170000553131104,-2.0420000553131104,-12.541000366210938
801,-2.615000009536743,-1.159000039100647,-10.095999717712402
804,-3.9649999141693115,-1.9579999446868896,-7.676000118255615
807,-6.565000057220459,-1.187000036239624,-7.859000205993652
810,-0.0010000000474974513,2.4709999561309814,-10.067999839782715
813,1.0789999961853027,1.4490000009536743,-12.24899959564209
816,3.7279999256134033,2.4549999237060547,-12.315999984741211
819,5.24399995803833,1.7239999771118164,-9.868000030517578
822,3.9560000896453857,2.4679999351501465,-7.439000129699707
825,1.0720000267028809,1.6019999980926514,-7.619999885559082
828,0.0430000014603138,-1.9839999675750732,-10.394000053405762
831,1.5509999990463257,-1.277999997138977,-12.531999588012695
834,4.2220001220703125,-1.9199999570846558,-12.319999694824219
837,5.4710001945495605,-1.0809999704360962,-9.973999977111816
840,3.933000087738037,-2.0169999599456787,-7.761000156402588
843,1.2519999742507935,-1.1610000133514404,-7.958000183105469
846,7.915999889373779,2.375999927520752,-9.92199993133545
849,9.258000373840332,1.6710000038146973,-12.258000373840332
852,9.145999908447266,1.3270000219345093,-7.564000129699707
855,7.986000061035156,-2.059000015258789,-10.418000221252441
858,9.21399974822998,-1.0729999542236328,-12.649999618530273
861,9.352999687194824,-1.312999963760376,-8.123000144958496
864,11.675999641418457,9.979999542236328,10.258999824523926
867,-10.795999526977539,9.166000366210938,7.826000213623047
870,-8.109000205993652,10.017000198364258,7.757999897003174
873,-6.554999828338623,8.994000434875488,10.050999641418457
876,-7.61299991607666,10.204999923706055,12.425999641418457
879,-10.371999740600586,8.979000091552734,12.619000434875488
882,11.835000038146973,5.355999946594238,9.878000259399414
885,-10.63599967956543,6.255000114440918,7.7210001945495605
888,-7.784999847412109,5.573999881744385,7.675000190734863
891,-6.724999904632568,6.203000068664551,10.123000144958496
894,-7.7230000495910645,5.26800012588501,12.442000389099121
897,-10.383000373840332,6.229000091552734,12.241999626159668
900,-3.8259999752044678,10.081000328063965,10.144000053405762
903,-2.5940001010894775,9.20199966430664,7.8480000495910645
906,0.12999999523162842,10.1850004196167,8.095000267028809
909,1.0720000267028809,8.994999885559082,10.39799976348877
912,0.2529999911785126,10.09000015258789,12.779999732971191
915,-2.5799999237060547,9.15999984741211,12.654999732971191
918,-3.924999952316284,5.546000003814697,9.956999778747559
921,-2.549999952316284,6.460999965667725,7.754000186920166
924,0.0820000022649765,5.3460001945495605,7.939000129699707
927,1.2369999885559082,6.2789998054504395,10.345999717712402
930,-0.11900000274181366,5.334000110626221,12.519000053405762
933,-2.7660000324249268,6.4039998054504395,12.411999702453613
936,4.039000034332275,9.920999526977539,10.470999717712402
939,5.105999946594238,8.862000465393066,8.10099983215332
942,7.795000076293945,9.861000061035156,7.98199987411499
945,9.006999969482422,8.996999740600586,10.218999862670898
948,8.1850004196167,10.319999694824219,12.553999900817871
951,5.443999767303467,9.234000205993652,12.699000358581543
954,3.9159998893737793,5.300000190734863,10.244999885559082
957,5.375999927520752,6.0970001220703125,8.111000061035156
960,7.938000202178955,5.110000133514404,8.041000366210938
963,9.281000137329102,6.260000228881836,10.059000015258789
966,8.039999961853027,5.38100004196167,12.206999778747559
969,5.257999897003174,6.322999954223633,12.538000106811523
972,11.5649995803833,9.930000305175781,0.949999988079071
975,-10.493000030517578,9.083999633789063,3.257999897003174
978,11.644000053405762,9.918000221252441,5.425000190734863
981,11.442000389099121,5.295000076293945,0.8679999709129333
984,-10.336999893188477,6.197999954223633,3.4119999408721924
987,11.564000129699707,5.363999843597412,5.35699987411499
990,-7.9079999923706055,10.114999771118164,3.5510001182556152
993,-6.9029998779296875,9.045999526977539,1.0240000486373901
996,-4.190999984741211,9.928000450134277,1.0740000009536743
999,-2.930000066757202,9.10200023651123,3.3239998817443848
1002,-3.859999895095825,10.076000213623047,5.755000114440918
1005,-6.4629998207092285,8.86299991607666,5.590000152587891
1008,-7.701000213623047,5.146999835968018,3.1540000438690186
1011,-6.51200008392334,6.309000015258789,0.9580000042915344
1014,-3.9690001010894775,5.348999977111816,0.824999988079071
1017,-2.5850000381469727,6.414999961853027,3.0329999923706055
1020,-3.4560000896453857,5.2829999923706055,5.494999885559082
1023,-6.186999797821045,6.0970001220703125,5.48799991607666
1026,-0.15399999916553497,9.907999992370605,3.325000047683716
1029,0.828000009059906,9.112000465393066,0.8560000061988831
1032,3.4730000495910645,10.196000099182129,0.8579999804496765
1035,4.835000038146973,9.326000213623047,3.3559999465942383
1038,3.946000099182129,10.095999717712402,5.821000099182129
1041,1.274999976158142,9.319000244140625,5.783999919891357
1044,0.06400000303983688,5.763000011444092,3.0920000076293945
1047,1.3669999837875366,6.395999908447266,0.7910000085830688
1050,3.871000051498413,5.263999938964844,1.0529999732971191
1053,5.033999919891357,6.531000137329102,3.308000087738037
1056,3.763000011444092,5.816999912261963,5.63100004196167
1059,1.0460000038146973,6.598999977111816,5.75
1062,7.65500020980835,10.041999816894531,3.242000102996826
1065,9.012999534606934,9.031000137329102,1.0579999685287476
1068,8.880000114440918,9.168999671936035,5.598999977111816
1071,7.573999881744385,5.394999980926514,3.1089999675750732
1074,8.769000053405762,6.228000164031982,0.6850000023841858
1077,8.869999885559082,6.331999778747559,5.552000045776367
1080,11.586999893188477,10.145000457763672,-3.427000045776367
1083,-10.60200023651123,9.270999908447266,-5.697999954223633
1086,-7.906000137329102,9.98900032043457,-5.7769999504089355
1089,-6.736999988555908,9.015999794006348,-3.5230000019073486
1092,-8.12600040435791,10.060999870300293,-1.3839999437332153
1095,-10.722999572753906,8.880000114440918,-1.187999963760376
1098,11.819999694824219,5.310999870300293,-3.5209999084472656
1101,-10.569000244140625,6.539999961853027,-5.800000190734863
1104,-7.8520002365112305,5.48199987411499,-5.949999809265137
1107,-6.570000171661377,6.298999786376953,-3.433000087738037
1110,-8.053000450134277,5.297999858856201,-1.3070000410079956
1113,-10.630999565124512,6.109000205993652,-1.1670000553131104
1116,-4.052999973297119,10.043000221252441,-3.6089999675750732
1119,-2.700000047683716,9.029999732971191,-5.828999996185303
1122,-0.10999999940395355,10.015999794006348,-5.625999927520752
1125,1.0980000495910645,9.138999938964844,-3.302999973297119
1128,-0.39399999380111694,10.246999740600586,-1.3270000219345093
1131,-3.0350000858306885,9.175999641418457,-1.2209999561309814
1134,-3.941999912261963,5.573999881744385,-3.677999973297119
1137,-2.671999931335449,6.26800012588501,-5.947999954223633
1140,-0.05000000074505806,5.192999839782715,-5.770999908447266
1143,1.309999942779541,6.35699987411499,-3.7209999561309814
1146,-0.017999999225139618,5.388000011444092,-1.5540000200271606
1149,-2.5869998931884766,6.321000099182129,-1.3519999980926514
1152,3.6730000972747803,10.154000282287598,-3.4100000858306885
1155,5.132999897003174,9.095000267028809,-5.425000190734863
1158,7.689000129699707,10.053000450134277,-5.760000228881836
1161,9.08899974822998,8.951000213623047,-3.4159998893737793
1164,7.702000141143799,10.119000434875488,-1.1749999523162842
1167,5.198999881744385,9.152000427246094,-1.1380000114440918
1170,3.8369998931884766,5.2170000076293945,-3.5899999141693115
1173,5.447999954223633,6.35099983215332,-5.502999782562256
1176,7.830999851226807,5.09499979019165,-5.88700008392334
1179,8.930999755859375,6.236999988555908,-3.7109999656677246
1182,7.633999824523926,5.181000232696533,-1.5520000457763672
1185,4.9120001792907715,6.307000160217285,-1.2599999904632568
1188,12.006999969482422,10.09000015258789,-12.196000099182129
1191,-10.270999908447266,9.11299991607666,-9.95199966430664
1194,11.70199966430664,10.116000175476074,-7.948999881744385
1197,11.79699993133545,5.36299991607666,-12.727999687194824
1200,-10.418999671936035,6.255000114440918,-10.336999893188477
1203,11.859999656677246,5.328999996185303,-8.121000289916992
1206,-7.690999984741211,10.041000366210938,-10.274999618530273
1209,-6.486000061035156,9.116000175476074,-12.440999984741211
1212,-3.8320000171661377,10.20199966430664,-12.373000144958496
1215,-2.7260000705718994,8.869000434875488,-10.262999534606934
1218,-3.9260001182556152,10.052000045776367,-8.11400032043457
1221,-6.571000099182129,9.027999877929688,-7.9079999923706055
1224,-7.795000076293945,5.209000110626221,-10.12600040435791
1227,-6.466000080108643,6.197999954223633,-12.406999588012695
1230,-3.940000057220459,5.006999969482422,-12.593000411987305
1233,-2.375,5.8520002365112305,-10.364999771118164
1236,-3.805000066757202,5.168000221252441,-8.142000198364258
1239,-6.370999813079834,6.394000053405762,-8.039999961853027
1242,-0.1809999942779541,10.034000396728516,-10.159000396728516
1245,1.440999984741211,9.130999565124512,-12.222000122070313
1248,4.017000198364258,10.041999816894531,-12.222999572753906
1251,5.440999984741211,8.89900016784668,-10.017000198364258
1254,4.019000053405762,9.942000389099121,-7.921999931335449
1257,1.1369999647140503,8.954999923706055,-7.919000148773193
1260,0.22599999606609344,5.086999893188477,-10.366000175476074
1263,1.215000033378601,6.4120001792907715,-12.489999771118164
1266,3.890000104904175,5.25600004196167,-12.494000434875488
1269,5.317999839782715,6.079999923706055,-10.111000061035156
1272,3.878000020980835,5.241000175476074,-7.605000019073486
1275,1.225000023841858,6.0229997634887695,-7.9710001945495605
1278,7.8470001220703125,10.109999656677246,-10.128999710083008
1281,9.286999702453613,9.022000312805176,-12.295000076293945
1284,9.196999549865723,9.118000030517578,-7.867000102996826
1287,7.931000232696533,5.089000225067139,-10.218999862670898
1290,9.11400032043457,6.2789998054504395,-12.588000297546387
1293,9.225000381469727,6.252999782562256,-8.052000045776367
