0,3.259999990463257,-4.956999778747559,7.703000068664551
3,8.979999542236328,12.982000350952148,9.055999755859375
6,9.498000144958496,-5.552000045776367,8.668000221252441
9,-9.482999801635742,-7.129000186920166,7.4720001220703125
12,12.517000198364258,-5.363999843597412,9.315999984741211
15,7.735000133514404,-3.622999906539917,6.909999847412109
18,8.446999549865723,9.74899959564209,6.788000106811523
21,10.925999641418457,-8.982999801635742,7.263999938964844
24,10.41100025177002,11.348999977111816,5.5970001220703125
27,10.432000160217285,-6.797999858856201,5.520999908447266
30,-10.383000373840332,-9.657999992370605,8.927000045776367
33,6.882999897003174,12.243000030517578,7.413000106811523
36,-7.084000110626221,-6.1519999504089355,8.706000328063965
39,-10.59000015258789,-6.25,5.135000228881836
42,-3.2790000438690186,-6.252999782562256,4.091000080108643
45,-3.1449999809265137,-5.960999965667725,6.729000091552734
48,-1.2209999561309814,-5.3520002365112305,8.701000213623047
51,-4.7270002365112305,-7.956999778747559,8.17199993133545
54,-6.441999912261963,-5.754000186920166,5.747000217437744
57,-6.609000205993652,-8.35200023651123,5.239999771118164
60,-8.383999824523926,11.97700023651123,5.314000129699707
63,4.821000099182129,12.121999740600586,9.199999809265137
66,-2.6519999504089355,12.208999633789063,8.414999961853027
69,-6.5279998779296875,12.508000373840332,8.177000045776367
72,1.562999963760376,-7.802999973297119,5.186999797821045
75,-1.0720000267028809,-7.9730000495910645,4.331999778747559
78,3.0969998836517334,-5.992000102996826,2.997999906539917
81,5.804999828338623,-7.689000129699707,6.201000213623047
84,1.184000015258789,-6.49399995803833,8.911999702453613
87,2.190000057220459,-9.23799991607666,8.842000007629395
90,0.9670000076293945,11.907999992370605,6.541999816894531
93,-1.7369999885559082,12.072999954223633,5.693999767303467
96,4.311999797821045,-8.23799991607666,2.065999984741211
99,3.940999984741211,-9.300000190734863,4.794000148773193
102,5.703999996185303,-9.168999671936035,11.413999557495117
105,6.245999813079834,-6.442999839782715,11.741999626159668
108,5.998000144958496,-5.1620001792907715,-2.433000087738037
111,8.75100040435791,-5.276000022888184,2.2190001010894775
114,5.982999801635742,-5.504000186920166,7.956999778747559
117,6.228000164031982,12.555999755859375,-2.0989999771118164
120,6.333000183105469,-8.223999977111816,0.07999999821186066
123,7.723999977111816,-9.557999610900879,2.822999954223633
126,10.831999778747559,-4.718999862670898,0.4790000021457672
129,11.630999565124512,-5.386000156402588,-2.0959999561309814
132,-9.255000114440918,-5.110000133514404,-2.0810000896453857
135,-8.765999794006348,-6.650000095367432,0.14900000393390656
138,-10.041999816894531,-6.479000091552734,2.489000082015991
141,11.22700023651123,-7.461999893188477,0.5989999771118164
144,10.555999755859375,-9.652999877929688,2.984999895095825
147,11.979999542236328,-8.430000305175781,-1.7940000295639038
150,-9.178999900817871,12.746000289916992,-1.6610000133514404
153,-8.303999900817871,-9.142999649047852,1.0110000371932983
156,-10.163999557495117,13.293000221252441,3.2320001125335693
159,8.20300006866455,-7.085000038146973,4.057000160217285
162,-6.238999843597412,-5.573999881744385,-0.26899999380111694
165,-4.50600004196167,-6.317999839782715,-2.2039999961853027
168,-1.7649999856948853,-5.932000160217285,-2.3380000591278076
171,1.0099999904632568,-5.7170000076293945,1.25
174,-2.069000005722046,-1.7879999876022339,1.093000054359436
177,-5.418000221252441,-6.254000186920166,2.619999885559082
180,-5.863999843597412,12.28499984741211,0.43700000643730164
183,-4.671000003814697,-9.052000045776367,-1.9950000047683716
186,-1.6670000553131104,-9.291999816894531,-2.2209999561309814
189,0.6959999799728394,-8.428000450134277,1.8229999542236328
192,-1.7710000276565552,12.961999893188477,0.5540000200271606
195,-5.025000095367432,-8.902999877929688,2.933000087738037
198,2.994999885559082,-4.433000087738037,0.10499999672174454
201,3.4519999027252197,-6.176000118255615,-2.0829999446868896
204,6.929999828338623,-5.2210001945495605,0.23100000619888306
207,2.558000087738037,-9.402000427246094,0.32499998807907104
210,3.694999933242798,-8.998000144958496,-2.0940001010894775
213,8.364999771118164,-3.5250000953674316,4.327000141143799
216,6.960999965667725,-5.254000186920166,-6.889999866485596
219,8.45300006866455,-5.809000015258789,-9.086999893188477
222,11.387999534606934,-5.116000175476074,-8.829000473022461
225,-11.04800033569336,-6.176000118255615,-6.5960001945495605
228,10.479999542236328,-5.228000164031982,-4.751999855041504
231,7.979000091552734,-6.139999866485596,-4.544000148773193
234,6.953000068664551,-9.449999809265137,-6.855000019073486
237,8.520000457763672,-8.51200008392334,-9.133000373840332
240,11.092000007629395,12.517000198364258,-9.163999557495117
243,12.069999694824219,-8.944000244140625,-6.85099983215332
246,10.177000045776367,12.369000434875488,-4.60699987411499
249,7.625999927520752,-8.807999610900879,-4.211999893188477
252,-8.402000427246094,-5.514999866485596,-6.869999885559082
255,-6.763999938964844,-6.269000053405762,-9.020000457763672
258,-4.171000003814697,-5.116000175476074,-8.972999572753906
261,-3.5880000591278076,-6.1579999923706055,-6.385000228881836
264,-5.046000003814697,-4.8470001220703125,-4.432000160217285
267,-7.607999801635742,-6.0,-4.111000061035156
270,-8.72700023651123,12.661999702453613,-6.796000003814697
273,-6.979000091552734,-8.991999626159668,-9.248000144958496
276,-4.297999858856201,12.803000450134277,-9.029999732971191
279,-3.4839999675750732,-8.982999801635742,-6.3480000495910645
282,-5.586999893188477,12.623000144958496,-4.563000202178955
285,-8.097999572753906,-8.833999633789063,-4.184000015258789
288,-0.9710000157356262,-5.0929999351501465,-6.564000129699707
291,0.8550000190734863,-6.059000015258789,-8.588000297546387
294,3.563999891281128,-5.198999881744385,-8.809000015258789
297,3.924999952316284,-5.932000160217285,-6.190000057220459
300,2.187000036239624,-5.182000160217285,-4.230999946594238
303,-0.11800000071525574,-6.416999816894531,-4.415999889373779
306,-0.8709999918937683,12.758000373840332,-6.995999813079834
309,1.0579999685287476,-8.73799991607666,-8.682000160217285
312,3.7880001068115234,12.64900016784668,-8.668999671936035
315,4.2179999351501465,-9.230999946594238,-6.047999858856201
318,2.5160000324249268,11.932999610900879,-4.179999828338623
321,0.019999999552965164,-9.07800006866455,-4.3429999351501465
324,8.894000053405762,-5.616000175476074,11.376999855041504
327,9.446999549865723,-6.255000114440918,14.02299976348877
330,7.203000068664551,-5.214000225067139,-11.531000137329102
333,8.251999855041504,11.784000396728516,11.369999885559082
336,9.597999572753906,-9.39799976348877,13.756999969482422
339,8.027999877929688,12.130999565124512,-11.322999954223633
342,11.946000099182129,-5.0,14.204999923706055
345,-10.022000312805176,-6.006999969482422,11.810999870300293
348,-6.855000019073486,-5.2270002365112305,11.354999542236328
351,-6.269999980926514,-6.074999809265137,13.763999938964844
354,-8.090999603271484,-5.328999996185303,-11.286999702453613
357,-10.62399959564209,-6.377999782562256,-10.609999656677246
360,12.274999618530273,12.04800033569336,13.605999946594238
363,-9.977999687194824,-8.836999893188477,11.468999862670898
366,-7.13700008392334,12.609999656677246,10.987000465393066
369,-6.5329999923706055,-8.92199993133545,13.437000274658203
372,-7.940000057220459,12.442999839782715,-11.77400016784668
375,-10.572999954223633,-9.057000160217285,-11.0600004196167
378,-3.565999984741211,-5.448999881744385,13.553000450134277
381,-2.052999973297119,-6.181000232696533,11.234999656677246
384,0.5669999718666077,-5.443999767303467,11.894000053405762
387,1.5579999685287476,-6.584000110626221,14.196000099182129
390,0.12200000137090683,-5.4029998779296875,-11.12399959564209
393,-2.5250000953674316,-6.156000137329102,-10.949000358581543
396,-3.4809999465942383,12.76099967956543,13.309000015258789
399,-1.659000039100647,-9.043999671936035,11.319000244140625
402,1.0549999475479126,12.371999740600586,11.237000465393066
405,1.753000020980835,-9.38700008392334,13.842000007629395
408,-0.16099999845027924,12.786999702453613,-11.32699966430664
411,-2.805999994277954,-8.77299976348877,-11.246999740600586
414,4.124000072479248,-5.548999786376953,13.616999626159668
417,3.746000051498413,-2.302999973297119,8.510000228881836
420,4.8520002365112305,-6.604000091552734,-10.916000366210938
423,4.414999961853027,12.008999824523926,13.690999984741211
426,6.205999851226807,-4.164000034332275,10.302000045776367
429,5.372000217437744,-9.418999671936035,-10.880999565124512
432,7.61299991607666,2.3889999389648438,4.815000057220459
435,9.892000198364258,1.0820000171661377,6.355000019073486
438,-11.255000114440918,2.2829999923706055,5.328999996185303
441,-6.381999969482422,-0.6069999933242798,7.318999767303467
444,-10.557999610900879,1.812999963760376,9.479999542236328
447,10.555000305175781,0.871999979019165,9.019000053405762
450,5.677999973297119,-1.6979999542236328,6.644999980926514
453,11.317999839782715,-1.4019999504089355,6.954999923706055
456,11.692000389099121,-3.8299999237060547,5.116000175476074
459,-8.781000137329102,-1.687999963760376,6.860000133514404
462,-10.930000305175781,-2.565999984741211,9.173999786376953
465,10.541000366210938,-1.440000057220459,10.366000175476074
468,-6.218999862670898,0.16500000655651093,4.544000148773193
471,-9.61400032043457,1.0080000162124634,7.052999973297119
474,-4.636000156402588,1.7400000095367432,3.0820000171661377
477,-0.029999999329447746,4.665999889373779,4.422999858856201
480,-2.7699999809265137,1.8300000429153442,8.944000244140625
483,-5.638000011444092,1.4630000591278076,8.97599983215332
486,-4.617000102996826,-3.6610000133514404,6.765999794006348
489,-8.241000175476074,-2.621999979019165,4.15500020980835
492,-7.756999969482422,-5.13700008392334,3.490000009536743
495,-1.527999997138977,0.7609999775886536,6.52400016784668
498,-2.259999990463257,-2.7980000972747803,9.234999656677246
501,-4.954999923706055,-2.1679999828338623,9.196999549865723
504,2.7190001010894775,4.940000057220459,7.0279998779296875
507,1.940000057220459,0.8619999885559082,6.885000228881836
510,2.444999933242798,4.699999809265137,3.1689999103546143
513,5.618000030517578,1.434000015258789,6.758999824523926
516,4.756999969482422,2.191999912261963,9.437000274658203
519,2.063999891281128,0.7639999985694885,9.79699993133545
522,-0.7260000109672546,-1.8279999494552612,7.0370001792907715
525,-3.0880000591278076,-0.6769999861717224,3.6480000019073486
528,-0.640999972820282,-3.8510000705718994,-0.42500001192092896
531,0.7960000038146973,-2.509000062942505,4.7230000495910645
534,1.9129999876022339,-4.989999771118164,5.396999835968018
537,0.753000020980835,-1.5230000019073486,9.114999771118164
540,4.0320000648498535,3.680000066757202,-1.7430000305175781
543,6.64900016784668,0.32600000500679016,-1.6720000505447388
546,9.35099983215332,1.2979999780654907,2.9079999923706055
549,5.695000171661377,-2.2739999294281006,-2.1740000247955322
552,8.92300033569336,0.6119999885559082,-0.05999999865889549
555,3.3259999752044678,-1.9479999542236328,3.5230000019073486
558,11.218000411987305,2.2730000019073486,1.11899995803833
561,10.64799976348877,1.8589999675750732,-1.847000002861023
564,-10.302000045776367,2.5940001010894775,-2.0179998874664307
567,-8.26099967956543,1.3170000314712524,1.2680000066757202
570,-10.553999900817871,1.465999960899353,2.7939999103546143
573,5.5980000495910645,-3.1989998817443848,4.289999961853027
576,10.348999977111816,-1.472000002861023,0.8159999847412109
579,11.276000022888184,-1.0390000343322754,-1.9199999570846558
582,-9.706000328063965,-2.3610000610351563,-2.1570000648498535
585,-9.211000442504883,-1.3680000305175781,0.4359999895095825
588,-10.531000137329102,-1.2029999494552612,2.753000020980835
591,10.362000465393066,-1.2990000247955322,3.7119998931884766
594,-5.455999851226807,2.2920000553131104,0.625
597,-4.5320000648498535,1.180999994277954,-1.6629999876022339
600,-2.115999937057495,2.3320000171661377,-1.996999979019165
603,-1.8029999732971191,0.621999979019165,0.1979999989271164
606,-1.3639999628067017,2.6649999618530273,3.0460000038146973
609,-7.892000198364258,2.372999906539917,4.677000045776367
612,-6.558000087738037,-2.4070000648498535,-0.17900000512599945
615,-4.934999942779541,-1.3769999742507935,-2.4000000953674316
618,-2.3350000381469727,-2.072000026702881,-1.5950000286102295
621,1.4470000267028809,-2.26200008392334,0.5350000262260437
624,-3.4609999656677246,-3.5510001182556152,3.7699999809265137
627,-6.044000148773193,-2.191999912261963,2.49399995803833
630,0.7269999980926514,1.6679999828338623,0.23999999463558197
633,2.4609999656677246,1.5509999990463257,-2.2739999294281006
636,3.311000108718872,2.618000030517578,5.353000164031982
639,2.7850000858306885,-1.378999948501587,-1.718999981880188
642,0.9890000224113464,-0.27900001406669617,2.303999900817871
645,4.979000091552734,-4.204999923706055,1.8229999542236328
648,6.394999980926514,1.8680000305175781,-6.757999897003174
651,8.53600025177002,1.0549999475479126,-8.677000045776367
654,11.095000267028809,2.125,-8.711999893188477
657,12.071999549865723,1.031000018119812,-6.192999839782715
660,9.961000442504883,2.1549999713897705,-4.618000030517578
663,7.321000099182129,0.9760000109672546,-4.302999973297119
666,7.046000003814697,-2.2200000286102295,-6.982999801635742
669,8.609999656677246,-1.628000020980835,-8.958999633789063
672,11.118000030517578,-2.433000087738037,-9.260000228881836
675,12.123000144958496,-1.8300000429153442,-6.574999809265137
678,10.49899959564209,-2.5989999771118164,-4.413000106811523
681,7.823999881744385,-1.7920000553131104,-4.203000068664551
684,-9.07699966430664,2.239000082015991,-6.451000213623047
687,-7.75,1.899999976158142,-8.708999633789063
690,-5.184000015258789,2.819999933242798,-9.314000129699707
693,-4.000999927520752,1.5180000066757202,-6.414000034332275
696,-5.813000202178955,2.371999979019165,-4.017000198364258
699,-8.416999816894531,0.8790000081062317,-4.156000137329102
702,-8.743000030517578,-2.5969998836517334,-6.853000164031982
705,-7.418000221252441,-1.4249999523162842,-9.104000091552734
708,-4.8480000495910645,-2.4159998893737793,-9.197999954223633
711,-3.7699999809265137,-1.218999981880188,-6.73199987411499
714,-5.324999809265137,-2.2690000534057617,-4.796999931335449
717,-8.097000122070313,-1.7910000085830688,-4.336999893188477
720,-1.1059999465942383,2.3289999961853027,-6.767000198364258
723,0.6600000262260437,1.3339999914169312,-8.791999816894531
726,3.1449999809265137,2.7950000762939453,-8.711000442504883
729,3.7780001163482666,1.2120000123977661,-6.571000099182129
732,1.8509999513626099,2.177999973297119,-4.776000022888184
735,-0.5699999928474426,1.3200000524520874,-4.0879998207092285
738,-1.25600004196167,-2.2869999408721924,-6.711999893188477
741,0.45899999141693115,-1.4630000591278076,-8.793000221252441
744,3.743000030517578,-2.068000078201294,-9.177000045776367
747,4.285999774932861,-1.5,-6.315999984741211
750,2.3589999675750732,-2.5320000648498535,-4.52400016784668
753,-0.3709999918937683,-1.5190000534057617,-4.120999813079834
756,8.682999610900879,1.9049999713897705,11.008999824523926
759,9.161999702453613,1.093999981880188,13.83899974822998
762,7.7230000495910645,2.2760000228881836,-10.864999771118164
765,8.133000373840332,-2.9240000247955322,11.753999710083008
768,9.387999534606934,-1.5679999589920044,13.836999893188477
771,7.831999778747559,-2.5399999618530273,-11.388999938964844
774,11.918000221252441,2.0160000324249268,13.98900032043457
777,-9.930000305175781,0.9750000238418579,12.055999755859375
780,-7.331999778747559,1.9190000295639038,11.293999671936035
783,-6.340000152587891,0.8629999756813049,13.940999984741211
786,-8.265000343322754,1.9980000257492065,-11.45199966430664
789,-10.899999618530273,1.2769999504089355,-10.659000396728516
792,11.937999725341797,-2.302000045776367,13.486000061035156
795,-9.472999572753906,-1.9980000257492065,11.531000137329102
798,-6.650000095367432,-2.2360000610351563,11.520999908447266
801,-6.013000011444092,-2.121000051498413,-12.892000198364258
804,-8.390000343322754,-2.441999912261963,-11.420999526977539
807,12.618000030517578,-1.3969999551773071,-11.147000312805176
810,-3.759000062942505,1.5329999923706055,13.72599983215332
813,-2.0739998817443848,0.6100000143051147,11.395999908447266
816,0.0860000029206276,2.01200008392334,11.458999633789063
819,1.3669999837875366,1.4759999513626099,13.980999946594238
822,-0.2980000078678131,2.3429999351501465,-11.206999778747559
825,-3.2890000343322754,1.468999981880188,-10.852999687194824
828,-3.2660000324249268,-2.374000072479248,-13.069000244140625
831,-1.6729999780654907,-1.9989999532699585,11.857999801635742
834,0.9520000219345093,-2.6029999256134033,11.720999717712402
837,1.6239999532699585,-1.2599999904632568,-13.074999809265137
840,-0.1599999964237213,-2.555000066757202,-11.371000289916992
843,-2.515000104904175,-1.277999997138977,-10.35200023651123
846,4.386000156402588,2.2669999599456787,13.51200008392334
849,5.758999824523926,0.13600000739097595,11.125
852,4.853000164031982,2.2239999771118164,-10.729000091552734
855,3.927000045776367,-2.5160000324249268,13.729999542236328
858,4.60099983215332,-2.177999973297119,11.010000228881836
861,5.188000202178955,-1.215000033378601,-11.572999954223633
864,8.088000297546387,7.051000118255615,8.711000442504883
867,7.999000072479248,5.114999771118164,4.718999862670898
870,12.227999687194824,9.760000228881836,6.75600004196167
873,-8.597000122070313,7.703000068664551,7.09499979019165
876,-10.789999961853027,10.043999671936035,9.414999961853027
879,11.458999633789063,10.35200023651123,11.640999794006348
882,6.6479997634887695,5.59499979019165,6.922999858856201
885,11.178999900817871,6.909999847412109,6.861000061035156
888,10.767000198364258,5.315999984741211,4.613999843597412
891,-10.135000228881836,5.434000015258789,6.390999794006348
894,-10.77400016784668,4.494999885559082,9.069999694824219
897,10.321999549865723,5.525000095367432,9.187000274658203
900,-6.761000156402588,9.925999641418457,7.498000144958496
903,-6.140999794006348,9.607999801635742,4.857999801635742
906,-2.625999927520752,9.348999977111816,1.7640000581741333
909,-0.6439999938011169,8.619999885559082,7.52400016784668
912,-2.8570001125335693,9.36299991607666,8.913999557495117
915,-5.451000213623047,8.630000114440918,9.41100025177002
918,-6.797999858856201,3.765000104904175,6.828000068664551
921,-9.128000259399414,4.638999938964844,3.986999988555908
924,-2.0179998874664307,6.863999843597412,2.694999933242798
927,0.36899998784065247,7.504000186920166,4.184999942779541
930,-2.5299999713897705,4.689000129699707,9.045999526977539
933,-4.736999988555908,5.752999782562256,9.777999877929688
936,1.5679999589920044,9.213000297546387,6.065999984741211
939,4.466000080108643,9.062000274658203,6.440999984741211
942,4.473999977111816,10.605999946594238,3.9489998817443848
945,8.468999862670898,7.848999977111816,4.480999946594238
948,4.906000137329102,9.482999801635742,9.109999656677246
951,2.4509999752044678,8.307999610900879,9.538000106811523
954,-0.5680000185966492,5.710000038146973,7.026000022888184
957,0.20000000298023224,1.0809999704360962,4.547999858856201
960,4.663000106811523,7.151000022888184,3.075000047683716
963,4.4019999504089355,6.413000106811523,5.631999969482422
966,5.072000026702881,4.96999979019165,9.220999717712402
969,2.444000005722046,5.589000225067139,9.809000015258789
972,5.39900016784668,10.461000442504883,-4.583000183105469
975,7.252999782562256,10.109000205993652,-2.697999954223633
978,7.070000171661377,10.194999694824219,3.0250000953674316
981,6.374000072479248,5.223999977111816,-1.5190000534057617
984,6.136000156402588,7.875999927520752,-1.0950000286102295
987,9.536999702453613,6.849999904632568,2.053999900817871
990,12.531000137329102,10.821000099182129,2.2850000858306885
993,11.934000015258789,8.96399974822998,-1.4830000400543213
996,-9.142000198364258,9.741000175476074,-1.7660000324249268
999,-7.9730000495910645,7.9120001792907715,-0.09700000286102295
1002,-8.354000091552734,9.77400016784668,2.503999948501587
1005,-9.307999610900879,9.45300006866455,5.113999843597412
1008,10.782999992370605,6.36899995803833,-1.7269999980926514
1011,10.003999710083008,4.751999855041504,0.5019999742507935
1014,-10.116000175476074,5.48799991607666,-2.240999937057495
1017,-10.277000427246094,6.2220001220703125,0.33000001311302185
1020,12.597999572753906,6.116000175476074,2.881999969482422
1023,11.569000244140625,8.526000022888184,1.1970000267028809
1026,-6.041999816894531,9.67199993133545,0.3149999976158142
1029,-4.826000213623047,9.119999885559082,-2.066999912261963
1032,-2.437999963760376,10.267000198364258,-2.7869999408721924
1035,-0.33000001311302185,8.885000228881836,-0.5640000104904175
1038,-2.884999990463257,11.86400032043457,3.0190000534057617
1041,-5.073999881744385,8.414999961853027,2.703000068664551
1044,-6.451000213623047,5.59499979019165,-0.027000000700354576
1047,-4.406000137329102,6.196000099182129,-1.593999981880188
1050,-2.0759999752044678,5.085999965667725,-2.3350000381469727
1053,-0.8180000185966492,6.0279998779296875,0.15000000596046448
1056,-3.703000068664551,4.39900016784668,3.065000057220459
1059,-6.60699987411499,6.131999969482422,2.640000104904175
1062,2.3529999256134033,10.182000160217285,0.10400000214576721
1065,3.5859999656677246,8.604000091552734,-1.7300000190734863
1068,2.6519999504089355,9.173999786376953,2.696000099182129
1071,1.399999976158142,4.218999862670898,0.18299999833106995
1074,3.5339999198913574,6.14900016784668,-0.15700000524520874
1077,7.15500020980835,7.980999946594238,1.5019999742507935
1080,6.492000102996826,10.057000160217285,-7.02400016784668
1083,8.420000076293945,8.923999786376953,-8.89799976348877
1086,11.081000328063965,9.46399974822998,-9.116000175476074
1089,12.229000091552734,8.401000022888184,-6.622000217437744
1092,11.065999984741211,9.51200008392334,-4.230999946594238
1095,9.079000473022461,8.079000473022461,-2.8989999294281006
1098,6.699999809265137,5.11299991607666,-6.353000164031982
1101,8.312000274658203,5.806000232696533,-8.494000434875488
1104,11.222999572753906,5.26200008392334,-9.034000396728516
1107,12.652999877929688,5.603000164031982,-6.535999774932861
1110,10.52400016784668,4.888000011444092,-4.556000232696533
1113,7.86899995803833,5.900000095367432,-3.940999984741211
1116,-9.067000389099121,9.958000183105469,-7.045000076293945
1119,-7.513000011444092,8.9399995803833,-8.873000144958496
1122,-4.675000190734863,9.883999824523926,-9.027000427246094
1125,-3.736999988555908,8.9399995803833,-6.5329999923706055
1128,-5.743000030517578,9.574000358581543,-4.679999828338623
1131,-8.567000389099121,9.093000411987305,-4.4019999504089355
1134,-8.369999885559082,4.755000114440918,-6.288000106811523
1137,-7.216000080108643,5.954999923706055,-8.815999984741211
1140,-4.414999961853027,5.635000228881836,-9.23799991607666
1143,-4.119999885559082,6.216000080108643,-6.5920000076293945
1146,-5.4039998054504395,5.019999980926514,-4.044000148773193
1149,-7.927999973297119,6.334000110626221,-4.046999931335449
1152,-0.9919999837875366,10.038000106811523,-6.949999809265137
1155,0.5199999809265137,8.949000358581543,-8.96500015258789
1158,3.049999952316284,9.951000213623047,-9.305000305175781
1161,3.877000093460083,8.899999618530273,-6.7870001792907715
1164,2.437000036239624,9.265999794006348,-4.14300012588501
1167,-0.5379999876022339,8.592000007629395,-4.269000053405762
1170,-1.569000005722046,5.070000171661377,-7.072000026702881
1173,0.640999972820282,6.203999996185303,-8.498000144958496
1176,3.303999900817871,5.571000099182129,-9.130000114440918
1179,3.9649999141693115,6.099999904632568,-6.513000011444092
1182,1.8009999990463257,5.0289998054504395,-5.28000020980835
1185,-0.8920000195503235,5.7220001220703125,-4.668000221252441
1188,8.98799991607666,9.093999862670898,10.942999839782715
1191,9.253000259399414,8.559000015258789,13.717000007629395
1194,7.507999897003174,9.380999565124512,-11.543999671936035
1197,8.805000305175781,4.670000076293945,11.53499984741211
1200,9.343999862670898,5.72599983215332,-13.260000228881836
1203,7.663000106811523,5.065000057220459,-11.079999923706055
1206,12.09000015258789,8.515999794006348,13.42199993133545
1209,-9.345999717712402,8.753999710083008,11.890999794006348
1212,-7.0269999504089355,9.784000396728516,11.399999618530273
1215,-6.02400016784668,8.479000091552734,13.869000434875488
1218,-8.118000030517578,9.656999588012695,-11.595000267028809
1221,-10.687000274658203,8.449999809265137,-11.177000045776367
1224,12.053000450134277,4.577000141143799,13.744000434875488
1227,-9.805000305175781,5.914999961853027,11.20300006866455
1230,-7.156000137329102,4.664999961853027,11.07800006866455
1233,-6.638999938964844,5.644000053405762,13.569000244140625
1236,-7.9120001792907715,4.810999870300293,-11.432000160217285
1239,-10.649999618530273,5.800000190734863,-10.96399974822998
1242,-3.3310000896453857,9.812000274658203,13.87600040435791
1245,-2.4609999656677246,8.902000427246094,11.482999801635742
1248,0.5379999876022339,9.664999961853027,11.223999977111816
1251,1.5410000085830688,8.956999778747559,13.647000312805176
1254,-0.19099999964237213,9.630999565124512,-11.534000396728516
1257,-2.6470000743865967,8.517000198364258,-11.065999984741211
1260,-3.558000087738037,4.172999858856201,13.352999687194824
1263,-2.0399999618530273,6.138000011444092,11.649999618530273
1266,0.4390000104904175,4.8470001220703125,11.696000099182129
1269,1.7089999914169312,6.085000038146973,13.717000007629395
1272,0.3370000123977661,5.068999767303467,-11.012999534606934
1275,-2.7249999046325684,5.708000183105469,-11.420000076293945
1278,4.229000091552734,9.289999961853027,13.194000244140625
1281,6.327000141143799,8.604000091552734,11.505000114440918
1284,4.8470001220703125,8.892999649047852,-11.178999900817871
1287,4.329999923706055,5.040999889373779,13.357000350952148
1290,6.0960001945495605,5.629000186920166,11.58899974822998
1293,5.2179999351501465,6.039999961853027,-11.086999893188477
