0,-0.7749999761581421,-8.274999618530273,-2.8429999351501465
3,11.616000175476074,-5.610000133514404,8.25100040435791
6,-7.824999809265137,-1.0080000162124634,-7.539000034332275
9,-4.557000160217285,9.380999565124512,4.961999893188477
12,-7.052000045776367,10.62600040435791,-8.326000213623047
15,2.135999917984009,-2.5460000038146973,-0.671999990940094
18,8.989999771118164,6.486000061035156,10.734000205993652
21,7.681000232696533,1.090000033378601,11.935999870300293
24,11.027999877929688,8.706000328063965,11.140000343322754
27,11.092000007629395,-5.989999771118164,-2.74399995803833
30,11.520000457763672,1.784000039100647,13.75100040435791
33,11.92300033569336,-9.371999740600586,5.090000152587891
36,-2.1549999713897705,10.892999649047852,6.395999908447266
39,-10.75,-9.27400016784668,10.40999984741211
42,1.0019999742507935,-3.6080000400543213,3.7790000438690186
45,-5.316999912261963,12.668999671936035,12.420999526977539
48,0.9330000281333923,-8.276000022888184,10.871000289916992
51,-5.801000118255615,-7.1579999923706055,12.09000015258789
54,-6.827000141143799,-3.075000047683716,7.21999979019165
57,0.07800000160932541,9.920000076293945,9.920999526977539
60,1.1649999618530273,13.020999908447266,4.98199987411499
63,-8.387999534606934,-0.9860000014305115,1.0269999504089355
66,5.586999893188477,12.774999618530273,10.043999671936035
69,-2.11299991607666,-6.784999847412109,8.557999610900879
72,10.479999542236328,-3.130000114440918,9.156000137329102
75,-6.889999866485596,-5.868000030517578,1.4199999570846558
78,-7.383999824523926,-2.8980000019073486,-2.7109999656677246
81,-5.236999988555908,2.8380000591278076,5.068999767303467
84,3.822000026702881,12.491000175476074,3.5409998893737793
87,-6.638000011444092,8.857000350952148,10.432999610900879
90,7.322999954223633,2.183000087738037,-3.486999988555908
93,-10.61299991607666,9.876999855041504,8.979999542236328
96,7.494999885559082,-9.42300033569336,0.21799999475479126
99,9.635000228881836,-7.124000072479248,0.39100000262260437
102,9.128999710083008,5.98799991607666,-9.631999969482422
105,-7.7870001792907715,-4.748000144958496,9.01099967956543
108,-10.335000038146973,3.2739999294281006,12.232000350952148
111,8.810999870300293,2.2850000858306885,1.4529999494552612
114,5.381999969482422,-6.331999778747559,4.986000061035156
117,5.079999923706055,-0.550000011920929,-9.767999649047852
120,-7.3480000495910645,-8.177000045776367,-0.00800000037997961
123,8.734999656677246,2.194000005722046,5.72599983215332
126,-7.9629998207092285,5.113999843597412,-0.7940000295639038
129,4.632999897003174,3.8380000591278076,-0.7829999923706055
132,1.343000054359436,-6.879000186920166,13.28499984741211
135,-8.803000450134277,8.335000038146973,-2.321000099182129
138,-3.378000020980835,6.01200008392334,-1.774999976158142
141,-5.531000137329102,-7.01800012588501,5.203999996185303
144,8.876999855041504,10.621000289916992,3.128000020980835
147,-7.448999881744385,3.940999984741211,3.9830000400543213
150,-3.8550000190734863,9.472999572753906,-9.82699966430664
153,11.78499984741211,3.5869998931884766,5.455999851226807
156,-10.670999526977539,2.9730000495910645,-3.2170000076293945
159,4.156000137329102,-6.323999881744385,0.8349999785423279
162,-11.008999824523926,4.0269999504089355,0.6700000166893005
165,-3.8359999656677246,11.36400032043457,-4.5980000495910645
168,1.4919999837875366,-3.9749999046325684,12.321999549865723
171,9.223999977111816,-0.02500000037252903,7.289999961853027
174,-7.177000045776367,6.0980000495910645,6.940999984741211
177,9.743000030517578,6.015999794006348,3.3589999675750732
180,8.473999977111816,4.1020002365112305,-0.382999986410141
183,10.725000381469727,7.328999996185303,-2.062000036239624
186,3.6010000705718994,-7.113999843597412,-7.4019999504089355
189,0.9570000171661377,-3.2980000972747803,9.838000297546387
192,-1.3220000267028809,-2.494999885559082,2.6679999828338623
195,-1.4780000448226929,-9.399999618530273,9.732999801635742
198,0.8799999952316284,7.849999904632568,3.509999990463257
201,0.12300000339746475,12.5649995803833,-0.7480000257492065
204,3.509000062942505,-8.958999633789063,11.963000297546387
207,1.5549999475479126,10.39900016784668,3.9690001010894775
210,7.6570000648498535,-3.1059999465942383,1.590999960899353
213,6.114999771118164,2.690999984741211,-11.312999725341797
216,3.4800000190734863,12.255999565124512,7.8470001220703125
219,-1.3179999589920044,4.827000141143799,-0.17599999904632568
222,-3.9489998817443848,-2.7179999351501465,-2.003999948501587
225,0.05400000140070915,-3.6089999675750732,-6.3520002365112305
228,7.561999797821045,-7.870999813079834,2.9830000400543213
231,7.138999938964844,5.980999946594238,5.208000183105469
234,-10.954999923706055,-4.763999938964844,5.736999988555908
237,8.177000045776367,7.960000038146973,-7.74399995803833
240,-9.22700023651123,5.959000110626221,1.3480000495910645
243,-6.019999980926514,8.968000411987305,-2.6549999713897705
246,8.659000396728516,9.164999961853027,5.546000003814697
249,11.092000007629395,-5.1570000648498535,-5.586999893188477
252,5.48799991607666,-1.7940000295639038,-7.383999824523926
255,-8.835000038146973,-7.942999839782715,-6.739999771118164
258,-7.880000114440918,-6.533999919891357,-9.364999771118164
261,-4.620999813079834,1.5540000200271606,-7.560999870300293
264,3.2179999351501465,12.184000015258789,0.23100000619888306
267,11.621999740600586,-5.429999828338623,-11.090999603271484
270,8.600000381469727,6.953999996185303,-5.172999858856201
273,-10.3149995803833,11.222999572753906,-6.935999870300293
276,-6.131999969482422,10.866000175476074,8.055000305175781
279,-4.386000156402588,-3.6519999504089355,7.47599983215332
282,-8.265999794006348,-6.9730000495910645,13.152999877929688
285,11.652000427246094,-7.177000045776367,13.621999740600586
288,-1.4850000143051147,2.444999933242798,9.887999534606934
291,-3.0260000228881836,8.571999549865723,-3.121999979019165
294,4.4710001945495605,12.61400032043457,-6.636000156402588
297,12.560999870300293,-5.677000045776367,0.3959999978542328
300,-10.494000434875488,11.604999542236328,-0.984000027179718
303,-4.118000030517578,-3.4749999046325684,-5.085000038146973
306,5.920000076293945,9.02400016784668,-2.556999921798706
309,7.468999862670898,-2.5160000324249268,11.267000198364258
312,12.213000297546387,-7.809999942779541,-5.8429999351501465
315,-7.334000110626221,4.7179999351501465,-3.4630000591278076
318,2.203000068664551,6.085999965667725,5.125
321,6.2270002365112305,-6.361000061035156,12.902999877929688
324,6.627999782562256,-6.35699987411499,10.237000465393066
327,9.555000305175781,12.817999839782715,6.567999839782715
330,9.652000427246094,12.322999954223633,-10.064000129699707
333,3.5260000228881836,13.10200023651123,-11.87399959564209
336,10.88599967956543,11.187999725341797,-4.598999977111816
339,11.793000221252441,9.083999633789063,0.29100000858306885
342,-1.5069999694824219,10.380999565124512,-10.748000144958496
345,-0.6050000190734863,-1.6779999732971191,8.427000045776367
348,-8.173999786376953,-4.00600004196167,-6.682000160217285
351,-1.246000051498413,-4.5229997634887695,-10.57800006866455
354,1.3799999952316284,1.1399999856948853,13.699000358581543
357,-9.800000190734863,3.7750000953674316,-6.2230000495910645
360,-5.349999904632568,-5.428999900817871,14.140999794006348
363,-9.954000473022461,11.815999984741211,6.671000003814697
366,-3.2139999866485596,11.461000442504883,11.163000106811523
369,-1.628999948501587,-7.294000148773193,11.680999755859375
372,2.6500000953674316,-4.632999897003174,5.73199987411499
375,-7.935999870300293,9.109000205993652,7.2170000076293945
378,6.439000129699707,10.767000198364258,-12.265000343322754
381,7.315000057220459,7.968999862670898,-13.013999938964844
384,-7.889999866485596,-8.972999572753906,-10.994999885559082
387,-4.630000114440918,-5.921999931335449,9.805000305175781
390,-6.370999813079834,10.074999809265137,12.838000297546387
393,-3.763000011444092,8.78600025177002,10.284000396728516
396,10.784000396728516,11.491999626159668,10.52400016784668
399,-4.989999771118164,-7.414999961853027,-1.2259999513626099
402,-9.913999557495117,13.024999618530273,12.951000213623047
405,10.824999809265137,12.065999984741211,-7.688000202178955
408,-2.3369998931884766,8.923999786376953,1.2660000324249268
411,-5.11299991607666,12.090999603271484,-1.597000002861023
414,8.961999893188477,12.243000030517578,12.581999778747559
417,8.12399959564209,2.6500000953674316,9.059000015258789
420,-9.218000411987305,-0.7829999923706055,-3.0869998931884766
423,-8.607000350952148,-3.3510000705718994,-9.598999977111816
426,-1.569000005722046,0.824999988079071,3.1710000038146973
429,3.1589999198913574,7.794000148773193,-10.642000198364258
432,9.4350004196167,-4.394999980926514,-13.041000366210938
435,-9.946000099182129,-2.421999931335449,7.156000137329102
438,-1.4839999675750732,5.791999816894531,5.3420000076293945
441,-3.2039999961853027,-0.9049999713897705,12.322999954223633
444,-2.61299991607666,4.228000164031982,11.59000015258789
447,2.0350000858306885,4.703999996185303,-9.538000106811523
450,4.214000225067139,5.159999847412109,-11.135000228881836
453,3.065999984741211,-5.124000072479248,-12.696000099182129
456,-8.543999671936035,-8.89799976348877,8.357999801635742
459,-7.552999973297119,-3.871000051498413,13.883999824523926
462,-3.3499999046325684,-1.0169999599456787,9.005000114440918
465,-9.331999778747559,-3.9719998836517334,-1.0010000467300415
468,-7.630000114440918,-0.0430000014603138,6.7789998054504395
471,3.4059998989105225,5.120999813079834,7.526000022888184
474,-2.938999891281128,-6.230999946594238,5.8470001220703125
477,-5.116000175476074,6.638999938964844,4.459000110626221
480,6.010000228881836,-1.5759999752044678,6.645999908447266
483,6.7820000648498535,5.947000026702881,-11.307999610900879
486,1.7309999465942383,-1.309999942779541,11.918000221252441
489,-5.927000045776367,1.1679999828338623,8.475000381469727
492,4.545000076293945,2.5409998893737793,6.671999931335449
495,2.4049999713897705,3.9210000038146973,12.845000267028809
498,12.333000183105469,-3.0399999618530273,3.7219998836517334
501,-11.156999588012695,6.361000061035156,-5.910999774932861
504,-0.5759999752044678,2.444000005722046,5.211999893188477
507,0.36899998784065247,0.8190000057220459,8.293999671936035
510,-1.2480000257492065,1.1380000114440918,12.517000198364258
513,1.8309999704360962,-8.303999900817871,1.7860000133514404
516,4.007999897003174,0.45100000500679016,-12.704999923706055
519,-10.079999923706055,1.0709999799728394,-11.677000045776367
522,0.8029999732971191,-5.238999843597412,1.4290000200271606
525,-2.2639999389648438,3.6589999198913574,-3.2070000171661377
528,1.9240000247955322,-7.166999816894531,-3.1630001068115234
531,-6.639999866485596,6.166999816894531,2.249000072479248
534,-8.925000190734863,-4.78000020980835,11.342000007629395
537,-7.540999889373779,-0.164000004529953,4.136000156402588
540,0.7480000257492065,1.2630000114440918,-4.1020002365112305
543,7.565999984741211,6.571000099182129,0.4399999976158142
546,-7.223999977111816,11.395999908447266,0.27399998903274536
549,7.288000106811523,3.240000009536743,3.690999984741211
552,6.495999813079834,-5.999000072479248,-0.7089999914169312
555,-9.322999954223633,-0.515999972820282,11.498000144958496
558,8.678999900817871,8.930999755859375,-1.944000005722046
561,-9.727999687194824,-6.047999858856201,-2.7119998931884766
564,5.859000205993652,-1.6770000457763672,0.19300000369548798
567,7.656000137329102,-0.5569999814033508,-10.713000297546387
570,12.079999923706055,1.215000033378601,6.498000144958496
573,-5.980000019073486,-1.1519999504089355,-0.8149999976158142
576,-5.425000190734863,2.86899995803833,-2.6689999103546143
579,-0.6850000023841858,10.675000190734863,-3.2909998893737793
582,-1.1299999952316284,-6.7870001792907715,0.652999997138977
585,-4.9029998779296875,-4.8460001945495605,3.0980000495910645
588,4.514999866485596,4.151000022888184,4.538000106811523
591,12.678000450134277,10.350000381469727,-11.321000099182129
594,10.98900032043457,7.185999870300293,-11.529999732971191
597,10.708999633789063,3.552999973297119,2.759000062942505
600,-0.12600000202655792,-1.1109999418258667,-0.9049999713897705
603,-3.0280001163482666,-4.209000110626221,14.46500015258789
606,5.5269999504089355,-4.578000068664551,2.7699999809265137
609,-0.7799999713897705,4.26200008392334,-11.222000122070313
612,-1.7089999914169312,8.489999771118164,4.110000133514404
615,8.27400016784668,-4.784999847412109,-2.496999979019165
618,1.1720000505447388,3.5889999866485596,3.4059998989105225
621,11.536999702453613,-1.059000015258789,8.072999954223633
624,-10.107000350952148,-8.477999687194824,0.3619999885559082
627,-4.224999904632568,4.540999889373779,-7.810999870300293
630,9.550000190734863,4.501999855041504,7.370999813079834
633,1.0460000038146973,-0.6589999794960022,3.055999994277954
636,4.916999816894531,5.919000148773193,1.6169999837875366
639,11.71399974822998,-6.914999961853027,-8.663000106811523
642,6.339000225067139,0.8460000157356262,5.447000026702881
645,6.88100004196167,12.26200008392334,7.577000141143799
648,-3.375999927520752,-2.635999917984009,4.267000198364258
651,3.6010000705718994,12.49899959564209,-3.2929999828338623
654,-4.361999988555908,8.17199993133545,13.119000434875488
657,8.230999946594238,-2.7809998989105225,4.388000011444092
660,-6.480000019073486,0.9120000004768372,1.5399999618530273
663,-8.0,1.8990000486373901,-3.8450000286102295
666,-9.050000190734863,9.392999649047852,0.414000004529953
669,9.227999687194824,8.505999565124512,1.4850000143051147
672,2.6610000133514404,-0.38100001215934753,-10.57800006866455
675,12.284000396728516,-0.7149999737739563,1.815000057220459
678,9.685999870300293,11.663000106811523,-0.7670000195503235
681,-0.7009999752044678,-1.2869999408721924,-5.269000053405762
684,-9.48900032043457,5.715000152587891,12.824000358581543
687,10.977999687194824,3.2780001163482666,-6.13700008392334
690,-8.543999671936035,2.611999988555908,-0.13899999856948853
693,9.67199993133545,-4.3480000495910645,-0.1550000011920929
696,-11.241000175476074,9.520999908447266,-3.00600004196167
699,4.177999973297119,8.321999549865723,-7.952000141143799
702,10.583999633789063,-1.5670000314712524,-0.4740000069141388
705,-5.127999782562256,-7.289000034332275,-6.473999977111816
708,11.892000198364258,-0.5099999904632568,-3.9800000190734863
711,8.095999717712402,-1.9839999675750732,-2.0840001106262207
714,1.2829999923706055,11.151000022888184,-6.993000030517578
717,-3.625999927520752,-6.8429999351501465,1.7790000438690186
720,3.0369999408721924,-4.281000137329102,-6.571000099182129
723,1.3839999437332153,2.6050000190734863,-8.163000106811523
726,9.336999893188477,-7.486999988555908,-10.045000076293945
729,7.651000022888184,-3.6649999618530273,-7.156000137329102
732,2.5490000247955322,1.5920000076293945,2.5190000534057617
735,9.585000038146973,1.1519999504089355,-7.177000045776367
738,5.578000068664551,-2.0390000343322754,3.802000045776367
741,-6.679999828338623,-1.4520000219345093,-4.920000076293945
744,3.51200008392334,10.187000274658203,-6.215000152587891
747,-10.83899974822998,-2.9600000381469727,12.350000381469727
750,0.11800000071525574,-2.884999990463257,-9.001999855041504
753,-6.427999973297119,-6.921999931335449,7.994999885559082
756,9.380999565124512,-4.0229997634887695,-10.026000022888184
759,-8.144000053405762,1.746999979019165,-6.576000213623047
762,-4.210000038146973,-0.6349999904632568,-5.748000144958496
765,-5.776000022888184,12.460000038146973,5.489999771118164
768,5.159999847412109,11.383000373840332,-9.831000328063965
771,-1.371000051498413,7.427999973297119,-5.425000190734863
774,-6.822000026702881,-2.992000102996826,4.4079999923706055
777,3.6510000228881836,-1.4730000495910645,-3.0250000953674316
780,-4.414999961853027,4.576000213623047,2.744999885559082
783,-0.13699999451637268,12.074000358581543,-9.105999946594238
786,-5.807000160217285,7.056000232696533,-0.7239999771118164
789,11.137999534606934,12.48799991607666,-12.781000137329102
792,-8.119999885559082,6.47599983215332,10.133000373840332
795,2.8970000743865967,3.2869999408721924,9.810999870300293
798,8.902999877929688,-7.166999816894531,-12.619999885559082
801,-5.9039998054504395,12.536999702453613,-6.785999774932861
804,-5.339000225067139,-4.921000003814697,-2.4140000343322754
807,-10.92199993133545,-1.2369999885559082,-9.861000061035156
810,-8.21500015258789,2.76200008392334,-9.175999641418457
813,1.222000002861023,-5.684999942779541,8.031999588012695
816,9.871999740600586,0.4959999918937683,-2.572999954223633
819,5.071000099182129,-8.895999908447266,5.85099983215332
822,7.380000114440918,-1.0839999914169312,8.979000091552734
825,-3.575000047683716,7.334000110626221,-11.552000045776367
828,-2.8350000381469727,-5.5970001220703125,-8.434000015258789
831,2.9649999141693115,5.965000152587891,-7.302999973297119
834,-1.7109999656677246,-9.09000015258789,2.1619999408721924
837,5.458000183105469,11.371999740600586,-0.9449999928474426
840,5.960000038146973,-9.229000091552734,-4.445000171661377
843,3.316999912261963,-2.1649999618530273,7.803999900817871
846,6.5,12.005999565124512,2.444999933242798
849,0.6970000267028809,-8.057000160217285,-6.196000099182129
852,-2.069000005722046,-5.394000053405762,-5.552999973297119
855,3.132999897003174,0.6840000152587891,8.894000053405762
858,5.702000141143799,6.769999980926514,7.408999919891357
861,-6.315000057220459,-5.22599983215332,-5.126999855041504
864,5.960000038146973,6.6579999923706055,-4.130000114440918
867,-10.144000053405762,0.29899999499320984,-0.6320000290870667
870,6.019999980926514,-9.032999992370605,14.071000099182129
873,0.7979999780654907,7.021999835968018,12.517999649047852
876,-6.557000160217285,-1.4869999885559082,-12.647000312805176
879,-3.196000099182129,-7.754000186920166,-4.261000156402588
882,-10.024999618530273,4.123000144958496,9.699000358581543
885,1.6440000534057617,2.930999994277954,6.751999855041504
888,-1.9299999475479126,-8.067999839782715,-9.736000061035156
891,11.300999641418457,6.684999942779541,8.631999969482422
894,-4.567999839782715,5.923999786376953,7.188000202178955
897,-8.222999572753906,-0.6389999985694885,-10.394000053405762
900,-4.080999851226807,-0.03999999910593033,4.896999835968018
903,7.809000015258789,9.432000160217285,8.029000282287598
906,-1.3569999933242798,2.187000036239624,0.8980000019073486
909,-9.373000144958496,7.999000072479248,2.9590001106262207
912,6.586999893188477,-4.715000152587891,6.692999839782715
915,-2.937999963760376,8.173999786376953,7.873000144958496
918,-10.175999641418457,6.385000228881836,-11.63599967956543
921,-2.944999933242798,1.0460000038146973,7.243000030517578
924,-1.4889999628067017,-9.104000091552734,5.0960001945495605
927,-5.85099983215332,7.890999794006348,-5.035999774932861
930,3.1689999103546143,-6.591000080108643,-10.246999740600586
933,10.347999572753906,9.345000267028809,13.958999633789063
936,2.7279999256134033,-5.257999897003174,-1.2630000114440918
939,5.408999919891357,0.4189999997615814,-1.9789999723434448
942,2.5959999561309814,-6.922999858856201,4.0289998054504395
945,12.715999603271484,-5.953000068664551,3.2079999446868896
948,3.881999969482422,8.807000160217285,-12.987000465393066
951,4.7230000495910645,3.9539999961853027,-7.224999904632568
954,-2.187999963760376,0.257999986410141,-10.678000450134277
957,-5.169000148773193,8.520000457763672,1.6410000324249268
960,2.431999921798706,9.66100025177002,11.875
963,-1.5190000534057617,-4.65500020980835,12.197999954223633
966,-6.3379998207092285,-0.49300000071525574,12.02400016784668
969,1.4670000076293945,-2.7239999771118164,-11.338000297546387
972,9.217000007629395,-0.40700000524520874,1.8799999952316284
975,9.907999992370605,-7.73799991607666,8.727999687194824
978,-1.5180000066757202,-3.558000087738037,6.13700008392334
981,1.1330000162124634,1.3109999895095825,0.09300000220537186
984,9.699000358581543,-1.9470000267028809,-6.380000114440918
987,-10.536999702453613,5.60699987411499,6.665999889373779
990,2.5260000228881836,12.947999954223633,-9.217000007629395
993,11.486000061035156,8.298999786376953,-7.478000164031982
996,-6.513999938964844,10.47700023651123,3.1050000190734863
999,2.6410000324249268,1.3669999837875366,-2.0969998836517334
1002,5.919000148773193,1.13100004196167,9.958999633789063
1005,-10.336000442504883,0.4000000059604645,4.288000106811523
1008,-4.01200008392334,2.109999895095825,2.0209999084472656
1011,5.191999912261963,1.0540000200271606,2.997999906539917
1014,-2.0390000343322754,-1.0829999446868896,-2.9200000762939453
1017,0.20399999618530273,4.5329999923706055,11.086000442504883
1020,-7.478000164031982,3.736999988555908,8.123000144958496
1023,8.319999694824219,4.857999801635742,-3.117000102996826
1026,-0.06499999761581421,11.065999984741211,1.7259999513626099
1029,-4.348999977111816,5.334000110626221,9.963000297546387
1032,3.6410000324249268,-4.243000030517578,-3.8919999599456787
1035,-0.3779999911785126,7.034999847412109,7.526000022888184
1038,-6.228000164031982,5.35699987411499,-5.809000015258789
1041,-7.488999843597412,-1.7630000114440918,9.753999710083008
1044,-6.168000221252441,9.84000015258789,-11.093999862670898
1047,0.7319999933242798,-0.20000000298023224,-7.711999893188477
1050,-8.564000129699707,8.682000160217285,-12.057999610900879
1053,-0.8009999990463257,6.506999969482422,1.7869999408721924
1056,-2.9600000381469727,3.489000082015991,6.067999839782715
1059,9.699000358581543,-8.501999855041504,-2.1659998893737793
1062,3.2909998893737793,8.864999771118164,-3.7939999103546143
1065,-3.865999937057495,1.253000020980835,-1.0219999551773071
1068,-9.65999984741211,5.98799991607666,-3.3429999351501465
1071,1.2610000371932983,-1.5269999504089355,5.980000019073486
1074,3.2070000171661377,6.353000164031982,-4.620999813079834
1077,11.097999572753906,10.270000457763672,7.026000022888184
1080,10.930000305175781,2.9700000286102295,-1.4869999885559082
1083,6.002999782562256,1.9579999446868896,-6.001999855041504
1086,-2.009999990463257,4.809000015258789,-5.9770002365112305
1089,-9.204999923706055,11.520000457763672,-9.559000015258789
1092,10.675000190734863,4.255000114440918,10.10200023651123
1095,-10.927000045776367,-4.35699987411499,-7.714000225067139
1098,10.597999572753906,-7.535999774932861,2.8329999446868896
1101,6.506999969482422,4.482999801635742,-9.03499984741211
1104,8.822999954223633,2.2990000247955322,13.958000183105469
1107,10.99899959564209,5.176000118255615,-3.9830000400543213
1110,6.572000026702881,8.512999534606934,-9.897000312805176
1113,11.289999961853027,1.6080000400543213,10.288000106811523
1116,-8.767999649047852,10.01200008392334,4.715000152587891
1119,-7.559999942779541,5.2170000076293945,-8.479999542236328
1122,-8.633000373840332,1.4210000038146973,13.258999824523926
1125,0.5929999947547913,8.38599967956543,-3.4690001010894775
1128,9.638999938964844,9.654000282287598,-9.727999687194824
1131,-3.5260000228881836,-3.359999895095825,10.600000381469727
1134,7.122000217437744,-0.8190000057220459,-5.513999938964844
1137,-0.7179999947547913,9.17199993133545,-7.4019999504089355
1140,1.6039999723434448,11.880999565124512,13.201000213623047
1143,2.996000051498413,-1.3799999952316284,-6.177999973297119
1146,10.222000122070313,-0.3179999887943268,12.317000389099121
1149,-3.890000104904175,3.0380001068115234,-10.260000228881836
1152,0.3160000145435333,6.079999923706055,-1.8990000486373901
1155,0.5210000276565552,-6.90500020980835,-10.864999771118164
1158,-10.362000465393066,7.448999881744385,10.940999984741211
1161,1.1649999618530273,12.482000350952148,-4.459000110626221
1164,3.2880001068115234,-2.2909998893737793,2.0239999294281006
1167,11.21500015258789,12.555999755859375,1.38100004196167
1170,-2.799999952316284,11.050999641418457,-0.6230000257492065
1173,0.8330000042915344,8.777999877929688,-9.651000022888184
1176,3.9130001068115234,8.868000030517578,9.532999992370605
1179,6.505000114440918,-0.503000020980835,13.743000030517578
1182,2.5829999446868896,4.0929999351501465,-2.9189999103546143
1185,9.960000038146973,-1.2599999904632568,-9.378999710083008
1188,-1.3769999742507935,8.633000373840332,12.51099967956543
1191,-8.76099967956543,-4.057000160217285,2.5950000286102295
1194,7.9679999351501465,-4.239999771118164,9.118000030517578
1197,11.61299991607666,7.197999954223633,4.935999870300293
1200,-3.8389999866485596,-1.3300000429153442,-12.234000205993652
1203,-8.46500015258789,2.441999912261963,6.083000183105469
1206,10.383000373840332,-1.0449999570846558,5.184999942779541
1209,-2.125,-7.309000015258789,-12.53600025177002
1212,0.46299999952316284,9.663999557495117,7.086999893188477
1215,3.628000020980835,6.374000072479248,12.74899959564209
1218,-10.585000038146973,12.61400032043457,-3.4600000381469727
1221,6.261000156402588,-6.074999809265137,-6.551000118255615
1224,-1.9950000047683716,11.020000457763672,13.729000091552734
1227,10.038000106811523,-2.9630000591278076,11.914999961853027
1230,-10.003999710083008,6.651000022888184,-8.814000129699707
1233,-2.9019999504089355,10.897000312805176,-7.224999904632568
1236,-5.334000110626221,5.577000141143799,-10.164999961853027
1239,-10.111000061035156,-3.6740000247955322,-12.223999977111816
1242,-10.039999961853027,-7.48799991607666,-11.427000045776367
1245,1.1119999885559082,13.043999671936035,8.284000396728516
1248,4.671000003814697,7.551000118255615,4.751999855041504
1251,-1.774999976158142,-9.097999572753906,-6.807000160217285
1254,8.394000053405762,11.894000053405762,-3.937000036239624
1257,-11.220999717712402,-6.544000148773193,10.888999938964844
1260,4.538000106811523,5.752999782562256,10.192999839782715
1263,6.611000061035156,7.765999794006348,10.633000373840332
1266,3.2790000438690186,9.993000030517578,6.313000202178955
1269,6.257999897003174,-6.320000171661377,-3.7929999828338623
1272,8.463000297546387,4.2129998207092285,-6.826000213623047
1275,0.5329999923706055,1.2949999570846558,-10.630000114440918
1278,7.223999977111816,10.534000396728516,10.567000389099121
1281,-6.158999919891357,6.434000015258789,12.446000099182129
1284,-8.267999649047852,11.204000473022461,-12.972999572753906
1287,1.475000023841858,6.434000015258789,9.456999778747559
1290,-1.88100004196167,6.173999786376953,-13.197999954223633
1293,0.8309999704360962,3.494999885559082,-5.644000053405762
