0,1.934999942779541,-8.968999862670898,5.769999980926514
3,12.156000137329102,12.35200023651123,9.487000465393066
6,9.37399959564209,-3.4159998893737793,8.262999534606934
9,11.986000061035156,-8.027000427246094,7.355999946594238
12,-7.531000137329102,-7.2829999923706055,9.305999755859375
15,5.421000003814697,-2.8519999980926514,7.353000164031982
18,8.779999732971191,11.447999954223633,6.735000133514404
21,8.932999610900879,-9.092000007629395,8.918999671936035
24,12.446000099182129,12.081999778747559,6.076000213623047
27,9.52299976348877,-6.870999813079834,7.409999847412109
30,-9.918999671936035,10.463000297546387,7.8520002365112305
33,5.361999988555908,9.880999565124512,5.622000217437744
36,-9.967000007629395,-5.914000034332275,7.640999794006348
39,11.557000160217285,-4.4019999504089355,4.664000034332275
42,-4.440000057220459,-9.107999801635742,1.0479999780654907
45,-5.130000114440918,-9.010000228881836,7.164000034332275
48,-4.289000034332275,-5.619999885559082,10.147000312805176
51,-7.89300012588501,-9.291000366210938,7.47599983215332
54,11.531000137329102,-0.8859999775886536,6.423999786376953
57,-6.308000087738037,10.282999992370605,5.604000091552734
60,-5.139999866485596,10.845999717712402,8.03499984741211
63,6.803999900817871,9.934000015258789,8.076000213623047
66,-1.5019999742507935,7.857999801635742,7.925000190734863
69,-6.184999942779541,12.060999870300293,10.29699993133545
72,-0.6269999742507935,-9.095999717712402,6.336999893188477
75,-0.3449999988079071,10.66100025177002,7.241000175476074
78,-1.4179999828338623,-8.029999732971191,3.177000045776367
81,7.169000148773193,-5.775000095367432,3.9660000801086426
84,0.9430000185966492,-5.482999801635742,8.777000427246094
87,-3.203000068664551,11.821000099182129,10.9399995803833
90,0.9589999914169312,10.39799976348877,12.335000038146973
93,-3.013000011444092,9.217000007629395,6.188000202178955
96,0.7350000143051147,-9.123000144958496,1.6009999513626099
99,3.055000066757202,-9.309000015258789,3.374000072479248
102,3.6600000858306885,10.690999984741211,11.505999565124512
105,4.040999889373779,-9.015000343322754,9.967000007629395
108,3.572000026702881,-6.89300012588501,-3.125999927520752
111,7.4029998779296875,-5.638999938964844,1.180999994277954
114,-0.7329999804496765,10.677000045776367,10.01200008392334
117,5.197999954223633,11.784000396728516,-0.29100000858306885
120,4.434999942779541,-7.513999938964844,-0.3540000021457672
123,8.527000427246094,12.392999649047852,2.440000057220459
126,5.269999980926514,-4.855000019073486,-3.8570001125335693
129,12.201000213623047,-7.368000030517578,-1.4170000553131104
132,-8.244000434875488,-4.497000217437744,-0.05999999865889549
135,-8.411999702453613,-6.171000003814697,2.1050000190734863
138,-9.178999900817871,-5.818999767303467,4.732999801635742
141,9.904999732971191,-6.814000129699707,4.560999870300293
144,10.137999534606934,-9.454999923706055,4.73799991607666
147,8.079000473022461,12.414999961853027,-1.1139999628067017
150,-10.312000274658203,12.555000305175781,-1.3609999418258667
153,-9.041000366210938,-8.769000053405762,1.8910000324249268
156,-9.112000465393066,-8.711999893188477,5.183000087738037
159,7.039000034332275,-8.288999557495117,0.6520000100135803
162,-5.875,-6.895999908447266,3.194000005722046
165,-5.197000026702881,-5.00600004196167,-1.6540000438690186
168,-3.9519999027252197,-6.986999988555908,-3.0429999828338623
171,-3.575000047683716,-6.493000030517578,1.9579999446868896
174,-5.960999965667725,1.8919999599456787,5.614999771118164
177,-5.046000003814697,-6.541999816894531,6.111999988555908
180,-6.979000091552734,12.397000312805176,0.3050000071525574
183,-7.320000171661377,-8.791000366210938,-2.2339999675750732
186,-5.321000099182129,11.618000030517578,-2.872999906539917
189,2.190999984741211,8.312000274658203,2.625
192,-3.6500000953674316,11.418999671936035,-0.6190000176429749
195,-6.2779998779296875,12.812000274658203,4.065000057220459
198,-1.847000002861023,-8.572999954223633,-2.5160000324249268
201,0.6980000138282776,-7.6020002365112305,-2.9489998817443848
204,1.4889999628067017,-7.171000003814697,-0.29100000858306885
207,-2.3570001125335693,8.965999603271484,-2.361999988555908
210,-1.1579999923706055,12.5,-0.19200000166893005
213,2.369999885559082,-3.505000114440918,4.339000225067139
216,4.2820000648498535,-7.201000213623047,-7.014999866485596
219,6.75,-7.190000057220459,-8.303999900817871
222,9.388999938964844,-7.236000061035156,-8.982999801635742
225,9.678000450134277,-8.288999557495117,-6.51200008392334
228,7.433000087738037,-6.561999797821045,-3.6089999675750732
231,9.3149995803833,-5.744999885559082,-1.3320000171661377
234,3.8299999237060547,12.022000312805176,-6.964000225067139
237,6.216000080108643,12.480999946594238,-8.467000007629395
240,8.845000267028809,11.119000434875488,-9.005999565124512
243,9.102999687194824,11.61299991607666,-5.919000148773193
246,7.6479997634887695,-9.423999786376953,-3.753000020980835
249,4.980999946594238,-8.680000305175781,-4.824999809265137
252,11.734999656677246,-4.429999828338623,-7.289000034332275
255,-10.414999961853027,-4.776000022888184,-9.607000350952148
258,-5.5879998207092285,-4.068999767303467,-8.168000221252441
261,-7.49399995803833,-5.007999897003174,-5.442999839782715
264,-7.840000152587891,-5.678999900817871,-2.5789999961853027
267,-10.503999710083008,-5.383999824523926,-5.208000183105469
270,12.359000205993652,-8.418000221252441,-6.938000202178955
273,-10.052000045776367,-8.085000038146973,-9.444999694824219
276,-7.553999900817871,-8.930000305175781,-9.968999862670898
279,-6.642000198364258,-7.9770002365112305,-7.499000072479248
282,-8.081000328063965,-8.73900032043457,-5.131999969482422
285,-10.62600040435791,-8.055000305175781,-4.234000205993652
288,-5.551000118255615,-2.7300000190734863,-5.085000038146973
291,-1.5750000476837158,-4.689000129699707,-10.425999641418457
294,2.878999948501587,-4.275000095367432,-8.467000007629395
297,2.318000078201294,-5.500999927520752,-6.140999794006348
300,0.12200000137090683,-6.926000118255615,-5.751999855041504
303,-2.4769999980926514,-5.97599983215332,-5.4019999504089355
306,-3.0859999656677246,-8.788999557495117,-8.932000160217285
309,-0.26899999380111694,-9.14799976348877,-9.571999549865723
312,-1.0420000553131104,10.223999977111816,-8.079999923706055
315,1.0989999771118164,-9.564000129699707,-6.961999893188477
318,1.5479999780654907,11.588000297546387,-3.9119999408721924
321,-4.443999767303467,-6.565999984741211,-6.833000183105469
324,8.418000221252441,-5.828000068664551,9.720000267028809
327,7.770999908447266,-7.086999893188477,12.727999687194824
330,6.830999851226807,-5.873000144958496,-10.755000114440918
333,6.6570000648498535,-7.9629998207092285,10.157999992370605
336,7.460000038146973,-8.62399959564209,-11.991000175476074
339,5.416999816894531,12.35099983215332,-11.109999656677246
342,9.253999710083008,-4.663000106811523,12.258999824523926
345,-6.831999778747559,-4.468999862670898,8.35099983215332
348,-7.2829999923706055,-4.565999984741211,14.067000389099121
351,-9.01099967956543,-6.224999904632568,-11.64900016784668
354,12.092000007629395,-5.604000091552734,-12.23900032043457
357,10.82800006866455,-8.03600025177002,-11.616999626159668
360,9.256999969482422,11.973999977111816,-13.027999877929688
363,11.862000465393066,-5.677000045776367,12.081999778747559
366,-8.979000091552734,12.458999633789063,10.628999710083008
369,-9.006999969482422,-8.814000129699707,13.3100004196167
372,-10.362000465393066,12.529999732971191,-11.657999992370605
375,10.928999900817871,11.222999572753906,-10.815999984741211
378,-5.23199987411499,-6.269999980926514,-12.14799976348877
381,-3.615999937057495,-7.9730000495910645,12.324999809265137
384,0.1080000028014183,-6.74399995803833,-11.10099983215332
387,-1.4759999513626099,-7.46999979019165,8.437000274658203
390,-4.0229997634887695,-5.928999900817871,-9.704999923706055
393,-5.169000148773193,-2.677999973297119,13.503000259399414
396,-6.309000015258789,-8.437999725341797,13.765000343322754
399,-2.7690000534057617,12.24899959564209,13.720999717712402
402,0.20200000703334808,12.611000061035156,13.758999824523926
405,2.2149999141693115,11.937000274658203,-10.425999641418457
408,-5.070000171661377,-8.911999702453613,-10.892999649047852
411,-7.626999855041504,-6.047999858856201,-9.21399974822998
414,1.6369999647140503,-4.333000183105469,-12.270000457763672
417,3.0810000896453857,-3.628999948501587,9.13700008392334
420,3.687999963760376,-5.629000186920166,-10.791999816894531
423,3.322000026702881,11.774999618530273,-13.29800033569336
426,1.6759999990463257,-7.9670000076293945,8.218999862670898
429,3.364000082015991,-8.11299991607666,-9.848999977111816
432,3.359999895095825,2.1730000972747803,3.7060000896453857
435,3.3340001106262207,1.1710000038146973,6.340000152587891
438,10.979000091552734,-0.6029999852180481,3.9130001068115234
441,-7.574999809265137,1.2799999713897705,10.732000350952148
444,9.152999877929688,0.8569999933242798,6.9679999351501465
447,9.914999961853027,3.263000011444092,8.14900016784668
450,3.8610000610351563,-1.406000018119812,5.369999885559082
453,7.665999889373779,-3.759999990463257,6.0320000648498535
456,9.29800033569336,-2.9170000553131104,3.75
459,-9.465999603271484,-0.20499999821186066,5.752999782562256
462,7.466000080108643,-1.319000005722046,8.135000228881836
465,3.743000030517578,-1.6699999570846558,10.904999732971191
468,11.954000473022461,2.0759999752044678,1.3530000448226929
471,9.501999855041504,1.559999942779541,2.884999990463257
474,-7.77400016784668,0.2809999883174896,0.8960000276565552
477,-4.408999919891357,2.9769999980926514,3.569000005722046
480,-5.019999980926514,-0.9160000085830688,8.35099983215332
483,-7.361000061035156,4.176000118255615,10.027000427246094
486,-2.484999895095825,-4.8480000495910645,7.267000198364258
489,12.190999984741211,-3.505000114440918,7.381999969482422
492,-7.132999897003174,-4.373000144958496,5.747000217437744
495,-0.041999999433755875,-1.062000036239624,7.258999824523926
498,-7.468999862670898,-1.9910000562667847,9.27299976348877
501,-9.892000198364258,-3.5220000743865967,13.939000129699707
504,-2.13100004196167,4.8470001220703125,7.5879998207092285
507,-3.443000078201294,1.2829999923706055,8.576000213623047
510,-2.6610000133514404,4.763999938964844,4.843999862670898
513,-0.33500000834465027,2.828000068664551,7.923999786376953
516,2.4800000190734863,2.51200008392334,8.479000091552734
519,0.3930000066757202,-0.45100000500679016,11.984999656677246
522,-2.36899995803833,-2.3610000610351563,8.437000274658203
525,-8.322999954223633,0.3840000033378601,8.085000038146973
528,-3.499000072479248,-4.013999938964844,0.36800000071525574
531,-1.9119999408721924,-6.732999801635742,5.395999908447266
534,-4.4019999504089355,-1.5989999771118164,4.196000099182129
537,1.4270000457763672,-3.4489998817443848,7.0269999504089355
540,2.9570000171661377,-0.39899998903274536,-5.63700008392334
543,2.7320001125335693,5.843999862670898,-0.8579999804496765
546,6.677999973297119,-1.034000039100647,0.4959999918937683
549,3.5820000171661377,0.07699999958276749,-1.7319999933242798
552,6.98199987411499,-1.4170000553131104,-3.236999988555908
555,1.6059999465942383,-3.325000047683716,1.3589999675750732
558,7.341000080108643,1.0490000247955322,-1.4140000343322754
561,12.178000450134277,-2.1600000858306885,-2.8359999656677246
564,-10.121000289916992,0.14100000262260437,-2.434999942779541
567,-10.71500015258789,-0.18199999630451202,0.3799999952316284
570,5.031000137329102,-0.3070000112056732,2.9040000438690186
573,5.35099983215332,-3.450000047683716,0.3109999895095825
576,8.720999717712402,-2.744999885559082,1.0880000591278076
579,10.812000274658203,-3.555999994277954,-0.5820000171661377
582,-10.404999732971191,-3.0360000133514404,0.7699999809265137
585,-10.479000091552734,-2.36899995803833,3.4760000705718994
588,-5.4039998054504395,0.6340000033378601,2.609999895095825
591,4.546999931335449,-5.080999851226807,3.562000036239624
594,-6.752999782562256,3.0360000133514404,-3.490999937057495
597,-8.916000366210938,2.578000068664551,-1.9570000171661377
600,-1.222000002861023,0.21299999952316284,-2.2679998874664307
603,-2.6640000343322754,-0.9789999723434448,1.9730000495910645
606,-5.434999942779541,0.8050000071525574,-0.35199999809265137
609,-9.89799976348877,4.910999774932861,3.9769999980926514
612,-7.256999969482422,-2.424999952316284,3.9010000228881836
615,-6.0879998207092285,-2.7360000610351563,0.9359999895095825
618,-2.4630000591278076,-2.122999906539917,-1.5529999732971191
621,-1.0399999618530273,-2.8440001010894775,0.7480000257492065
624,-2.7929999828338623,0.052000001072883606,6.164999961853027
627,-4.660999774932861,-3.13100004196167,6.458000183105469
630,2.2239999771118164,2.0810000896453857,0.8199999928474426
633,1.6710000038146973,3.430999994277954,-1.5329999923706055
636,0.44999998807907104,2.1700000762939453,4.985000133514404
639,4.678999900817871,-1.9819999933242798,-7.015999794006348
642,2.890000104904175,-1.0130000114440918,0.7540000081062317
645,3.3369998931884766,-5.23199987411499,0.7860000133514404
648,4.436999797821045,2.2739999294281006,-5.908999919891357
651,8.699999809265137,-0.013000000268220901,-8.47700023651123
654,11.236000061035156,1.1460000276565552,-7.76800012588501
657,11.998000144958496,-1.6770000457763672,-7.164000034332275
660,8.029999732971191,-0.2770000100135803,-5.360000133514404
663,4.313000202178955,1.6629999876022339,-8.67300033569336
666,3.989000082015991,-0.921999990940094,-9.826000213623047
669,8.16100025177002,-2.687999963760376,-8.939000129699707
672,9.309000015258789,-4.558000087738037,-10.586000442504883
675,10.406999588012695,-1.444000005722046,-4.823999881744385
678,8.21500015258789,-3.7679998874664307,-3.8949999809265137
681,4.86899995803833,-2.7119998931884766,-2.374000072479248
684,-8.76200008392334,3.865999937057495,-5.171999931335449
687,-9.831000328063965,2.2820000648498535,-8.256999969482422
690,-7.182000160217285,4.0269999504089355,-8.272000312805176
693,-6.085999965667725,1.6549999713897705,-6.446000099182129
696,-4.163000106811523,2.5859999656677246,-4.894999980926514
699,-7.670000076293945,-0.8370000123977661,-2.194000005722046
702,9.434000015258789,-5.698999881744385,-5.4039998054504395
705,-9.258999824523926,-0.17100000381469727,-6.822999954223633
708,-7.461999893188477,-1.774999976158142,-8.281000137329102
711,-7.120999813079834,-0.453000009059906,-4.982999801635742
714,-5.11299991607666,-1.5440000295639038,-1.3669999837875366
717,-10.512999534606934,-4.9079999923706055,-2.3299999237060547
720,-1.5440000295639038,2.318000078201294,-4.091000080108643
723,-0.17800000309944153,2.063999891281128,-6.546000003814697
726,-0.6290000081062317,4.659999847412109,-7.061999797821045
729,1.5989999771118164,1.8049999475479126,-8.845999717712402
732,1.0889999866485596,1.9919999837875366,-3.697000026702881
735,1.156000018119812,-0.7319999933242798,-3.6059999465942383
738,-3.0299999713897705,-2.871999979019165,-4.081999778747559
741,-1.128999948501587,-3.2890000343322754,-5.75600004196167
744,0.2240000069141388,-3.4100000858306885,-8.347000122070313
747,-0.14000000059604645,-0.7310000061988831,-8.842000007629395
750,1.1690000295639038,-3.3550000190734863,-4.427999973297119
753,0.8420000076293945,-3.5309998989105225,-1.7410000562667847
756,6.473999977111816,-0.6629999876022339,10.890999794006348
759,9.137999534606934,1.940999984741211,-11.935999870300293
762,7.175000190734863,1.8639999628067017,-9.741000175476074
765,8.913000106811523,-2.184999942779541,11.024999618530273
768,4.644000053405762,-2.9070000648498535,13.300999641418457
771,5.520999908447266,-3.568000078201294,-11.251999855041504
774,11.704999923706055,2.2149999141693115,13.369000434875488
777,9.812000274658203,0.17299999296665192,12.065999984741211
780,12.803000450134277,-0.4259999990463257,9.005999565124512
783,-5.920000076293945,-0.30799999833106995,12.496999740600586
786,-8.654999732971191,2.4709999561309814,-10.729999542236328
789,8.020000457763672,-0.6949999928474426,-12.83899974822998
792,11.668999671936035,-1.9079999923706055,12.822999954223633
795,-9.015999794006348,-5.205999851226807,11.461000442504883
798,-10.00100040435791,-2.4730000495910645,10.571000099182129
801,-9.982999801635742,0.25099998712539673,-11.5600004196167
804,-9.52400016784668,-2.2690000534057617,-10.381999969482422
807,9.72599983215332,-2.9670000076293945,-12.74899959564209
810,-6.859000205993652,2.9769999980926514,13.62600040435791
813,-3.438999891281128,-1.6139999628067017,-11.73799991607666
816,5.318999767303467,-0.4699999988079071,-12.621000289916992
819,1.9179999828338623,1.3839999437332153,13.262999534606934
822,-3.0820000171661377,-0.6190000176429749,-9.107000350952148
825,-5.8979997634887695,2.382999897003174,-10.954999923706055
828,-4.301000118255615,1.781999945640564,12.866999626159668
831,-3.3919999599456787,-4.330999851226807,12.414999961853027
834,-3.875,-8.265999794006348,9.520999908447266
837,-1.350000023841858,-3.5369999408721924,-12.927000045776367
840,-3.4130001068115234,-2.552999973297119,-7.27400016784668
843,-5.567999839782715,0.27900001406669617,-8.895000457763672
846,4.627999782562256,1.9609999656677246,13.628999710083008
849,0.6650000214576721,-3.2330000400543213,12.435999870300293
852,-2.6070001125335693,4.085000038146973,-8.901000022888184
855,-1.246999979019165,-4.250999927520752,10.706999778747559
858,1.5989999771118164,0.11299999803304672,9.477999687194824
861,1.7319999933242798,-2.1760001182556152,-10.880999565124512
864,8.645000457763672,6.131999969482422,11.069000244140625
867,6.119999885559082,2.3529999256134033,3.1500000953674316
870,7.868000030517578,10.439000129699707,10.303999900817871
873,12.17199993133545,7.142000198364258,6.442999839782715
876,9.92300033569336,8.241999626159668,9.91100025177002
879,9.628999710083008,-9.489999771118164,11.6899995803833
882,7.2220001220703125,4.008999824523926,8.902999877929688
885,8.84000015258789,4.984000205993652,6.170000076293945
888,8.140999794006348,2.630000114440918,4.934000015258789
891,9.300999641418457,5.6519999504089355,2.2019999027252197
894,-11.229999542236328,2.506999969482422,9.057999610900879
897,10.895999908447266,4.414999961853027,11.878000259399414
900,-7.97599983215332,8.362000465393066,7.5970001220703125
903,-8.258000373840332,8.291999816894531,5.00600004196167
906,-4.452000141143799,9.079000473022461,0.6539999842643738
909,-4.728000164031982,5.7789998054504395,7.620999813079834
912,-4.258999824523926,7.974999904632568,9.21399974822998
915,-6.599999904632568,9.20300006866455,9.918999671936035
918,-9.092000007629395,3.9509999752044678,7.839000225067139
921,-9.954999923706055,0.5839999914169312,3.2769999504089355
924,-4.580999851226807,7.265999794006348,5.000999927520752
927,0.09200000017881393,4.770999908447266,4.229000091552734
930,-2.0139999389648438,-0.9470000267028809,10.692000389099121
933,-9.9399995803833,6.752999782562256,8.767999649047852
936,8.562999725341797,7.63100004196167,6.947000026702881
939,3.874000072479248,4.458000183105469,1.4450000524520874
942,3.5829999446868896,10.418000221252441,3.5799999237060547
945,9.269000053405762,9.3100004196167,5.064000129699707
948,-1.0010000467300415,5.999000072479248,10.255000114440918
951,0.9520000219345093,9.534000396728516,4.968999862670898
954,-5.6620001792907715,3.11899995803833,8.131999969482422
957,-1.784999966621399,1.1549999713897705,3.6640000343322754
960,7.890999794006348,3.4590001106262207,1.340000033378601
963,-0.4059999883174896,7.151000022888184,5.281000137329102
966,6.375,2.1389999389648438,11.369000434875488
969,-1.5199999809265137,2.453000068664551,10.258999824523926
972,4.938000202178955,4.929999828338623,-6.923999786376953
975,5.415999889373779,9.190999984741211,-1.375
978,6.189000129699707,10.345000267028809,2.197999954223633
981,4.349999904632568,6.126999855041504,-3.2149999141693115
984,7.026000022888184,5.570000171661377,-3.4570000171661377
987,11.562000274658203,4.0370001792907715,-1.149999976158142
990,10.22599983215332,11.670999526977539,0.4129999876022339
993,-10.694000244140625,11.32800006866455,1.3450000286102295
996,-10.468000411987305,10.083999633789063,-2.128000020980835
999,-9.083999633789063,7.889999866485596,-1.0809999704360962
1002,-10.1850004196167,8.515000343322754,2.065999984741211
1005,11.946999549865723,9.192999839782715,4.361999988555908
1008,10.909000396728516,6.5920000076293945,-1.8300000429153442
1011,8.756999969482422,3.4820001125335693,-1.0959999561309814
1014,-5.544000148773193,3.5250000953674316,-0.9829999804496765
1017,-9.20300006866455,5.050000190734863,-0.5580000281333923
1020,10.949000358581543,4.5329999923706055,4.178999900817871
1023,7.747000217437744,7.658999919891357,-1.8580000400543213
1026,-7.124000072479248,9.635000228881836,-0.30000001192092896
1029,-6.5229997634887695,9.019000053405762,-2.9000000953674316
1032,-4.376999855041504,7.098999977111816,-1.4259999990463257
1035,-2.7190001010894775,9.54800033569336,3.2230000495910645
1038,-3.2960000038146973,12.357999801635742,3.5429999828338623
1041,-6.502999782562256,7.89300012588501,2.7219998836517334
1044,-5.160999774932861,4.570000171661377,1.4600000381469727
1047,-3.058000087738037,4.882999897003174,-0.7329999804496765
1050,-0.6200000047683716,4.578999996185303,-2.25600004196167
1053,-1.2020000219345093,3.062000036239624,1.6469999551773071
1056,-3.2820000648498535,6.414000034332275,2.2799999713897705
1059,-7.8520002365112305,5.389999866485596,2.135999917984009
1062,-1.1089999675750732,7.202000141143799,0.7900000214576721
1065,-0.4519999921321869,9.732999801635742,0.05700000002980232
1068,1.2239999771118164,5.828999996185303,1.8569999933242798
1071,-2.63100004196167,1.0509999990463257,0.07699999958276749
1074,2.0329999923706055,8.571000099182129,-0.11500000208616257
1077,8.15999984741211,8.241999626159668,2.5399999618530273
1080,3.5360000133514404,9.116000175476074,-5.63700008392334
1083,6.011000156402588,6.866000175476074,-10.555999755859375
1086,8.074000358581543,8.607999801635742,-9.802000045776367
1089,9.916000366210938,9.144000053405762,-6.855000019073486
1092,5.618000030517578,7.252999782562256,-5.761000156402588
1095,9.657999992370605,8.621000289916992,-0.12999999523162842
1098,9.163000106811523,2.252000093460083,-6.0279998779296875
1101,6.656000137329102,4.544000148773193,-9.02299976348877
1104,9.001999855041504,4.688000202178955,-7.699999809265137
1107,8.095999717712402,7.230999946594238,-7.010000228881836
1110,9.831999778747559,4.801000118255615,-3.8010001182556152
1113,6.820000171661377,2.5320000648498535,-4.206999778747559
1116,-11.255999565124512,11.038000106811523,-7.369999885559082
1119,-9.559000015258789,10.380000114440918,-9.503999710083008
1122,-6.7129998207092285,10.842000007629395,-9.57800006866455
1125,-5.839000225067139,10.119000434875488,-6.749000072479248
1128,-8.222000122070313,11.043000221252441,-5.505000114440918
1131,-10.614999771118164,9.64900016784668,-5.184999942779541
1134,12.067999839782715,4.541999816894531,-5.813000202178955
1137,-9.710000038146973,8.32800006866455,-7.326000213623047
1140,-7.859000205993652,6.215000152587891,-6.589000225067139
1143,-6.230999946594238,7.818999767303467,-5.256999969482422
1146,-0.9089999794960022,6.848999977111816,-3.7260000705718994
1149,11.77400016784668,7.333000183105469,-4.96999979019165
1152,-3.4149999618530273,11.52400016784668,-7.063000202178955
1155,-3.927000045776367,6.611999988555908,-8.541999816894531
1158,0.7490000128746033,7.980000019073486,-8.734999656677246
1161,0.9160000085830688,9.548999786376953,-6.521999835968018
1164,-0.6399999856948853,9.942000389099121,-4.435999870300293
1167,-2.6700000762939453,11.78600025177002,-4.210000038146973
1170,-4.341000080108643,5.566999912261963,-4.336999893188477
1173,-2.5950000286102295,6.408999919891357,-6.111999988555908
1176,-0.7979999780654907,6.289999961853027,-10.163999557495117
1179,2.3550000190734863,9.038999557495117,-2.934000015258789
1182,2.0250000953674316,5.795000076293945,-7.39300012588501
1185,1.8860000371932983,6.88700008392334,-4.51200008392334
1188,5.133999824523926,8.387999534606934,11.017999649047852
1191,5.931000232696533,8.340999603271484,13.718999862670898
1194,4.574999809265137,9.07699966430664,-11.192000389099121
1197,10.916000366210938,6.767000198364258,13.614999771118164
1200,8.034000396728516,6.250999927520752,13.63599967956543
1203,5.083000183105469,4.738999843597412,-12.829000473022461
1206,8.184000015258789,9.717000007629395,12.857000350952148
1209,12.067000389099121,8.73900032043457,11.404999732971191
1212,-9.053999900817871,9.277999877929688,11.072999954223633
1215,-8.614999771118164,7.734000205993652,13.680000305175781
1218,-9.833999633789063,9.456999778747559,-12.0
1221,10.46500015258789,8.133000373840332,-10.958999633789063
1224,11.802000045776367,3.5460000038146973,-11.458000183105469
1227,-9.180000305175781,1.690999984741211,12.90999984741211
1230,-10.338000297546387,4.718999862670898,10.6899995803833
1233,-10.479000091552734,6.047999858856201,-11.942999839782715
1236,-11.100000381469727,6.954999923706055,-9.36299991607666
1239,11.821000099182129,4.458000183105469,-8.473999977111816
1242,-6.14900016784668,8.711000442504883,12.970999717712402
1245,-3.7279999256134033,7.599999904632568,12.47599983215332
1248,-0.9710000157356262,8.206000328063965,12.234999656677246
1251,-2.680000066757202,8.602999687194824,-9.859000205993652
1254,-3.48799991607666,10.887999534606934,-11.185999870300293
1257,-5.686999797821045,9.333999633789063,-11.607999801635742
1260,-6.5269999504089355,5.7230000495910645,-11.692999839782715
1263,-6.245999813079834,5.35699987411499,12.239999771118164
1266,-1.6330000162124634,3.1989998817443848,12.836999893188477
1269,-1.937999963760376,0.5339999794960022,13.824000358581543
1272,-3.2639999389648438,3.177000045776367,-11.42199993133545
1275,-6.248000144958496,7.548999786376953,-9.51200008392334
1278,-0.11599999666213989,5.4120001792907715,12.972000122070313
1281,5.039000034332275,5.598999977111816,11.720999717712402
1284,1.8309999704360962,9.177000045776367,-10.779000282287598
1287,2.611999988555908,4.6519999504089355,13.043999671936035
1290,8.468999862670898,3.444999933242798,12.876999855041504
1293,0.19300000369548798,7.61299991607666,-12.343999862670898
