0,9.437999725341797,-4.810999870300293,6.5320000648498535
3,11.142000198364258,-5.6579999923706055,4.46999979019165
6,-9.861000061035156,-4.749000072479248,4.164999961853027
9,-8.722999572753906,-5.796999931335449,6.442999839782715
12,-9.812000274658203,-4.747000217437744,8.74899959564209
15,11.043000221252441,-5.421999931335449,8.762999534606934
18,9.52400016784668,-9.505999565124512,6.204999923706055
21,11.020000457763672,-8.352999687194824,4.235000133514404
24,-9.760000228881836,-9.12600040435791,4.208000183105469
27,-8.5600004196167,-8.673999786376953,6.684999942779541
30,-10.51200008392334,-9.461000442504883,8.557999610900879
33,10.663999557495117,-8.107999801635742,8.418999671936035
36,-6.011000156402588,-4.636000156402588,6.341000080108643
39,-4.896999835968018,-5.684000015258789,4.14300012588501
42,-2.2320001125335693,-4.765999794006348,3.9839999675750732
45,-1.0410000085830688,-5.489999771118164,6.539999961853027
48,-2.51200008392334,-4.818999767303467,8.734000205993652
51,-4.968999862670898,-5.828000068664551,8.659000396728516
54,-5.949999809265137,-9.343000411987305,6.289999961853027
57,-4.732999801635742,-8.557000160217285,3.938999891281128
60,-2.1510000228881836,-9.26099967956543,3.822000026702881
63,-0.890999972820282,-8.326000213623047,6.291999816894531
66,-2.2119998931884766,-9.277999877929688,8.531999588012695
69,-4.84499979019165,-8.682000160217285,8.720999717712402
72,1.7269999980926514,-4.6579999923706055,6.309999942779541
75,2.875,-5.603000164031982,3.9670000076293945
78,5.427999973297119,-4.543000221252441,4.389999866485596
81,6.710000038146973,-5.932000160217285,6.514999866485596
84,5.559999942779541,-4.5920000076293945,8.770999908447266
87,2.9839999675750732,-5.703000068664551,8.519000053405762
90,1.8819999694824219,-9.343000411987305,6.172999858856201
93,3.1440000534057617,-8.329000473022461,3.822000026702881
96,5.636000156402588,-9.529000282287598,4.035999774932861
99,6.918000221252441,-8.628000259399414,6.270999908447266
102,5.730000019073486,-9.607000350952148,8.513999938964844
105,3.1440000534057617,-8.444999694824219,8.447999954223633
108,9.39900016784668,-4.540999889373779,-2.700000047683716
111,10.70199966430664,-5.7210001945495605,-0.20999999344348907
114,9.786999702453613,-4.586999893188477,2.3340001106262207
117,9.697999954223633,-9.562000274658203,-2.8459999561309814
120,10.991000175476074,-8.494999885559082,-0.3400000035762787
123,9.682999610900879,-9.354999542236328,1.8869999647140503
126,-10.418000221252441,-4.7170000076293945,-0.4399999976158142
129,-9.098999977111816,-5.696000099182129,-2.6640000343322754
132,-6.281000137329102,-4.854000091552734,-2.7200000286102295
135,-4.888999938964844,-5.7170000076293945,-0.44200000166893005
138,-6.223999977111816,-4.580999851226807,1.753000020980835
141,-8.6850004196167,-5.861000061035156,1.8420000076293945
144,-10.145999908447266,-9.722999572753906,-0.3720000088214874
147,-9.104000091552734,-8.506999969482422,-2.696000099182129
150,-6.249000072479248,-9.463000297546387,-2.5810000896453857
153,-4.790999889373779,-8.395999908447266,-0.4020000100135803
156,-6.039000034332275,12.692000389099121,1.7869999408721924
159,-8.67199993133545,-8.692000389099121,1.7200000286102295
162,-1.9889999628067017,-5.002999782562256,-0.4950000047683716
165,-0.8149999976158142,-5.751999855041504,-2.994999885559082
168,2.4670000076293945,-4.908999919891357,-2.13700008392334
171,3.5899999141693115,-5.814000129699707,0.18700000643730164
174,1.7519999742507935,-4.388999938964844,1.7760000228881836
177,-0.593999981880188,-5.651000022888184,1.8589999675750732
180,-2.2739999294281006,-9.390000343322754,-0.5720000267028809
183,-1.1080000400543213,-8.585000038146973,-2.9519999027252197
186,1.7929999828338623,-9.276000022888184,-2.880000114440918
189,2.808000087738037,-8.498000144958496,-0.5400000214576721
192,1.659000039100647,-9.560999870300293,1.6970000267028809
195,-0.8169999718666077,-8.449000358581543,1.5820000171661377
198,6.261000156402588,-4.696000099182129,-0.13899999856948853
201,7.048999786376953,-5.895999908447266,-2.4700000286102295
204,7.034999847412109,-5.546000003814697,2.321000099182129
207,6.151000022888184,-9.36400032043457,-0.1469999998807907
210,7.085000038146973,-8.725000381469727,-2.6659998893737793
213,7.26200008392334,-8.343000411987305,2.1070001125335693
216,9.362000465393066,-4.47599983215332,-7.482999801635742
219,10.817999839782715,-5.818999767303467,-9.359999656677246
222,-10.307000160217285,-4.664999961853027,-9.706000328063965
225,-8.835000038146973,-5.660999774932861,-7.2779998779296875
228,-10.229000091552734,-4.9679999351501465,-5.09499979019165
231,10.586000442504883,-5.422999858856201,-4.960999965667725
234,9.800000190734863,-9.14799976348877,-7.205999851226807
237,10.972000122070313,-8.444000244140625,-9.529999732971191
240,-10.076000213623047,-9.50100040435791,-9.652999877929688
243,-8.779999732971191,-8.371999740600586,-7.550000190734863
246,-9.8149995803833,-9.381999969482422,-5.322999954223633
249,11.13700008392334,-8.288000106811523,-4.936999797821045
252,-6.210000038146973,-4.651000022888184,-7.48799991607666
255,-4.788000106811523,-5.74399995803833,-9.524999618530273
258,-2.236999988555908,-4.645999908447266,-9.218000411987305
261,-0.8740000128746033,-5.8480000495910645,-7.021999835968018
264,-2.1549999713897705,-4.605999946594238,-5.0269999504089355
267,-4.8379998207092285,-5.38700008392334,-5.008999824523926
270,-6.159999847412109,-9.300000190734863,-7.447999954223633
273,-4.828000068664551,-8.543000221252441,-9.800000190734863
276,-2.118000030517578,-9.437999725341797,-9.503999710083008
279,-1.0679999589920044,-8.593999862670898,-7.080999851226807
282,-2.63100004196167,-9.46399974822998,-5.0970001220703125
285,-5.2170000076293945,-8.053999900817871,-5.184999942779541
288,1.8170000314712524,-4.885000228881836,-7.244999885559082
291,3.1440000534057617,-5.716000080108643,-9.45300006866455
294,5.616000175476074,-4.750999927520752,-9.456999778747559
297,6.888999938964844,-5.513999938964844,-7.163000106811523
300,5.63700008392334,-4.8979997634887695,-4.623000144958496
303,2.9809999465942383,-5.71999979019165,-4.734000205993652
306,1.6169999837875366,-9.218000411987305,-7.576000213623047
309,3.253999948501587,-8.527999877929688,-9.524999618530273
312,5.894999980926514,-9.303000450134277,-9.491000175476074
315,7.330999851226807,-8.251999855041504,-7.228000164031982
318,5.738999843597412,-9.232000350952148,-5.202000141143799
321,2.9719998836517334,-8.465999603271484,-5.2270002365112305
324,9.741999626159668,-4.553999900817871,10.92199993133545
327,10.907999992370605,-5.504000186920166,13.27400016784668
330,9.751999855041504,-4.682000160217285,-11.616999626159668
333,9.836999893188477,-9.402999877929688,10.736000061035156
336,11.21500015258789,-8.435999870300293,13.0649995803833
339,9.843999862670898,-9.451000213623047,-11.892999649047852
342,-10.001999855041504,-4.7170000076293945,13.246999740600586
345,-8.659000396728516,-5.671000003814697,10.994000434875488
348,-6.0920000076293945,-4.685999870300293,10.861000061035156
351,-4.815999984741211,-5.627999782562256,13.279999732971191
354,-6.14900016784668,-4.5370001792907715,-11.770000457763672
357,-8.638999938964844,-5.6539998054504395,-11.595999717712402
360,-9.802000045776367,-9.470000267028809,13.14900016784668
363,-8.862000465393066,-8.468000411987305,10.774999618530273
366,-6.5,-9.571999549865723,10.62600040435791
369,-5.2729997634887695,-8.413000106811523,12.737000465393066
372,-6.039000034332275,-9.399999618530273,-12.02400016784668
375,-8.595000267028809,-8.482000350952148,-11.638999938964844
378,-2.131999969482422,-4.598999977111816,13.246000289916992
381,-1.156000018119812,-5.646999835968018,10.994000434875488
384,1.5169999599456787,-4.952000141143799,10.72599983215332
387,3.2790000438690186,-5.5229997634887695,13.144000053405762
390,1.7710000276565552,-5.09499979019165,-11.776000022888184
393,-0.9739999771118164,-5.484000205993652,-11.520000457763672
396,-2.4809999465942383,-9.192999839782715,13.137999534606934
399,-0.8069999814033508,-8.435999870300293,10.928000450134277
402,1.8309999704360962,-9.321999549865723,10.788999557495117
405,3.2219998836517334,-8.309000015258789,13.01099967956543
408,1.7619999647140503,-8.901000022888184,-11.956999778747559
411,-1.1759999990463257,-8.340999603271484,-11.770999908447266
414,5.979000091552734,-4.571000099182129,13.291000366210938
417,7.072000026702881,-5.53000020980835,10.96500015258789
420,7.0980000495910645,-5.639999866485596,-11.690999984741211
423,5.995999813079834,-9.298999786376953,13.177000045776367
426,7.169000148773193,-8.458999633789063,10.701000213623047
429,7.294000148773193,-8.345999717712402,-11.5600004196167
432,9.661999702453613,2.6410000324249268,6.343999862670898
435,10.644000053405762,1.8309999704360962,4.059999942779541
438,-10.154999732971191,2.755000114440918,3.7669999599456787
441,-8.737000465393066,1.8700000047683716,6.164999961853027
444,-9.904000282287598,2.5929999351501465,8.487000465393066
447,11.034000396728516,1.50600004196167,8.40999984741211
450,9.88700008392334,-1.9739999771118164,6.184000015258789
453,10.960000038146973,-0.8759999871253967,4.040999889373779
456,-9.970999717712402,-1.8229999542236328,3.8259999752044678
459,-8.581000328063965,-0.9480000138282776,6.198999881744385
462,-9.800999641418457,-1.8739999532699585,8.5
465,11.005999565124512,-1.2640000581741333,8.630999565124512
468,-5.701000213623047,2.8440001010894775,6.632999897003174
471,-4.453999996185303,1.625,4.4679999351501465
474,-2.0490000247955322,2.9119999408721924,4.252999782562256
477,-0.722000002861023,1.9140000343322754,6.447999954223633
480,-2.010999917984009,3.071000099182129,8.604000091552734
483,-4.323999881744385,1.6130000352859497,8.555000305175781
486,-5.9039998054504395,-1.88100004196167,6.290999889373779
489,-4.670000076293945,-1.1349999904632568,3.9600000381469727
492,-2.0160000324249268,-1.8839999437332153,3.8580000400543213
495,-0.8080000281333923,-0.8479999899864197,5.992000102996826
498,-1.9500000476837158,-1.8830000162124634,8.185999870300293
501,-4.669000148773193,-1.0829999446868896,8.557999610900879
504,1.8730000257492065,2.5929999351501465,6.414000034332275
507,2.6679999828338623,1.6990000009536743,4.083000183105469
510,5.380000114440918,2.313999891281128,4.131999969482422
513,7.078000068664551,1.7339999675750732,6.317999839782715
516,5.7170000076293945,2.6610000133514404,8.664999961853027
519,3.2690000534057617,1.5789999961853027,8.611000061035156
522,1.7339999675750732,-1.8370000123977661,6.214000225067139
525,3.056999921798706,-0.9750000238418579,3.9600000381469727
528,5.763000011444092,-1.7170000076293945,3.989000082015991
531,7.38700008392334,-1.0290000438690186,6.373000144958496
534,5.822999954223633,-1.8489999771118164,8.402000427246094
537,3.0910000801086426,-1.2450000047683716,8.517000198364258
540,9.390000343322754,2.9700000286102295,-2.7360000610351563
543,10.954000473022461,1.9040000438690186,-0.5479999780654907
546,9.347999572753906,2.3519999980926514,1.6859999895095825
549,9.576000213623047,-1.8289999961853027,-2.7160000801086426
552,10.751999855041504,-0.9100000262260437,-0.46700000762939453
555,9.706999778747559,-1.9620000123977661,1.7610000371932983
558,-10.059000015258789,2.6570000648498535,-0.4359999895095825
561,-9.093000411987305,1.9160000085830688,-3.0409998893737793
564,-6.195000171661377,2.640000104904175,-2.7309999465942383
567,-5.210000038146973,1.784000039100647,-0.4050000011920929
570,-5.418000221252441,3.0139999389648438,2.265000104904175
573,-8.722999572753906,1.8220000267028809,1.7380000352859497
576,-10.222000122070313,-1.7940000295639038,-0.7329999804496765
579,-8.779999732971191,-0.9440000057220459,-2.7679998874664307
582,-6.173999786376953,-2.0360000133514404,-2.7019999027252197
585,-4.75600004196167,-0.8759999871253967,-0.5759999752044678
588,-6.008999824523926,-1.88100004196167,1.6490000486373901
591,-8.663999557495117,-0.9789999723434448,1.6330000162124634
594,-2.5429999828338623,2.6600000858306885,-0.546999990940094
597,-1.093000054359436,1.6690000295639038,-2.7279999256134033
600,1.4119999408721924,2.6659998893737793,-2.99399995803833
603,2.994999885559082,1.7730000019073486,-0.6589999794960022
606,1.5329999923706055,2.9179999828338623,1.6679999828338623
609,-1.2630000114440918,1.8020000457763672,1.6820000410079956
612,-2.3440001010894775,-2.1579999923706055,-0.6399999856948853
615,-1.0219999551773071,-1.1480000019073486,-2.9609999656677246
618,1.7350000143051147,-2.257999897003174,-2.9779999256134033
621,3.069999933242798,-0.9660000205039978,-0.8289999961853027
624,1.7790000438690186,-1.5449999570846558,1.465999960899353
627,-0.9229999780654907,-0.9629999995231628,1.5399999618530273
630,5.580999851226807,2.746000051498413,-0.47600001096725464
633,6.926000118255615,1.6699999570846558,-2.5429999828338623
636,6.65500020980835,1.5529999732971191,1.7619999647140503
639,5.784999847412109,-2.003000020980835,-0.7609999775886536
642,7.026000022888184,-0.9350000023841858,-2.9619998931884766
645,6.942999839782715,-1.2100000381469727,1.656000018119812
648,9.159000396728516,2.6519999504089355,-7.4079999923706055
651,10.87600040435791,2.2230000495910645,-9.604000091552734
654,-10.027000427246094,2.7739999294281006,-9.661999702453613
657,-8.826000213623047,1.722000002861023,-7.1479997634887695
660,-10.409000396728516,2.946000099182129,-5.241000175476074
663,10.38700008392334,1.8450000286102295,-4.997000217437744
666,9.456999778747559,-1.7070000171661377,-7.236000061035156
669,11.246999740600586,-0.6449999809265137,-9.369000434875488
672,-9.736000061035156,-1.9170000553131104,-9.25
675,-8.600000381469727,-1.0750000476837158,-6.860000133514404
678,-10.185999870300293,-2.2780001163482666,-4.723999977111816
681,10.958000183105469,-0.8809999823570251,-4.8480000495910645
684,-6.24399995803833,2.7730000019073486,-7.079999923706055
687,-4.800000190734863,1.8259999752044678,-9.336000442504883
690,-2.2679998874664307,2.7790000438690186,-9.401000022888184
693,-0.6710000038146973,1.6380000114440918,-7.379000186920166
696,-2.1510000228881836,2.513000011444092,-5.122000217437744
699,-4.952000141143799,1.7410000562667847,-4.919000148773193
702,-6.133999824523926,-1.9900000095367432,-7.51200008392334
705,-5.0329999923706055,-0.8149999976158142,-9.730999946594238
708,-2.2880001068115234,-1.8910000324249268,-9.656000137329102
711,-0.9570000171661377,-1.121999979019165,-7.318999767303467
714,-2.3440001010894775,-1.8580000400543213,-5.170000076293945
717,-5.125,-1.1790000200271606,-5.072999954223633
720,1.8839999437332153,2.8269999027252197,-7.331999778747559
723,3.0989999771118164,1.8289999961853027,-9.527999877929688
726,5.664999961853027,2.6059999465942383,-9.5
729,6.625999927520752,1.7059999704360962,-7.103000164031982
732,5.535999774932861,2.694000005722046,-4.76200008392334
735,2.884000062942505,1.4479999542236328,-5.044000148773193
738,1.5800000429153442,-2.1029999256134033,-7.359000205993652
741,2.986999988555908,-0.871999979019165,-9.734999656677246
744,5.689000129699707,-1.75,-9.87600040435791
747,6.5970001220703125,-0.9800000190734863,-7.38100004196167
750,5.88700008392334,-2.246999979019165,-5.039000034332275
753,3.302000045776367,-1.340999960899353,-5.114999771118164
756,9.717000007629395,2.6019999980926514,10.550999641418457
759,11.043999671936035,1.8020000457763672,13.090999603271484
762,9.491000175476074,2.6059999465942383,-11.946999549865723
765,9.90999984741211,-1.7029999494552612,11.010000228881836
768,10.91100025177002,-0.906000018119812,13.310999870300293
771,9.78499984741211,-1.8980000019073486,-11.46500015258789
774,-10.01099967956543,2.757999897003174,13.178999900817871
777,-8.838000297546387,1.975000023841858,11.032999992370605
780,-6.0929999351501465,2.5739998817443848,10.720999717712402
783,-4.889999866485596,1.8739999532699585,13.194999694824219
786,-6.136000156402588,2.621000051498413,-11.569999694824219
789,-8.732000350952148,1.8919999599456787,-11.769000053405762
792,-10.020000457763672,-1.9129999876022339,13.119999885559082
795,-8.647000312805176,-0.9449999928474426,10.925999641418457
798,-5.959000110626221,-1.8589999675750732,11.04699993133545
801,-4.670000076293945,-0.8169999718666077,13.397000312805176
804,-6.421999931335449,-1.8250000476837158,-11.901000022888184
807,-8.980999946594238,-0.796999990940094,-11.678999900817871
810,-2.065000057220459,2.7869999408721924,13.147000312805176
813,-0.8220000267028809,1.812000036239624,10.92300033569336
816,1.8220000267028809,2.753999948501587,10.765999794006348
819,2.940999984741211,1.6050000190734863,13.135000228881836
822,1.906999945640564,2.8310000896453857,-11.809000015258789
825,-0.9010000228881836,2.065000057220459,-11.621999740600586
828,-2.1440000534057617,-1.9079999923706055,13.093999862670898
831,-1.2879999876022339,-0.9929999709129333,10.701000213623047
834,1.319000005722046,-1.8660000562667847,10.486000061035156
837,2.555999994277954,-1.152999997138977,12.732000350952148
840,1.812999963760376,-2.0859999656677246,-11.913999557495117
843,-0.7480000257492065,-0.8949999809265137,-11.76099967956543
846,5.629000186920166,2.5899999141693115,13.032999992370605
849,7.105000019073486,1.843000054359436,10.861000061035156
852,6.901000022888184,2.0199999809265137,-11.772000312805176
855,5.704999923706055,-1.659999966621399,13.161999702453613
858,7.168000221252441,-1.0470000505447388,10.95300006866455
861,7.111000061035156,-0.7360000014305115,-11.906999588012695
864,9.534000396728516,10.116999626159668,6.442999839782715
867,10.814000129699707,9.305999755859375,3.930000066757202
870,-10.097000122070313,10.435999870300293,4.426000118255615
873,-8.309000015258789,9.0600004196167,6.228000164031982
876,-10.25,10.199000358581543,8.451000213623047
879,10.819000244140625,8.944000244140625,8.654999732971191
882,9.972999572753906,5.495999813079834,5.9029998779296875
885,10.852999687194824,6.5960001945495605,3.6510000228881836
888,-9.833000183105469,5.586999893188477,3.7209999561309814
891,-8.63700008392334,6.242000102996826,6.085999965667725
894,-10.184000015258789,5.2870001792907715,8.265000343322754
897,10.744999885559082,6.202000141143799,8.498000144958496
900,-5.888999938964844,10.37399959564209,6.710999965667725
903,-4.668000221252441,9.718999862670898,4.427000045776367
906,-1.9019999504089355,10.503999710083008,4.264999866485596
909,-0.9539999961853027,9.418999671936035,6.570000171661377
912,-1.9570000171661377,10.380999565124512,8.89900016784668
915,-4.48199987411499,9.340999603271484,8.954000473022461
918,-5.867000102996826,5.545000076293945,6.209000110626221
921,-4.635000228881836,6.84499979019165,3.996000051498413
924,-1.7580000162124634,5.65500020980835,4.236999988555908
927,-0.6330000162124634,6.744999885559082,6.46999979019165
930,-1.815000057220459,5.822999954223633,8.904999732971191
933,-4.751999855041504,6.619999885559082,8.593000411987305
936,1.746000051498413,10.319999694824219,6.520999908447266
939,2.8980000019073486,9.098999977111816,4.310999870300293
942,5.64900016784668,10.083000183105469,4.355999946594238
945,6.796999931335449,9.029000282287598,6.593999862670898
948,5.735000133514404,10.130000114440918,8.78600025177002
951,2.940999984741211,9.015000343322754,8.70199966430664
954,1.8760000467300415,5.449999809265137,6.197000026702881
957,3.4570000171661377,6.269999980926514,4.124000072479248
960,5.857999801635742,5.122000217437744,3.9159998893737793
963,7.255000114440918,6.204999923706055,6.243000030517578
966,5.747000217437744,5.367000102996826,8.4350004196167
969,3.131999969482422,6.326000213623047,8.618000030517578
972,9.684000015258789,10.079999923706055,-2.805000066757202
975,10.753000259399414,9.07699966430664,-0.44200000166893005
978,9.38599967956543,10.36400032043457,1.7170000076293945
981,9.85099983215332,5.668000221252441,-2.7230000495910645
984,11.376999855041504,6.488999843597412,0.026000000536441803
987,9.675000190734863,5.105999946594238,1.649999976158142
990,-10.005999565124512,9.878000259399414,-0.39399999380111694
993,-8.772000312805176,8.99899959564209,-2.6470000743865967
996,-6.34499979019165,10.140000343322754,-2.5769999027252197
999,-4.936999797821045,9.166999816894531,-0.328000009059906
1002,-6.130000114440918,9.95199966430664,1.8949999809265137
1005,-8.930999755859375,9.36400032043457,2.1600000858306885
1008,-9.682000160217285,5.339000225067139,-0.3619999885559082
1011,-8.583999633789063,6.171999931335449,-2.7720000743865967
1014,-5.901000022888184,5.329999923706055,-2.805999994277954
1017,-4.586999893188477,6.448999881744385,-0.6800000071525574
1020,-5.826000213623047,5.5960001945495605,1.7209999561309814
1023,-8.359999656677246,6.558000087738037,1.569000005722046
1026,-2.0950000286102295,10.324000358581543,-0.37599998712539673
1029,-0.9049999713897705,9.175999641418457,-2.703000068664551
1032,1.6469999551773071,10.281000137329102,-2.749000072479248
1035,3.0329999923706055,9.37399959564209,-0.36399999260902405
1038,1.7970000505447388,10.142000198364258,2.1050000190734863
1041,-0.9259999990463257,9.218000411987305,1.812999963760376
1044,-1.7970000505447388,5.306000232696533,-0.3659999966621399
1047,-1.0,6.441999912261963,-2.744999885559082
1050,1.6519999504089355,5.50600004196167,-3.1700000762939453
1053,2.9719998836517334,6.540999889373779,-0.6940000057220459
1056,2.0269999504089355,5.826000213623047,1.7230000495910645
1059,-0.7369999885559082,6.484000205993652,1.906999945640564
1062,5.51800012588501,10.369000434875488,-0.20000000298023224
1065,6.855999946594238,9.640999794006348,-2.5850000381469727
1068,6.9019999504089355,8.944999694824219,1.972000002861023
1071,5.576000213623047,5.553999900817871,-0.7590000033378601
1074,7.059000015258789,6.718999862670898,-2.7809998989105225
1077,7.122000217437744,6.201000213623047,1.6360000371932983
1080,9.696999549865723,10.45199966430664,-7.076000213623047
1083,10.817000389099121,9.27299976348877,-9.373000144958496
1086,-10.288000106811523,10.220000267028809,-9.541000366210938
1089,-8.86400032043457,9.380000114440918,-7.125
1092,-10.041999816894531,10.291999816894531,-4.85699987411499
1095,11.041000366210938,9.25,-5.0229997634887695
1098,9.866999626159668,5.368000030517578,-7.11299991607666
1101,10.793000221252441,6.505000114440918,-9.512999534606934
1104,-9.86299991607666,5.622000217437744,-9.5
1107,-8.336999893188477,6.644000053405762,-7.3460001945495605
1110,-9.66100025177002,5.668000221252441,-5.120999813079834
1113,11.244999885559082,6.545000076293945,-5.109000205993652
1116,-6.163000106811523,10.420999526977539,-7.105000019073486
1119,-5.195000171661377,9.303999900817871,-9.616000175476074
1122,-2.5320000648498535,10.218000411987305,-9.517000198364258
1125,-1.1130000352859497,9.23799991607666,-7.196000099182129
1128,-2.4240000247955322,10.074000358581543,-4.954999923706055
1131,-4.939000129699707,9.10099983215332,-4.843999862670898
1134,-5.875999927520752,5.552000045776367,-7.38700008392334
1137,-4.796000003814697,6.565999984741211,-9.503999710083008
1140,-2.118000030517578,5.739999771118164,-9.342000007629395
1143,-0.7670000195503235,6.454999923706055,-7.013999938964844
1146,-2.2360000610351563,5.267000198364258,-5.006999969482422
1149,-4.7870001792907715,6.415999889373779,-5.0279998779296875
1152,1.4869999885559082,10.36400032043457,-7.376999855041504
1155,3.3350000381469727,9.413000106811523,-9.163999557495117
1158,5.868000030517578,10.390000343322754,-9.184000015258789
1161,7.1529998779296875,9.208999633789063,-6.738999843597412
1164,5.4770002365112305,10.463000297546387,-4.923999786376953
1167,2.921999931335449,9.345999717712402,-5.013000011444092
1170,1.9129999876022339,5.538000106811523,-7.486000061035156
1173,3.2219998836517334,6.7270002365112305,-9.642999649047852
1176,5.7789998054504395,5.511000156402588,-9.531000137329102
1179,7.376999855041504,6.422999858856201,-7.203000068664551
1182,5.872000217437744,5.513999938964844,-4.982999801635742
1185,3.1519999504089355,6.458000183105469,-5.120999813079834
1188,9.461999893188477,10.20300006866455,11.23900032043457
1191,10.928999900817871,9.246000289916992,13.456000328063965
1194,9.595000267028809,10.093000411987305,-11.645999908447266
1197,9.71399974822998,5.63100004196167,10.840999603271484
1200,11.055999755859375,6.366000175476074,13.225000381469727
1203,9.765000343322754,5.315000057220459,-11.77400016784668
1206,-10.215999603271484,10.319999694824219,13.380000114440918
1209,-9.184000015258789,9.256999969482422,10.831000328063965
1212,-6.196000099182129,10.072999954223633,11.03499984741211
1215,-4.785999774932861,9.199999809265137,13.4350004196167
1218,-6.504000186920166,10.20199966430664,-11.857000350952148
1221,-9.003999710083008,9.168999671936035,-11.70300006866455
1224,-9.972999572753906,5.672999858856201,12.840999603271484
1227,-8.866999626159668,6.326000213623047,10.512999534606934
1230,-6.071000099182129,5.466000080108643,10.774999618530273
1233,-4.670000076293945,6.314000129699707,13.222000122070313
1236,-6.026000022888184,5.396999835968018,-11.722000122070313
1239,-8.638999938964844,6.439000129699707,-11.89799976348877
1242,-2.0139999389648438,10.517999649047852,13.559000015258789
1245,-0.675000011920929,9.604999542236328,11.288999557495117
1248,2.0139999389648438,10.324000358581543,10.949000358581543
1251,3.065000057220459,9.442000389099121,13.53600025177002
1254,1.7569999694824219,10.597999572753906,-11.432999610900879
1257,-0.6940000057220459,9.413000106811523,-11.45300006866455
1260,-2.003000020980835,5.573999881744385,13.255000114440918
1263,-0.5149999856948853,6.681000232696533,11.154000282287598
1266,2.00600004196167,5.434999942779541,10.97700023651123
1269,3.2039999961853027,6.511000156402588,12.994999885559082
1272,1.9869999885559082,5.668000221252441,-11.897000312805176
1275,-0.5139999985694885,6.703999996185303,-11.496999740600586
1278,5.7870001792907715,10.128000259399414,13.369000434875488
1281,6.952000141143799,9.194000244140625,11.039999961853027
1284,6.994999885559082,9.144000053405762,-11.39900016784668
1287,5.929999828338623,5.343999862670898,12.871000289916992
1290,7.051000118255615,6.466000080108643,10.666000366210938
1293,7.0370001792907715,6.372000217437744,-11.765999794006348
