0,10.399999618530273,-4.947000026702881,7.159999847412109
3,11.260000228881836,-6.142000198364258,4.854000091552734
6,-9.727999687194824,-5.076000213623047,4.6579999923706055
9,-8.621999740600586,-6.074999809265137,6.97599983215332
12,-9.25100040435791,-4.9120001792907715,9.317000389099121
15,11.71500015258789,-5.857999801635742,9.498000144958496
18,10.399999618530273,12.545000076293945,6.814000129699707
21,11.39900016784668,-9.03600025177002,4.334000110626221
24,-9.62600040435791,12.527000427246094,4.392000198364258
27,-8.567000389099121,-8.809000015258789,6.642000198364258
30,-9.505999565124512,12.553000450134277,9.019000053405762
33,11.579999923706055,-8.654999732971191,9.338000297546387
36,-5.803999900817871,-5.373000144958496,7.132999897003174
39,-4.616000175476074,-6.010000228881836,4.775000095367432
42,-1.9559999704360962,-4.765999794006348,4.704999923706055
45,-0.6380000114440918,-5.934999942779541,7.0320000648498535
48,-1.7070000171661377,-4.826000213623047,9.26200008392334
51,-4.1570000648498535,-6.0,9.331999778747559
54,-5.765999794006348,-9.5649995803833,6.513000011444092
57,-4.125999927520752,-8.680999755859375,4.408999919891357
60,-1.5570000410079956,-9.623000144958496,4.47599983215332
63,-0.38999998569488525,-8.60099983215332,6.869999885559082
66,-1.812999963760376,-9.590999603271484,8.991000175476074
69,-4.485000133514404,-8.708999633789063,8.965999603271484
72,2.2100000381469727,-4.671999931335449,7.090000152587891
75,3.253999948501587,-5.678999900817871,4.6020002365112305
78,5.909999847412109,-5.059000015258789,5.124000072479248
81,7.6539998054504395,-5.7270002365112305,7.258999824523926
84,6.269999980926514,-4.526000022888184,9.27400016784668
87,3.6050000190734863,-5.515999794006348,9.324000358581543
90,2.5179998874664307,-9.402999877929688,7.230000019073486
93,3.3389999866485596,-8.590999603271484,4.7870001792907715
96,6.223999977111816,-9.350000381469727,5.019000053405762
99,7.879000186920166,-8.628000259399414,7.218999862670898
102,6.3480000495910645,12.63700008392334,9.336000442504883
105,4.098999977111816,-8.345999717712402,9.5
108,10.081000328063965,-4.63700008392334,-2.0490000247955322
111,11.281999588012695,-5.802999973297119,0.37599998712539673
114,9.748000144958496,-5.017000198364258,2.5799999237060547
117,10.015000343322754,-9.5600004196167,-2.2720000743865967
120,11.432000160217285,-8.567000389099121,-0.04699999839067459
123,10.095999717712402,12.715999603271484,2.0280001163482666
126,-9.62399959564209,-5.061999797821045,0.11699999868869781
129,-8.21500015258789,-5.914000034332275,-2.0739998817443848
132,-5.474999904632568,-4.880000114440918,-1.9500000476837158
135,-4.335999965667725,-5.714000225067139,0.3700000047683716
138,-5.790999889373779,-4.854000091552734,2.5369999408721924
141,-8.442000389099121,-5.923999786376953,2.382999897003174
144,-9.666999816894531,-9.666000366210938,0.06300000101327896
147,-8.35099983215332,-8.652000427246094,-2.1459999084472656
150,-5.823999881744385,12.675000190734863,-2.2179999351501465
153,-4.388000011444092,-8.541999816894531,0.03500000014901161
156,-5.710000038146973,-9.557000160217285,2.1500000953674316
159,-8.369000434875488,-8.6899995803833,2.3469998836517334
162,-1.6490000486373901,-4.876999855041504,0.4090000092983246
165,-0.49399998784065247,-5.7230000495910645,-1.9930000305175781
168,2.2070000171661377,-4.7210001945495605,-1.9880000352859497
171,3.2269999980926514,-5.698999881744385,0.4050000011920929
174,1.7269999980926514,-4.758999824523926,2.388000011444092
177,-0.675000011920929,-5.929999828338623,2.6710000038146973
180,-1.6749999523162842,-9.336000442504883,-0.2879999876022339
183,0.03799999877810478,-8.484000205993652,-2.257999897003174
186,2.4549999237060547,-9.59000015258789,-1.9559999704360962
189,3.378000020980835,-8.748000144958496,0.4880000054836273
192,1.9500000476837158,12.583000183105469,2.561000108718872
195,-0.5740000009536743,-8.604999542236328,2.1459999084472656
198,6.061999797821045,-4.7179999351501465,0.4580000042915344
201,7.383999824523926,-5.585000038146973,-1.8700000047683716
204,6.995999813079834,-5.73199987411499,2.7809998989105225
207,6.3470001220703125,-9.286999702453613,0.257999986410141
210,7.5329999923706055,-8.234000205993652,-2.0199999809265137
213,7.453999996185303,-8.522000312805176,2.640000104904175
216,9.758000373840332,-4.915999889373779,-6.886000156402588
219,11.142000198364258,-6.171000003814697,-8.819999694824219
222,-9.519000053405762,-4.99399995803833,-8.51099967956543
225,-8.437999725341797,-6.24399995803833,-6.438000202178955
228,-9.663000106811523,-4.964000225067139,-4.406000137329102
231,11.279999732971191,-5.7230000495910645,-4.458000183105469
234,9.685999870300293,-9.67300033569336,-6.701000213623047
237,10.873000144958496,-8.826000213623047,-8.970999717712402
240,-9.930000305175781,12.75100040435791,-8.97599983215332
243,-8.5649995803833,-8.901000022888184,-6.701000213623047
246,-9.937999725341797,-9.560999870300293,-4.409999847412109
249,11.017000198364258,-8.46500015258789,-4.591000080108643
252,-5.7769999504089355,-5.043000221252441,-6.566999912261963
255,-4.382999897003174,-6.053999900817871,-8.640000343322754
258,-1.7979999780654907,-5.138000011444092,-8.836000442504883
261,-0.42800000309944153,-5.730999946594238,-6.501999855041504
264,-1.9930000305175781,-4.964000225067139,-4.3420000076293945
267,-4.5320000648498535,-6.165999889373779,-4.294000148773193
270,-5.627999782562256,12.708999633789063,-6.933000087738037
273,-4.418000221252441,-8.725000381469727,-9.03499984741211
276,-1.8700000047683716,-9.54800033569336,-9.248000144958496
279,-0.5889999866485596,-8.609999656677246,-6.74399995803833
282,-1.809999942779541,-9.460000038146973,-4.489999771118164
285,-4.513999938964844,-8.888999938964844,-4.511000156402588
288,2.203000068664551,-4.997000217437744,-6.545000076293945
291,3.681999921798706,-5.744999885559082,-8.616000175476074
294,6.166999816894531,-4.704999923706055,-9.062000274658203
297,7.190999984741211,-5.913000106811523,-6.607999801635742
300,6.144000053405762,-4.63100004196167,-4.188000202178955
303,3.4049999713897705,-5.7829999923706055,-4.165999889373779
306,2.063999891281128,-9.491000175476074,-6.697999954223633
309,3.615000009536743,-8.586999893188477,-9.045999526977539
312,6.301000118255615,-9.456000328063965,-9.175000190734863
315,7.065999984741211,-8.501999855041504,-6.747000217437744
318,6.165999889373779,-9.26200008392334,-4.256999969482422
321,3.3269999027252197,-8.552000045776367,-4.324999809265137
324,10.130999565124512,-5.026000022888184,11.538000106811523
327,11.428999900817871,-6.002999782562256,13.729000091552734
330,10.25100040435791,-5.026000022888184,-11.227999687194824
333,10.293000221252441,12.406999588012695,11.381999969482422
336,11.541000366210938,-8.807999610900879,13.571999549865723
339,9.956000328063965,12.656999588012695,-11.505000114440918
342,-9.442000389099121,-5.376999855041504,13.92199993133545
345,-8.145000457763672,-5.828999996185303,11.682000160217285
348,-5.416999816894531,-5.031000137329102,11.506999969482422
351,-4.10699987411499,-5.943999767303467,13.885000228881836
354,-5.484000205993652,-5.091000080108643,-11.088000297546387
357,-8.149999618530273,-5.89300012588501,-10.626999855041504
360,-9.53600025177002,-9.642999649047852,13.656000137329102
363,-8.321000099182129,-8.581999778747559,11.359999656677246
366,-5.453999996185303,-9.57699966430664,11.173999786376953
369,-4.514999866485596,-8.633999824523926,13.57800006866455
372,-5.964000225067139,12.711999893188477,-11.342000007629395
375,-8.479999542236328,-8.715999603271484,-11.11299991607666
378,-1.4520000219345093,-4.589000225067139,14.088000297546387
381,-0.5109999775886536,-5.796000003814697,11.644000053405762
384,2.1730000972747803,-4.761000156402588,11.628999710083008
387,3.615999937057495,-5.793000221252441,13.809000015258789
390,2.4019999504089355,-4.703999996185303,-11.121000289916992
393,-0.14800000190734863,-5.882999897003174,-11.097000122070313
396,-1.88100004196167,-9.505000114440918,13.638999938964844
399,-0.5699999928474426,-8.529000282287598,11.310999870300293
402,2.197999954223633,-9.14799976348877,11.218999862670898
405,3.546999931335449,-8.711999893188477,13.680000305175781
408,2.11299991607666,-9.571999549865723,-11.303000450134277
411,-0.49000000953674316,-8.623000144958496,-11.336999893188477
414,6.099999904632568,-4.640999794006348,13.687999725341797
417,7.434000015258789,-5.724999904632568,11.574000358581543
420,7.526000022888184,-5.769000053405762,-11.208000183105469
423,6.306000232696533,-9.520000457763672,13.307000160217285
426,7.925000190734863,-8.47700023651123,11.138999938964844
429,7.558000087738037,-8.57699966430664,-11.373000144958496
432,10.060999870300293,2.0480000972747803,6.984000205993652
435,11.517000198364258,1.6059999465942383,4.7270002365112305
438,-9.668000221252441,2.693000078201294,4.681000232696533
441,-8.07800006866455,1.4079999923706055,6.798999786376953
444,-9.520000457763672,2.244999885559082,8.914999961853027
447,11.51200008392334,1.3619999885559082,9.239999771118164
450,9.980999946594238,-2.259999990463257,6.609000205993652
453,11.937999725341797,-1.343999981880188,4.855999946594238
456,-9.180000305175781,-2.2130000591278076,4.270999908447266
459,-8.005000114440918,-1.4190000295639038,6.696000099182129
462,-9.265999794006348,-2.1459999084472656,8.906999588012695
465,11.282999992370605,-1.2899999618530273,8.741000175476074
468,-5.63700008392334,2.7149999141693115,7.046000003814697
471,-4.506999969482422,1.715999960899353,4.611999988555908
474,-1.996000051498413,2.6470000743865967,4.76800012588501
477,-0.18299999833106995,1.5959999561309814,6.7230000495910645
480,-1.621000051498413,2.5239999294281006,9.013999938964844
483,-4.304999828338623,1.784999966621399,9.329000473022461
486,-5.427000045776367,-2.5420000553131104,6.918000221252441
489,-5.310999870300293,-0.8080000281333923,4.185999870300293
492,-1.6729999780654907,-1.9329999685287476,4.456999778747559
495,-0.13099999725818634,-1.1390000581741333,6.65500020980835
498,-1.437000036239624,-2.006999969482422,9.031999588012695
501,-4.070000171661377,-1.093000054359436,9.305999755859375
504,2.371000051498413,2.8359999656677246,7.059999942779541
507,3.4000000953674316,1.6440000534057617,4.7779998779296875
510,6.120999813079834,2.562999963760376,4.771999835968018
513,7.295000076293945,1.9869999885559082,7.176000118255615
516,6.196000099182129,2.7239999771118164,9.699999809265137
519,3.6089999675750732,1.9819999933242798,9.375
522,2.694999933242798,-2.0959999561309814,6.776000022888184
525,3.5810000896453857,-1.0010000467300415,4.497000217437744
528,6.118000030517578,-2.2679998874664307,4.7230000495910645
531,7.395999908447266,-0.843999981880188,6.697999954223633
534,6.500999927520752,-1.7630000114440918,9.0
537,3.7209999561309814,-0.8519999980926514,9.314000129699707
540,9.800000190734863,2.6530001163482666,-1.968999981880188
543,11.262999534606934,1.4359999895095825,0.15399999916553497
546,9.482000350952148,2.3510000705718994,1.8839999437332153
549,9.869999885559082,-1.930999994277954,-2.374000072479248
552,11.152999877929688,-1.3309999704360962,-0.057999998331069946
555,9.996000289916992,-2.2239999771118164,2.680999994277954
558,-9.699999809265137,2.3440001010894775,-0.164000004529953
561,-8.295999526977539,1.5080000162124634,-2.368000030517578
564,-5.7179999351501465,2.6050000190734863,-2.3329999446868896
567,-4.599999904632568,1.444000005722046,0.14300000667572021
570,-5.934000015258789,2.6500000953674316,2.2720000743865967
573,-8.711000442504883,1.8309999704360962,2.2820000648498535
576,-9.734000205993652,-2.24399995803833,-0.35199999809265137
579,-8.581000328063965,-1.3200000524520874,-2.611999988555908
582,-5.828999996185303,-2.3940000534057617,-2.7149999141693115
585,-4.61899995803833,-1.3830000162124634,-0.22300000488758087
588,-6.132999897003174,-2.056999921798706,1.9359999895095825
591,-8.682000160217285,-1.0290000438690186,1.906999945640564
594,-2.003000020980835,2.486999988555908,0.02199999988079071
597,-0.8040000200271606,1.4930000305175781,-2.309000015258789
600,1.6039999723434448,2.7899999618530273,-2.2249999046325684
603,3.0160000324249268,1.9149999618530273,0.20000000298023224
606,1.8639999628067017,2.753000020980835,2.555000066757202
609,-0.8960000276565552,1.7910000085830688,2.4779999256134033
612,-1.9630000591278076,-2.109999895095825,0.026000000536441803
615,-0.4230000078678131,-1.2400000095367432,-2.0239999294281006
618,2.322999954223633,-1.8910000324249268,-1.8700000047683716
621,3.734999895095825,-0.7839999794960022,0.4050000011920929
624,1.7740000486373901,-1.9620000123977661,2.2799999713897705
627,-0.8029999732971191,-0.9139999747276306,2.0999999046325684
630,5.76200008392334,2.8959999084472656,0.0820000022649765
633,7.275000095367432,1.8389999866485596,-2.010999917984009
636,6.880000114440918,1.593000054359436,2.2860000133514404
639,6.2270002365112305,-1.8969999551773071,0.12399999797344208
642,7.377999782562256,-0.8870000243186951,-2.187000036239624
645,7.474999904632568,-1.1660000085830688,2.632999897003174
648,9.616999626159668,2.371999979019165,-6.631999969482422
651,11.105999946594238,1.4579999446868896,-8.789999961853027
654,-9.854000091552734,2.3970000743865967,-8.944000244140625
657,-8.380000114440918,1.7450000047683716,-6.605999946594238
660,-9.63700008392334,2.7139999866485596,-4.441999912261963
663,11.11400032043457,1.9809999465942383,-4.275000095367432
666,10.166000366210938,-2.117000102996826,-6.665999889373779
669,11.366000175476074,-1.3830000162124634,-8.998000144958496
672,-9.494999885559082,-2.315000057220459,-9.067999839782715
675,-8.133000373840332,-1.1119999885559082,-6.718999862670898
678,-9.864999771118164,-2.2639999389648438,-4.817999839782715
681,11.371000289916992,-0.8510000109672546,-4.519000053405762
684,-5.639999866485596,2.8320000171661377,-6.578000068664551
687,-4.696000099182129,1.7630000114440918,-9.03600025177002
690,-1.9290000200271606,2.4719998836517334,-8.812999725341797
693,-0.4869999885559082,1.5770000219345093,-6.656000137329102
696,-1.8049999475479126,2.7260000705718994,-4.453000068664551
699,-4.302000045776367,1.434999942779541,-4.598999977111816
702,-5.609000205993652,-2.2809998989105225,-6.843999862670898
705,-4.682000160217285,-0.9800000190734863,-9.137999534606934
708,-1.930999994277954,-2.2720000743865967,-8.781999588012695
711,-0.5920000076293945,-1.2039999961853027,-6.743000030517578
714,-1.5240000486373901,-2.325000047683716,-4.406000137329102
717,-4.136000156402588,-1.3799999952316284,-4.638000011444092
720,2.130000114440918,2.5269999504089355,-6.663000106811523
723,3.2669999599456787,1.5809999704360962,-8.996000289916992
726,5.763000011444092,2.9040000438690186,-8.906000137329102
729,6.942999839782715,1.6670000553131104,-6.603000164031982
732,5.769999980926514,2.7909998893737793,-4.263000011444092
735,3.180000066757202,1.6449999809265137,-4.14300012588501
738,2.0320000648498535,-2.3380000591278076,-6.861000061035156
741,3.624000072479248,-1.0479999780654907,-8.72700023651123
744,6.316999912261963,-1.9589999914169312,-9.315999984741211
747,7.585000038146973,-1.1390000581741333,-6.732999801635742
750,6.105999946594238,-1.909999966621399,-4.632999897003174
753,3.506999969482422,-0.9660000205039978,-4.440000057220459
756,10.555000305175781,2.3259999752044678,11.61400032043457
759,11.645999908447266,1.4160000085830688,14.092000007629395
762,10.135000228881836,2.7200000286102295,-11.166999816894531
765,10.276000022888184,-2.257999897003174,11.437000274658203
768,11.472999572753906,-1.3020000457763672,13.633999824523926
771,10.043000221252441,-2.2079999446868896,-11.505000114440918
774,-9.315999984741211,2.2109999656677246,13.852999687194824
777,-8.147000312805176,1.659000039100647,11.458000183105469
780,-5.619999885559082,2.5869998931884766,11.420000076293945
783,-4.486999988555908,1.524999976158142,13.710000038146973
786,-5.982999801635742,2.444000005722046,-11.428999900817871
789,-8.489999771118164,1.2979999780654907,-10.892000198364258
792,-9.694000244140625,-2.494999885559082,13.378000259399414
795,-8.123000144958496,-1.4600000381469727,11.385000228881836
798,-5.354000091552734,-2.0280001163482666,11.550999641418457
801,-4.185999870300293,-1.2070000171661377,13.977999687194824
804,-5.828000068664551,-2.4040000438690186,-11.343999862670898
807,-8.458000183105469,-1.5920000076293945,-11.45199966430664
810,-1.8930000066757202,2.5299999713897705,13.86299991607666
813,-0.593999981880188,1.6089999675750732,11.5600004196167
816,1.8300000429153442,2.7720000743865967,11.28600025177002
819,3.506999969482422,1.8969999551773071,13.753999710083008
822,2.1070001125335693,2.6010000705718994,-11.255000114440918
825,-0.4390000104904175,1.7109999656677246,-11.017000198364258
828,-1.4539999961853027,-1.8359999656677246,13.788000106811523
831,-0.05900000035762787,-1.3079999685287476,11.432999610900879
834,2.5929999351501465,-2.058000087738037,11.378000259399414
837,3.6419999599456787,-0.9459999799728394,-13.130999565124512
840,2.2170000076293945,-2.00600004196167,-11.017999649047852
843,-0.492000013589859,-1.1740000247955322,-10.871000289916992
846,6.2230000495910645,2.822000026702881,13.859999656677246
849,7.76200008392334,1.7039999961853027,11.814000129699707
852,7.1479997634887695,1.8830000162124634,-11.003999710083008
855,6.171000003814697,-1.687999963760376,13.41100025177002
858,7.800000190734863,-0.9589999914169312,11.36299991607666
861,7.427000045776367,-0.9459999799728394,-11.460000038146973
864,10.407999992370605,9.762999534606934,7.078999996185303
867,11.354999542236328,8.946999549865723,4.539999961853027
870,-9.668999671936035,9.77299976348877,4.547999858856201
873,-8.380999565124512,9.104999542236328,7.044000148773193
876,-9.449000358581543,9.664999961853027,9.482999801635742
879,11.60099983215332,8.744000434875488,9.472000122070313
882,10.086000442504883,4.789000034332275,6.72599983215332
885,11.133000373840332,6.1579999923706055,4.429999828338623
888,-9.670000076293945,5.418000221252441,4.53000020980835
891,-8.253000259399414,6.284999847412109,6.745999813079834
894,-9.397000312805176,5.019999980926514,9.01200008392334
897,11.321999549865723,6.007999897003174,8.892999649047852
900,-6.005000114440918,10.071999549865723,6.775000095367432
903,-4.315000057220459,8.994999885559082,4.7170000076293945
906,-1.5410000085830688,10.090999603271484,4.9629998207092285
909,-0.44600000977516174,9.34000015258789,7.223999977111816
912,-2.072999954223633,10.133999824523926,9.364999771118164
915,-4.776000022888184,9.107000350952148,9.121999740600586
918,-5.61299991607666,5.51200008392334,6.783999919891357
921,-4.418000221252441,6.169000148773193,4.455999851226807
924,-1.774999976158142,5.318999767303467,4.818999767303467
927,-0.3790000081062317,6.460999965667725,6.927000045776367
930,-1.7990000247955322,5.2179999351501465,9.038999557495117
933,-4.395999908447266,6.2829999923706055,9.086999893188477
936,2.385999917984009,10.239999771118164,7.010000228881836
939,3.4149999618530273,9.050999641418457,4.651000022888184
942,6.09499979019165,10.145000457763672,4.790999889373779
945,7.535999774932861,9.111000061035156,6.919000148773193
948,6.353000164031982,9.770000457763672,9.230999946594238
951,3.568000078201294,9.253000259399414,9.350000381469727
954,2.2939999103546143,5.519999980926514,6.5269999504089355
957,3.3580000400543213,6.466000080108643,4.193999767303467
960,5.919000148773193,5.293000221252441,4.449999809265137
963,7.336999893188477,6.247000217437744,6.6620001792907715
966,6.2789998054504395,5.499000072479248,9.140000343322754
969,3.7079999446868896,6.51800012588501,9.086999893188477
972,9.87399959564209,10.175000190734863,-1.9900000095367432
975,11.248000144958496,8.958999633789063,0.21899999678134918
978,9.88599967956543,9.920999526977539,2.3359999656677246
981,10.22599983215332,5.333000183105469,-2.434999942779541
984,11.270999908447266,6.123000144958496,-0.03700000047683716
987,9.822999954223633,5.199999809265137,2.1110000610351563
990,-9.765999794006348,9.861000061035156,0.08100000023841858
993,-8.458000183105469,9.215999603271484,-2.197000026702881
996,-5.710000038146973,9.968000411987305,-2.134999990463257
999,-4.311999797821045,9.432000160217285,0.17100000381469727
1002,-5.741000175476074,9.991000175476074,2.5179998874664307
1005,-8.357999801635742,8.968999862670898,2.3580000400543213
1008,-9.73799991607666,5.172999858856201,-0.39399999380111694
1011,-8.029999732971191,6.309999942779541,-2.2920000553131104
1014,-5.264999866485596,5.328000068664551,-2.253000020980835
1017,-4.339000225067139,6.617000102996826,0.09700000286102295
1020,-5.796999931335449,5.343999862670898,2.055000066757202
1023,-8.538999557495117,6.216000080108643,1.9780000448226929
1026,-1.5190000534057617,10.23900032043457,0.14300000667572021
1029,-0.38100001215934753,9.119999885559082,-2.0929999351501465
1032,2.2090001106262207,10.12600040435791,-1.8739999532699585
1035,3.8559999465942383,9.229000091552734,0.27799999713897705
1038,2.2239999771118164,9.84000015258789,2.4019999504089355
1041,-0.4390000104904175,9.104000091552734,2.5859999656677246
1044,-1.5429999828338623,5.415999889373779,0.2409999966621399
1047,-0.41499999165534973,6.3520002365112305,-2.0789999961853027
1050,2.119999885559082,5.394999980926514,-2.3889999389648438
1053,3.6610000133514404,6.508999824523926,0.035999998450279236
1056,2.1519999504089355,5.448999881744385,2.061000108718872
1059,-0.35199999809265137,6.3460001945495605,2.634000062942505
1062,6.489999771118164,10.3100004196167,0.16899999976158142
1065,7.057000160217285,9.237000465393066,-2.2060000896453857
1068,7.105000019073486,9.324999809265137,2.489000082015991
1071,6.473999977111816,5.495999813079834,0.1899999976158142
1074,7.63100004196167,6.368000030517578,-2.1459999084472656
1077,7.440000057220459,6.540999889373779,2.5320000648498535
1080,9.92300033569336,9.87600040435791,-6.670000076293945
1083,11.37600040435791,8.87600040435791,-8.704999923706055
1086,-9.633000373840332,9.878999710083008,-8.824000358581543
1089,-7.991000175476074,8.993000030517578,-6.554999828338623
1092,-9.694999694824219,9.946999549865723,-4.513000011444092
1095,11.177000045776367,9.321999549865723,-4.26200008392334
1098,10.14799976348877,5.230000019073486,-6.541999816894531
1101,11.357000350952148,6.089000225067139,-8.843999862670898
1104,-9.690999984741211,5.057000160217285,-8.982999801635742
1107,-8.258999824523926,6.255000114440918,-6.868000030517578
1110,-9.414999961853027,5.441999912261963,-4.4710001945495605
1113,11.45300006866455,6.441999912261963,-4.570000171661377
1116,-5.367000102996826,9.895999908447266,-6.603000164031982
1119,-4.366000175476074,8.902999877929688,-8.911999702453613
1122,-1.9450000524520874,10.17300033569336,-9.074000358581543
1125,-0.6460000276565552,8.989999771118164,-6.940999984741211
1128,-1.3869999647140503,10.064000129699707,-4.460000038146973
1131,-4.034999847412109,9.291999816894531,-4.195000171661377
1134,-5.301000118255615,5.498000144958496,-6.730000019073486
1137,-4.020999908447266,6.247000217437744,-9.079999923706055
1140,-1.4479999542236328,5.309000015258789,-8.9399995803833
1143,-0.33399999141693115,6.313000202178955,-6.678999900817871
1146,-1.5809999704360962,5.415999889373779,-4.380000114440918
1149,-4.117000102996826,6.433000087738037,-4.443999767303467
1152,1.8380000591278076,10.236000061035156,-6.386000156402588
1155,3.3289999961853027,9.402000427246094,-8.838000297546387
1158,6.001999855041504,10.128999710083008,-9.031999588012695
1161,7.230999946594238,9.164999961853027,-6.591000080108643
1164,5.955999851226807,10.333999633789063,-4.419000148773193
1167,3.3980000019073486,9.189000129699707,-4.183000087738037
1170,2.3259999752044678,5.416999816894531,-6.526000022888184
1173,3.1110000610351563,6.586999893188477,-8.958999633789063
1176,5.885000228881836,5.682000160217285,-9.09000015258789
1179,7.4770002365112305,6.4670000076293945,-6.942999839782715
1182,6.34499979019165,5.570000171661377,-4.5269999504089355
1185,3.697000026702881,6.505000114440918,-4.359000205993652
1188,10.130000114440918,9.670000076293945,11.52299976348877
1191,11.48900032043457,8.755000114440918,13.996999740600586
1194,10.199000358581543,9.90999984741211,-11.12399959564209
1197,10.350000381469727,5.073999881744385,11.331000328063965
1200,11.664999961853027,6.002999782562256,13.76200008392334
1203,9.871999740600586,5.416999816894531,-11.501999855041504
1206,-9.656999588012695,9.996999740600586,13.791999816894531
1209,-8.079999923706055,8.758000373840332,11.854000091552734
1212,-5.394999980926514,10.057000160217285,11.720999717712402
1215,-4.318999767303467,8.980999946594238,14.112000465393066
1218,-5.763000011444092,10.039999961853027,-11.005000114440918
1221,-8.26200008392334,8.880999565124512,-10.994999885559082
1224,-9.17199993133545,4.97599983215332,13.697999954223633
1227,-8.350000381469727,6.020999908447266,11.326000213623047
1230,-5.460999965667725,5.3480000495910645,11.35200023651123
1233,-4.420000076293945,6.388999938964844,13.720999717712402
1236,-5.71999979019165,5.184000015258789,-11.333000183105469
1239,-8.375,6.131999969482422,-11.11299991607666
1242,-1.812000036239624,10.21399974822998,14.125
1245,-0.6859999895095825,9.232000350952148,11.819999694824219
1248,1.8839999437332153,10.362000465393066,11.407999992370605
1251,3.3369998931884766,9.130000114440918,13.373000144958496
1254,2.0840001106262207,9.984000205993652,-11.303000450134277
1257,-0.4339999854564667,8.810999870300293,-11.03600025177002
1260,-1.940999984741211,5.28000020980835,13.602999687194824
1263,-0.5770000219345093,6.2829999923706055,11.498000144958496
1266,1.937000036239624,5.714000225067139,11.105999946594238
1269,3.25,6.313000202178955,13.458000183105469
1272,2.0290000438690186,5.445000171661377,-11.305999755859375
1275,-0.5659999847412109,5.979000091552734,-11.350000381469727
1278,6.138999938964844,10.180000305175781,13.704000473022461
1281,7.4710001945495605,9.064000129699707,11.654000282287598
1284,7.263000011444092,9.131999969482422,-11.130999565124512
1287,6.019000053405762,5.478000164031982,13.442000389099121
1290,7.7210001945495605,6.364999771118164,11.531999588012695
1293,7.199999809265137,6.372000217437744,-11.468999862670898
