0,-1.8559999465942383,11.517000198364258,2.4679999351501465
3,11.128000259399414,7.760000228881836,11.232000350952148
6,5.267000198364258,-7.013000011444092,13.755000114440918
9,7.692999839782715,11.098999977111816,4.236999988555908
12,-4.86299991607666,-5.676000118255615,8.942000389099121
15,8.604000091552734,3.4600000381469727,5.423999786376953
18,4.151000022888184,8.904000282287598,8.61299991607666
21,7.63100004196167,6.2829999923706055,7.28000020980835
24,5.882999897003174,9.369000434875488,3.134000062942505
27,7.301000118255615,10.98900032043457,8.501999855041504
30,8.652999877929688,9.63700008392334,2.0889999866485596
33,2.7709999084472656,9.59000015258789,5.204999923706055
36,10.067000389099121,13.10200023651123,4.045000076293945
39,10.215999603271484,-6.205999851226807,-0.6050000190734863
42,-5.633999824523926,-8.604000091552734,1.7489999532699585
45,-10.925999641418457,-9.727999687194824,4.589000225067139
48,-2.433000087738037,12.545999526977539,8.340999603271484
51,11.996000289916992,-7.75,6.940000057220459
54,-7.686999797821045,0.28600001335144043,4.6020002365112305
57,-9.48900032043457,10.571999549865723,-0.03400000184774399
60,-7.38100004196167,11.949999809265137,4.800000190734863
63,8.569000244140625,2.9809999465942383,8.173999786376953
66,1.6239999532699585,7.1479997634887695,10.65999984741211
69,-4.833000183105469,10.937000274658203,10.336000442504883
72,1.246999979019165,9.114999771118164,8.347000122070313
75,3.3540000915527344,6.265999794006348,8.821999549865723
78,-4.441999912261963,0.20000000298023224,0.008999999612569809
81,10.651000022888184,-4.074999809265137,4.764999866485596
84,0.6629999876022339,11.529000282287598,5.818999767303467
87,-2.803999900817871,9.390000343322754,10.845000267028809
90,5.188000202178955,8.779999732971191,13.58899974822998
93,-5.6529998779296875,9.611000061035156,4.364999771118164
96,-2.575000047683716,11.223999977111816,-1.1160000562667847
99,3.9809999465942383,-7.144000053405762,1.6480000019073486
102,9.73799991607666,11.57699966430664,12.368000030517578
105,1.0230000019073486,-8.597000122070313,4.538000106811523
108,1.2450000047683716,-7.058000087738037,1.1640000343322754
111,8.501999855041504,-6.72599983215332,1.402999997138977
114,2.4830000400543213,5.308000087738037,12.390000343322754
117,-0.34200000762939453,9.401000022888184,-5.875
120,3.378999948501587,12.678999900817871,-2.6410000324249268
123,4.296000003814697,12.718000411987305,0.8299999833106995
126,6.440999984741211,-7.421999931335449,-2.6410000324249268
129,-9.067000389099121,11.310999870300293,-2.677999973297119
132,-9.836000442504883,-8.13700008392334,-0.656000018119812
135,12.293999671936035,-9.680000305175781,1.340000033378601
138,9.678999900817871,12.1850004196167,1.4889999628067017
141,10.1899995803833,-6.526000022888184,3.4860000610351563
144,4.519000053405762,12.052000045776367,4.64900016784668
147,8.64900016784668,-8.982000350952148,-3.490000009536743
150,-4.813000202178955,8.8149995803833,-4.758999824523926
153,11.402999877929688,6.0229997634887695,2.8959999084472656
156,8.314000129699707,-8.694000244140625,-0.45100000500679016
159,6.0229997634887695,-5.172999858856201,2.0460000038146973
162,12.590999603271484,-3.115000009536743,2.9600000381469727
165,-7.754000186920166,-4.892000198364258,-2.681999921798706
168,-2.7920000553131104,-4.458000183105469,-3.181999921798706
171,-6.026000022888184,-7.7129998207092285,4.406000137329102
174,-4.86299991607666,5.980000019073486,3.7769999504089355
177,-10.842000007629395,-7.289000034332275,2.8510000705718994
180,-6.343999862670898,11.73799991607666,-1.562999963760376
183,-4.982999801635742,10.859999656677246,-8.798999786376953
186,-1.9129999876022339,4.703999996185303,-6.942999839782715
189,-0.8090000152587891,9.472000122070313,6.801000118255615
192,-4.913000106811523,-8.960000038146973,-4.09499979019165
195,-9.47599983215332,7.801000118255615,-1.2680000066757202
198,-4.183000087738037,-8.668000221252441,-0.5130000114440918
201,-6.123000144958496,8.854000091552734,1.6660000085830688
204,-3.5429999828338623,9.79699993133545,1.1180000305175781
207,-6.359000205993652,1.937999963760376,7.058000087738037
210,-0.0010000000474974513,4.478000164031982,4.711999893188477
213,2.687999963760376,-3.4089999198913574,10.397000312805176
216,-0.3190000057220459,-6.1020002365112305,-3.4639999866485596
219,7.515999794006348,10.737000465393066,-7.499000072479248
222,8.288000106811523,-8.335000038146973,-9.364999771118164
225,9.661999702453613,12.975000381469727,-6.451000213623047
228,12.211000442504883,-6.783999919891357,-2.375
231,7.23199987411499,-3.7260000705718994,-3.7179999351501465
234,3.381999969482422,-9.232999801635742,-5.428999900817871
237,7.991000175476074,12.189000129699707,-11.324999809265137
240,10.1850004196167,7.035999774932861,-4.2170000076293945
243,10.996999740600586,-8.244000434875488,-4.230999946594238
246,6.2789998054504395,9.815999984741211,-2.0989999771118164
249,7.2820000648498535,11.081999778747559,-4.138999938964844
252,8.156000137329102,-4.525000095367432,-7.492000102996826
255,10.157999992370605,-3.950000047683716,-9.269000053405762
258,-6.78000020980835,-6.76800012588501,-8.637999534606934
261,-10.810999870300293,-7.4629998207092285,-8.229000091552734
264,-6.994999885559082,-7.922999858856201,-2.4489998817443848
267,-8.96399974822998,-5.230000019073486,-7.488999843597412
270,8.9399995803833,8.088000297546387,-8.059000015258789
273,12.572999954223633,10.461999893188477,-9.145999908447266
276,-11.036999702453613,-4.88100004196167,11.390000343322754
279,-9.220999717712402,-8.774999618530273,-12.184000015258789
282,-9.119000434875488,-7.664000034332275,-3.9830000400543213
285,11.27400016784668,11.571999549865723,-11.164999961853027
288,-6.01200008392334,-2.9000000953674316,-7.111000061035156
291,-0.5669999718666077,-5.443999767303467,-6.354000091552734
294,2.51200008392334,-9.053999900817871,-9.666999816894531
297,5.116000175476074,11.045000076293945,-6.353000164031982
300,-1.0839999914169312,-8.59000015258789,-4.811999797821045
303,-7.078000068664551,12.72599983215332,-5.633999824523926
306,-1.9609999656677246,12.33899974822998,-7.35699987411499
309,-0.6330000162124634,-7.769000053405762,-8.187999725341797
312,-1.628000020980835,10.397000312805176,-9.255999565124512
315,4.269999980926514,9.446999549865723,-9.220000267028809
318,-0.14900000393390656,12.204000473022461,-1.7920000553131104
321,-3.2839999198913574,-6.959000110626221,-4.73199987411499
324,7.9679999351501465,12.845999717712402,10.748000144958496
327,-11.324000358581543,10.354000091552734,11.597999572753906
330,1.4110000133514404,11.60099983215332,-12.03600025177002
333,4.769000053405762,11.449999809265137,7.656000137329102
336,9.925000190734863,-8.01099967956543,12.96399974822998
339,9.194999694824219,9.937999725341797,-10.503999710083008
342,7.0229997634887695,-7.083000183105469,11.626999855041504
345,-7.232999801635742,-6.982999801635742,7.910999774932861
348,-8.782999992370605,-3.5230000019073486,10.369999885559082
351,-7.183000087738037,-6.361999988555908,13.1899995803833
354,11.64799976348877,-8.234999656677246,-11.770999908447266
357,12.095999717712402,-7.665999889373779,11.10200023651123
360,-9.61299991607666,12.947999954223633,8.12399959564209
363,10.14799976348877,-8.390999794006348,8.902000427246094
366,-7.103000164031982,12.484999656677246,7.447000026702881
369,-9.845000267028809,-9.8100004196167,10.888999938964844
372,7.900000095367432,9.295000076293945,12.562000274658203
375,10.071999549865723,7.565000057220459,13.704999923706055
378,-3.752000093460083,10.635000228881836,-11.173999786376953
381,-10.564000129699707,10.140999794006348,-12.854000091552734
384,-6.793000221252441,-9.498000144958496,-8.409000396728516
387,2.687999963760376,-9.494000434875488,8.371999740600586
390,-6.067999839782715,10.390000343322754,-12.5600004196167
393,-5.439000129699707,12.138999938964844,12.704000473022461
396,-11.050999641418457,7.531000137329102,-12.692999839782715
399,-7.800000190734863,7.599999904632568,10.288999557495117
402,0.024000000208616257,11.48799991607666,8.878999710083008
405,4.040999889373779,10.670000076293945,-11.666000366210938
408,-7.85099983215332,-9.01200008392334,12.668999671936035
411,-8.911999702453613,-6.318999767303467,-10.269000053405762
414,0.2800000011920929,-7.145999908447266,-10.640999794006348
417,2.1549999713897705,-6.59499979019165,13.609999656677246
420,-1.1990000009536743,-4.836999893188477,-11.281000137329102
423,5.389999866485596,-9.300999641418457,-11.696000099182129
426,-1.2410000562667847,-7.953999996185303,2.6659998893737793
429,2.2880001068115234,10.395999908447266,-7.235000133514404
432,4.642000198364258,-4.146999835968018,6.690000057220459
435,6.315000057220459,1.1649999618530273,7.881999969482422
438,-9.052000045776367,-2.5959999561309814,5.043000221252441
441,-4.565999984741211,-2.3389999866485596,10.590999603271484
444,7.105999946594238,-0.7900000214576721,3.3450000286102295
447,8.635000228881836,2.5789999961853027,11.074000358581543
450,1.8140000104904175,-4.256999969482422,5.947000026702881
453,3.8610000610351563,-7.7210001945495605,4.341000080108643
456,11.446000099182129,-3.502000093460083,-0.39800000190734863
459,-7.1620001792907715,1.975000023841858,9.694000244140625
462,7.447999954223633,-0.9179999828338623,6.458000183105469
465,1.1629999876022339,0.9789999723434448,8.803000450134277
468,10.9399995803833,0.8140000104904175,3.4230000972747803
471,-10.043999671936035,1.6239999532699585,5.1519999504089355
474,-6.689000129699707,-3.0739998817443848,0.9940000176429749
477,-1.0169999599456787,6.605000019073486,5.998000144958496
480,-2.5980000495910645,-4.501999855041504,7.7779998779296875
483,-6.204999923706055,3.3469998836517334,14.482999801635742
486,-8.102999687194824,-6.105000019073486,5.4070000648498535
489,-10.944000244140625,-5.330999851226807,6.156000137329102
492,-7.230999946594238,-4.091000080108643,3.4260001182556152
495,-3.9019999504089355,-4.118000030517578,5.252999782562256
498,-10.059000015258789,-0.968999981880188,11.07699966430664
501,-9.677000045776367,-5.138999938964844,13.859000205993652
504,-1.7710000276565552,3.5360000133514404,7.131999969482422
507,-0.9610000252723694,-5.250999927520752,9.855999946594238
510,5.052000045776367,0.21400000154972076,5.14300012588501
513,0.9309999942779541,-1.6169999837875366,5.696000099182129
516,-2.1440000534057617,-1.7170000076293945,8.743000030517578
519,2.1489999294281006,0.6269999742507935,4.414999961853027
522,-1.8609999418258667,-7.815999984741211,6.451000213623047
525,-7.447000026702881,-0.41600000858306885,8.11400032043457
528,-9.270000457763672,-5.4019999504089355,1.8329999446868896
531,-2.6640000343322754,10.645999908447266,4.8429999351501465
534,-5.679999828338623,-3.677000045776367,7.368000030517578
537,0.5400000214576721,-6.7729997634887695,6.755000114440918
540,-0.2290000021457672,-1.6519999504089355,-6.445000171661377
543,0.4259999990463257,4.754000186920166,-2.2799999713897705
546,5.166999816894531,0.7229999899864197,-0.6660000085830688
549,-0.7039999961853027,-0.9620000123977661,1.7200000286102295
552,3.253000020980835,-3.5250000953674316,-2.677000045776367
555,0.6010000109672546,-5.453999996185303,3.318000078201294
558,11.440999984741211,4.081999778747559,0.7490000128746033
561,-10.25,-3.6649999618530273,-5.406000137329102
564,10.12399959564209,-3.5169999599456787,-5.9770002365112305
567,-3.11899995803833,-2.111999988555908,-6.547999858856201
570,9.536999702453613,-1.4769999980926514,4.61299991607666
573,9.972000122070313,-2.2109999656677246,2.052999973297119
576,7.9079999923706055,-1.2000000476837158,-2.811000108718872
579,9.472000122070313,-4.666999816894531,-2.8550000190734863
582,-10.472000122070313,-4.076000213623047,-2.6730000972747803
585,10.628999710083008,-1.6660000085830688,-2.194999933242798
588,-6.921000003814697,-0.2720000147819519,0.8460000157356262
591,8.515999794006348,12.781999588012695,6.826000213623047
594,-5.925000190734863,3.694999933242798,-1.6920000314712524
597,-8.3100004196167,-0.24899999797344208,-3.3459999561309814
600,-0.8389999866485596,-1.5950000286102295,-1.0759999752044678
603,-3.3919999599456787,-7.046999931335449,4.109000205993652
606,-6.363999843597412,1.2640000581741333,-4.191999912261963
609,-6.146999835968018,5.877999782562256,1.3830000162124634
612,-4.122000217437744,1.2890000343322754,2.515000104904175
615,-3.4749999046325684,-2.1070001125335693,-2.075000047683716
618,-2.434000015258789,2.1410000324249268,-3.2039999961853027
621,-2.127000093460083,-4.0970001220703125,2.806999921798706
624,0.8029999732971191,2.440999984741211,6.519000053405762
627,-2.4130001068115234,0.8790000081062317,6.261000156402588
630,7.458000183105469,1.9889999628067017,3.318000078201294
633,-2.2200000286102295,5.517000198364258,-2.059000015258789
636,4.663000106811523,3.0179998874664307,5.11299991607666
639,5.5879998207092285,-7.421999931335449,-9.711999893188477
642,-0.8899999856948853,0.06499999761581421,4.264999866485596
645,6.02400016784668,-5.64300012588501,4.816999912261963
648,2.0190000534057617,-3.3359999656677246,-5.34499979019165
651,10.42199993133545,-6.789999961853027,-9.64799976348877
654,11.64900016784668,1.031000018119812,-8.319000244140625
657,5.2230000495910645,-1.184000015258789,-2.9619998931884766
660,9.26200008392334,2.993000030517578,-4.163000106811523
663,3.9170000553131104,-6.26200008392334,-2.3519999980926514
666,2.1740000247955322,-5.589000225067139,-6.999000072479248
669,5.723999977111816,-5.757999897003174,-4.915999889373779
672,4.593999862670898,-3.6670000553131104,-9.321999549865723
675,-9.925999641418457,-0.08799999952316284,-5.954999923706055
678,4.306000232696533,-7.050000190734863,-7.14300012588501
681,2.0910000801086426,-2.260999917984009,-0.593999981880188
684,-6.702000141143799,4.548999786376953,-7.672999858856201
687,12.220999717712402,3.5199999809265137,-7.916999816894531
690,-4.513999938964844,3.61899995803833,-8.883000373840332
693,-9.168000221252441,2.3429999351501465,-7.177000045776367
696,-5.698999881744385,0.8560000061988831,-11.413999557495117
699,-4.244999885559082,-0.5099999904632568,-4.73799991607666
702,7.691999912261963,-7.307000160217285,-6.7270002365112305
705,-10.531000137329102,-1.5190000534057617,-8.845000267028809
708,-8.204000473022461,-2.2100000381469727,-11.970999717712402
711,-8.185999870300293,-1.4179999828338623,-7.53000020980835
714,-6.198999881744385,-2.632999897003174,-2.6600000858306885
717,-7.3979997634887695,-6.802999973297119,0.2630000114440918
720,3.2990000247955322,0.7910000085830688,-7.065999984741211
723,0.8169999718666077,0.7950000166893005,-5.735000133514404
726,0.8259999752044678,7.235000133514404,-11.038999557495117
729,0.26100000739097595,-1.1419999599456787,-9.477999687194824
732,2.447000026702881,0.8479999899864197,-0.04500000178813934
735,-0.07000000029802322,0.36800000071525574,-3.0899999141693115
738,-1.809000015258789,-7.320000171661377,-1.4869999885559082
741,-5.284999847412109,-4.480999946594238,-4.684999942779541
744,1.312999963760376,-9.58899974822998,-7.224999904632568
747,2.9570000171661377,-1.444000005722046,-8.930000305175781
750,1.3329999446868896,-7.686999797821045,-1.590999960899353
753,-1.7369999885559082,-5.896999835968018,0.8489999771118164
756,8.1899995803833,-7.3379998207092285,5.60099983215332
759,6.020999908447266,-2.2019999027252197,14.034000396728516
762,10.605999946594238,1.1890000104904175,-10.95300006866455
765,6.901000022888184,-4.514999866485596,12.08899974822998
768,3.065000057220459,-0.9700000286102295,9.479000091552734
771,2.9690001010894775,-6.451000213623047,-10.321999549865723
774,11.222000122070313,-1.3569999933242798,9.593999862670898
777,-10.23900032043457,-2.436000108718872,13.416000366210938
780,-10.519000053405762,1.3370000123977661,9.440999984741211
783,-1.128000020980835,-7.895999908447266,11.288999557495117
786,-3.572000026702881,3.4489998817443848,-11.378999710083008
789,9.793999671936035,-3.878999948501587,11.701000213623047
792,-8.538999557495117,-2.9119999408721924,7.809000015258789
795,-6.451000213623047,-4.538000106811523,11.3100004196167
798,5.517000198364258,-4.48799991607666,9.480999946594238
801,10.842000007629395,-2.4089999198913574,13.906000137329102
804,-9.515000343322754,-3.750999927520752,-9.972999572753906
807,5.63100004196167,-4.7129998207092285,-11.968000411987305
810,-4.291999816894531,-0.07400000095367432,12.045999526977539
813,-3.568000078201294,-6.9120001792907715,12.246000289916992
816,5.248000144958496,-0.7310000061988831,-5.885000228881836
819,3.8959999084472656,-1.1299999952316284,12.145999908447266
822,-4.328000068664551,-8.37600040435791,-12.729999542236328
825,-7.103000164031982,-0.9549999833106995,-9.795999526977539
828,-1.0069999694824219,-3.4609999656677246,13.52299976348877
831,-1.4800000190734863,11.802000045776367,11.321000099182129
834,-4.482999801635742,11.848999977111816,6.5289998054504395
837,-2.253000020980835,12.380000114440918,-12.831999778747559
840,-4.683000087738037,-6.236999988555908,-7.130000114440918
843,-4.76200008392334,-2.2920000553131104,-10.527000427246094
846,5.814000129699707,-3.2860000133514404,-6.89900016784668
849,0.14300000667572021,-8.557999610900879,14.121000289916992
852,-2.197999954223633,-1.5529999732971191,-10.656000137329102
855,2.252000093460083,-6.89900016784668,8.987000465393066
858,3.8320000171661377,-1.5099999904632568,6.947999954223633
861,-1.6979999542236328,-4.214000225067139,-8.317000389099121
864,10.032999992370605,3.7039999961853027,-12.270999908447266
867,10.027999877929688,0.2529999911785126,0.8389999866485596
870,4.284999847412109,7.318999767303467,4.35099983215332
873,10.098999977111816,-0.0729999989271164,6.8470001220703125
876,11.085000038146973,4.396999835968018,8.392000198364258
879,-7.579999923706055,10.758000373840332,9.74899959564209
882,5.267000198364258,1.090000033378601,13.081000328063965
885,6.757999897003174,5.603000164031982,4.677999973297119
888,11.081000328063965,3.687999963760376,4.008999824523926
891,7.179999828338623,5.669000148773193,2.140000104904175
894,-10.437000274658203,5.401000022888184,7.01200008392334
897,9.949000358581543,0.14300000667572021,13.725000381469727
900,-6.289999961853027,3.677999973297119,4.688000202178955
903,9.539999961853027,6.9720001220703125,1.1679999828338623
906,-4.379000186920166,10.887999534606934,-3.056999921798706
909,-3.861999988555908,5.375999927520752,6.181000232696533
912,-0.9950000047683716,6.908999919891357,10.753000259399414
915,-3.0940001010894775,7.8979997634887695,8.607000350952148
918,-10.295000076293945,8.16100025177002,6.1579999923706055
921,-1.7369999885559082,2.552999973297119,3.5339999198913574
924,-8.887999534606934,4.4029998779296875,5.058000087738037
927,0.4580000042915344,4.193999767303467,1.7640000581741333
930,0.9419999718666077,-4.550000190734863,12.053000450134277
933,11.878000259399414,2.0260000228881836,7.085999965667725
936,3.0859999656677246,7.539999961853027,0.5669999718666077
939,4.745999813079834,3.5969998836517334,-1.13100004196167
942,7.189000129699707,4.633999824523926,-0.4970000088214874
945,4.78000020980835,9.829999923706055,0.4790000021457672
948,3.4600000381469727,3.2769999504089355,7.414000034332275
951,2.2929999828338623,4.839000225067139,-0.16899999976158142
954,-4.73199987411499,0.04800000041723251,8.559000015258789
957,-4.790999889373779,0.3880000114440918,5.00600004196167
960,8.883000373840332,2.7890000343322754,1.0750000476837158
963,2.6649999618530273,4.9039998054504395,3.7119998931884766
966,8.553000450134277,-1.7120000123977661,10.357000350952148
969,-2.6760001182556152,-4.144999980926514,11.616000175476074
972,6.285999774932861,4.191999912261963,-5.64900016784668
975,0.46000000834465027,11.420000076293945,-4.386000156402588
978,1.649999976158142,8.687999725341797,2.575000047683716
981,1.8630000352859497,4.284999847412109,-4.689000129699707
984,4.546999931335449,4.491000175476074,-3.694000005722046
987,-11.234000205993652,0.3889999985694885,-0.8259999752044678
990,-7.307000160217285,7.910999774932861,-4.6620001792907715
993,-8.196999549865723,3.6040000915527344,-3.381999969482422
996,9.970999717712402,6.380000114440918,-1.5210000276565552
999,11.670000076293945,10.75100040435791,-4.327000141143799
1002,-9.173999786376953,7.13700008392334,3.8519999980926514
1005,6.0289998054504395,12.407999992370605,-1.347000002861023
1008,-10.02400016784668,2.3929998874664307,1.059999942779541
1011,11.206999778747559,-0.828000009059906,-5.169000148773193
1014,-2.763000011444092,2.11899995803833,-0.5230000019073486
1017,-7.686999797821045,1.559000015258789,-1.00600004196167
1020,-9.553999900817871,-0.04600000008940697,2.26200008392334
1023,9.282999992370605,9.210000038146973,-5.571000099182129
1026,-1.0360000133514404,7.815000057220459,-0.7120000123977661
1029,-8.821000099182129,8.194000244140625,1.3669999837875366
1032,-2.559999942779541,7.110000133514404,1.7020000219345093
1035,-7.429999828338623,11.76200008392334,1.0329999923706055
1038,-1.0800000429153442,8.371999740600586,3.6570000648498535
1041,-7.539999961853027,2.378999948501587,2.328000068664551
1044,-4.751999855041504,3.503000020980835,0.9480000138282776
1047,-1.934000015258789,4.672999858856201,0.5289999842643738
1050,-4.619999885559082,3.7890000343322754,-4.052000045776367
1053,0.8299999833106995,1.281999945640564,2.0980000495910645
1056,-6.919000148773193,7.339000225067139,6.130000114440918
1059,-10.336999893188477,1.8799999952316284,-3.1429998874664307
1062,0.7990000247955322,11.208000183105469,1.6610000133514404
1065,-4.623000144958496,6.743000030517578,-3.1530001163482666
1068,3.062000036239624,8.753999710083008,-4.506999969482422
1071,-0.027000000700354576,2.1419999599456787,-1.1080000400543213
1074,1.4739999771118164,7.973999977111816,-1.8609999418258667
1077,7.201000213623047,7.242000102996826,-1.6059999465942383
1080,5.025000095367432,7.353000164031982,-7.534999847412109
1083,6.671999931335449,3.3919999599456787,-10.555000305175781
1086,11.324999809265137,5.459000110626221,-9.430000305175781
1089,12.116999626159668,12.579000473022461,-7.552000045776367
1092,7.763000011444092,5.443999767303467,-3.821000099182129
1095,-10.97599983215332,8.173999786376953,-3.311000108718872
1098,9.621999740600586,1.496000051498413,-6.519000053405762
1101,6.953000068664551,1.4290000200271606,-6.563000202178955
1104,8.11400032043457,1.1469999551773071,-9.972999572753906
1107,7.196000099182129,6.078999996185303,-8.300000190734863
1110,9.925999641418457,3.63700008392334,-1.6510000228881836
1113,7.920000076293945,0.9210000038146973,-0.9010000228881836
1116,-7.301000118255615,7.105999946594238,-8.961000442504883
1119,11.609000205993652,7.939000129699707,-8.145999908447266
1122,-7.644999980926514,11.791999816894531,-10.631999969482422
1125,-6.77400016784668,6.425000190734863,-1.4980000257492065
1128,-4.835000038146973,7.875,-9.545999526977539
1131,-10.085000038146973,12.463000297546387,-5.307000160217285
1134,10.305000305175781,5.116000175476074,-6.4710001945495605
1137,-3.8410000801086426,6.5370001792907715,-6.953999996185303
1140,-1.690000057220459,6.061999797821045,-10.111000061035156
1143,-0.6179999709129333,3.0239999294281006,-5.251999855041504
1146,2.822000026702881,6.491000175476074,-8.940999984741211
1149,-8.565999984741211,9.91100025177002,-6.050000190734863
1152,-0.8339999914169312,7.493000030517578,-3.9800000190734863
1155,-0.4309999942779541,6.418000221252441,13.569999694824219
1158,4.88100004196167,5.986999988555908,13.604000091552734
1161,-0.9010000228881836,7.620999813079834,-7.811999797821045
1164,2.306999921798706,10.873000144958496,-0.753000020980835
1167,-3.128000020980835,10.03600025177002,-6.620999813079834
1170,-4.453999996185303,2.0950000286102295,-6.178999900817871
1173,-2.7679998874664307,-0.7799999713897705,-13.16100025177002
1176,-1.8350000381469727,2.128000020980835,13.859999656677246
1179,0.6119999885559082,6.171999931335449,-6.111999988555908
1182,5.206999778747559,6.939000129699707,-4.793000221252441
1185,2.3550000190734863,3.8559999465942383,-10.050999641418457
1188,6.36899995803833,8.640999794006348,10.159000396728516
1191,6.144000053405762,4.331999778747559,8.86400032043457
1194,7.488999843597412,7.843999862670898,-11.543000221252441
1197,-9.640999794006348,9.680000305175781,8.4399995803833
1200,8.895999908447266,5.064000129699707,12.6850004196167
1203,7.335000038146973,0.11699999868869781,-12.482000350952148
1206,9.711000442504883,8.199999809265137,8.430000305175781
1209,-9.579000473022461,6.61299991607666,12.269000053405762
1212,11.166000366210938,4.76200008392334,10.979000091552734
1215,-5.321000099182129,6.156000137329102,11.550999641418457
1218,-8.58899974822998,9.717000007629395,-8.949999809265137
1221,8.843000411987305,5.821000099182129,-10.359000205993652
1224,-6.61299991607666,-0.6570000052452087,13.604999542236328
1227,11.036999702453613,1.0579999685287476,11.213000297546387
1230,-8.42300033569336,4.935999870300293,8.725000381469727
1233,-8.050999641418457,5.73199987411499,-12.751999855041504
1236,12.751999855041504,6.800000190734863,-6.104000091552734
1239,11.392999649047852,-1.8869999647140503,-10.824000358581543
1242,-3.3420000076293945,7.690000057220459,12.951000213623047
1245,-3.115999937057495,2.50600004196167,11.20300006866455
1248,1.2760000228881836,3.816999912261963,9.720000267028809
1251,-3.0360000133514404,7.923999786376953,-11.484999656677246
1254,0.9409999847412109,9.58899974822998,-9.73900032043457
1257,-6.46999979019165,7.896999835968018,13.878000259399414
1260,-9.449999809265137,6.251999855041504,-10.517000198364258
1263,-5.486000061035156,6.7789998054504395,8.515999794006348
1266,-1.465000033378601,4.577000141143799,9.77299976348877
1269,1.184000015258789,-4.151000022888184,-9.138999938964844
1272,-5.668000221252441,3.430999994277954,11.559000015258789
1275,-8.072999954223633,5.3379998207092285,-5.440000057220459
1278,-1.5540000200271606,0.49900001287460327,10.274999618530273
1281,6.605000019073486,6.105000019073486,11.340999603271484
1284,5.043000221252441,6.3979997634887695,-10.779000282287598
1287,3.23799991607666,2.5209999084472656,-12.529999732971191
1290,6.432000160217285,0.9049999713897705,10.552000045776367
1293,0.609000027179718,3.7300000190734863,14.019000053405762
