0,3.180999994277954,-4.513000011444092,7.5929999351501465
3,8.989999771118164,-8.00100040435791,8.342000007629395
6,9.861000061035156,-5.468999862670898,8.062000274658203
9,-9.286999702453613,-7.051000118255615,7.953999996185303
12,12.428000450134277,-5.302000045776367,8.781999588012695
15,7.734000205993652,-3.553999900817871,6.743000030517578
18,8.27299976348877,10.416000366210938,6.807000160217285
21,11.001999855041504,-8.47599983215332,6.677000045776367
24,10.107000350952148,11.802000045776367,5.198999881744385
27,9.95300006866455,-6.704999923706055,4.8460001945495605
30,-10.496999740600586,-9.468000411987305,8.767999649047852
33,6.934999942779541,-9.305000305175781,7.008999824523926
36,-6.736000061035156,-6.038000106811523,8.826000213623047
39,-10.47700023651123,-6.4070000648498535,5.218999862670898
42,-3.4489998817443848,-5.401000022888184,4.666999816894531
45,-3.375999927520752,-5.0879998207092285,7.388000011444092
48,-1.3079999685287476,-5.124000072479248,9.102999687194824
51,-4.117000102996826,-7.177999973297119,8.925999641418457
54,-6.535999774932861,-5.708000183105469,6.252999782562256
57,-6.419000148773193,-8.295000076293945,5.769999980926514
60,-9.166000366210938,-8.75100040435791,5.3979997634887695
63,5.014999866485596,-9.555999755859375,9.003999710083008
66,-2.5309998989105225,-9.595000267028809,8.876999855041504
69,-5.948999881744385,12.708000183105469,8.281000137329102
72,1.0570000410079956,-7.627999782562256,5.7220001220703125
75,-1.5820000171661377,-7.433000087738037,4.968999862670898
78,2.309999942779541,-5.9770002365112305,3.3010001182556152
81,4.954999923706055,-7.2779998779296875,5.802999973297119
84,1.309999942779541,-6.047999858856201,9.048999786376953
87,2.569999933242798,-8.571000099182129,9.567000389099121
90,1.531000018119812,12.425999641418457,7.210000038146973
93,-2.2790000438690186,12.553000450134277,6.160999774932861
96,3.2209999561309814,-8.187999725341797,1.937000036239624
99,3.446000099182129,-8.954999923706055,4.520999908447266
102,5.706999778747559,-8.682999610900879,11.484999656677246
105,6.130000114440918,-5.941999912261963,11.913999557495117
108,5.8480000495910645,-4.263999938964844,-1.9859999418258667
111,7.921000003814697,-5.35099983215332,2.0739998817443848
114,5.9120001792907715,-5.39300012588501,7.693999767303467
117,5.335000038146973,12.70199966430664,-1.809999942779541
120,5.755000114440918,-8.895999908447266,0.7940000295639038
123,7.47599983215332,-9.39799976348877,2.9110000133514404
126,9.619000434875488,-4.9730000495910645,-0.03099999949336052
129,11.303000450134277,-6.064000129699707,-2.243000030517578
132,-9.694999694824219,-5.2230000495910645,-2.1610000133514404
135,-8.72700023651123,-6.872000217437744,-0.09099999815225601
138,-10.508000373840332,-6.769000053405762,2.1659998893737793
141,10.638999938964844,-7.414999961853027,0.9900000095367432
144,10.211000442504883,-9.675999641418457,2.5190000534057617
147,11.79699993133545,-8.781999588012695,-1.184999942779541
150,-9.208999633789063,12.237000465393066,-1.5889999866485596
153,-8.114999771118164,-9.392999649047852,0.7509999871253967
156,-9.961000442504883,13.062999725341797,2.9189999103546143
159,7.1570000648498535,-6.622000217437744,4.315999984741211
162,-6.396999835968018,-5.3379998207092285,0.4020000100135803
165,-5.232999801635742,-6.935999870300293,-1.715000033378601
168,-2.8440001010894775,-6.3480000495910645,-0.6620000004768372
171,0.061000000685453415,-5.236000061035156,1.3200000524520874
174,-2.002000093460083,-0.8600000143051147,0.17499999701976776
177,-5.8379998207092285,-6.414999961853027,2.868000030517578
180,-5.631999969482422,12.050999641418457,0.8799999952316284
183,-4.510000228881836,12.732999801635742,-1.61899995803833
186,-1.7549999952316284,12.845000267028809,-1.5950000286102295
189,-1.100000023841858,-7.605000019073486,2.2869999408721924
192,-1.5640000104904175,12.439000129699707,1.3669999837875366
195,-5.202000141143799,-9.062999725341797,3.427000045776367
198,2.2699999809265137,-4.98199987411499,-0.09000000357627869
201,3.503000020980835,-5.802999973297119,-2.3369998931884766
204,5.843999862670898,-6.045000076293945,0.13099999725818634
207,1.1699999570846558,-9.355999946594238,0.11900000274181366
210,2.9119999408721924,-8.531999588012695,-2.0950000286102295
213,7.855999946594238,-3.013000011444092,3.744999885559082
216,6.6579999923706055,-4.785999774932861,-6.934999942779541
219,8.718000411987305,-5.696000099182129,-8.793999671936035
222,11.621999740600586,-4.876999855041504,-8.694000244140625
225,12.251999855041504,-6.056000232696533,-6.168000221252441
228,10.178000450134277,-5.214000225067139,-4.718999862670898
231,7.2779998779296875,-5.420000076293945,-4.076000213623047
234,6.724999904632568,-9.251999855041504,-6.914000034332275
237,8.211999893188477,-8.380999565124512,-8.958999633789063
240,11.368000030517578,12.336000442504883,-9.217000007629395
243,12.270000457763672,-9.03600025177002,-6.241000175476074
246,11.512999534606934,12.354000091552734,-3.61899995803833
249,6.585999965667725,-8.336000442504883,-4.1479997634887695
252,-8.659000396728516,-5.318999767303467,-6.605999946594238
255,-6.943999767303467,-6.01800012588501,-8.538999557495117
258,-4.698999881744385,-5.0289998054504395,-9.402000427246094
261,-3.757999897003174,-6.079999923706055,-6.181000232696533
264,-5.5929999351501465,-5.175000190734863,-4.117000102996826
267,-8.25,-6.315000057220459,-4.185999870300293
270,-8.279000282287598,12.286999702453613,-6.619999885559082
273,-6.973999977111816,-8.815999984741211,-8.711000442504883
276,-4.599999904632568,11.913000106811523,-8.461000442504883
279,-3.49399995803833,-8.92199993133545,-6.60099983215332
282,-4.791999816894531,12.531999588012695,-4.495999813079834
285,-7.620999813079834,-9.017000198364258,-4.11899995803833
288,-1.4589999914169312,-4.951000213623047,-6.671000003814697
291,0.47099998593330383,-5.744999885559082,-8.597999572753906
294,3.3559999465942383,-4.796000003814697,-9.230999946594238
297,4.019000053405762,-5.423999786376953,-6.623000144958496
300,2.510999917984009,-4.631999969482422,-4.581999778747559
303,0.33500000834465027,-6.394999980926514,-3.9670000076293945
306,-1.1410000324249268,12.145000457763672,-6.572000026702881
309,0.6230000257492065,-8.9350004196167,-8.701000213623047
312,3.5840001106262207,12.593999862670898,-8.880999565124512
315,3.9110000133514404,-8.38599967956543,-6.633999824523926
318,2.328000068664551,-8.991999626159668,-4.684999942779541
321,-0.30399999022483826,-9.256999969482422,-4.045000076293945
324,9.3149995803833,-5.98199987411499,11.086000442504883
327,9.694999694824219,-5.9079999923706055,13.994000434875488
330,7.813000202178955,-4.97599983215332,-11.392000198364258
333,8.54800033569336,-8.647000312805176,11.098999977111816
336,9.873000144958496,-8.826000213623047,13.458000183105469
339,7.9720001220703125,12.788000106811523,-11.656000137329102
342,12.307000160217285,-5.13100004196167,13.791999816894531
345,-10.043999671936035,-5.794000148773193,11.52400016784668
348,-7.439000129699707,-4.945000171661377,11.189000129699707
351,-6.789999961853027,-5.833000183105469,13.741999626159668
354,-8.17199993133545,-4.848999977111816,-11.192999839782715
357,-10.633999824523926,-5.7779998779296875,-10.91100025177002
360,12.640000343322754,-9.625,13.350000381469727
363,-9.619999885559082,-8.454999923706055,11.184000015258789
366,-7.15500020980835,12.720999717712402,10.682999610900879
369,-5.730000019073486,-8.524999618530273,13.694999694824219
372,-7.951000213623047,-9.218000411987305,-11.270000457763672
375,-10.72700023651123,-8.723999977111816,-11.006999969482422
378,-3.736999988555908,-5.14300012588501,13.147000312805176
381,-1.496000051498413,-6.138999938964844,11.699000358581543
384,1.065999984741211,-5.046000003814697,11.697999954223633
387,1.746999979019165,-5.400000095367432,14.392000198364258
390,-0.36500000953674316,-5.169000148773193,-11.105999946594238
393,-2.885999917984009,-6.610000133514404,-11.626999855041504
396,-3.494999885559082,12.338000297546387,13.510000228881836
399,-1.6950000524520874,-9.057000160217285,11.635000228881836
402,0.8199999928474426,12.484000205993652,11.461999893188477
405,1.5130000114440918,-8.730999946594238,13.861000061035156
408,0.1940000057220459,12.659000396728516,-11.182999610900879
411,-2.555999994277954,-9.270000457763672,-11.138999938964844
414,4.699999809265137,-5.085999965667725,14.038999557495117
417,3.7009999752044678,-1.8899999856948853,8.628000259399414
420,5.23199987411499,-6.116000175476074,-10.718999862670898
423,3.938999891281128,12.45199966430664,13.562000274658203
426,6.144999980926514,-4.086999893188477,10.126999855041504
429,5.21999979019165,-9.263999938964844,-11.159000396728516
432,8.553999900817871,2.0959999561309814,4.809000015258789
435,10.378999710083008,0.6230000257492065,6.2230000495910645
438,12.395000457763672,2.3350000381469727,5.058000087738037
441,-6.150000095367432,-0.8579999804496765,6.458000183105469
444,-10.562000274658203,2.052999973297119,9.609999656677246
447,10.378000259399414,1.2029999494552612,9.145000457763672
450,5.71999979019165,-1.4709999561309814,6.566999912261963
453,11.715999603271484,-1.9140000343322754,6.714000225067139
456,11.333999633789063,-4.260000228881836,5.466000080108643
459,-9.038999557495117,-0.8320000171661377,6.5960001945495605
462,12.333000183105469,-2.5260000228881836,9.479000091552734
465,10.486000061035156,-1.277999997138977,10.895000457763672
468,-6.0329999923706055,0.8700000047683716,4.178999900817871
471,-9.581999778747559,1.7920000553131104,7.177000045776367
474,-4.433000087738037,2.006999969482422,2.2060000896453857
477,0.8519999980926514,4.895999908447266,4.663000106811523
480,-2.0250000953674316,1.725000023841858,9.178000450134277
483,-4.276000022888184,0.5929999947547913,10.413999557495117
486,-4.88100004196167,-3.2130000591278076,6.40500020980835
489,-8.538000106811523,-2.5480000972747803,4.410999774932861
492,-8.093000411987305,-5.098999977111816,3.944999933242798
495,-1.5269999504089355,-0.12099999934434891,5.173999786376953
498,-2.0320000648498535,-2.1760001182556152,10.0
501,-4.500999927520752,-2.23799991607666,9.310999870300293
504,2.6589999198913574,6.605000019073486,6.783999919891357
507,2.2339999675750732,2.4719998836517334,6.678999900817871
510,3.190000057220459,4.906000137329102,3.2079999446868896
513,6.043000221252441,1.2599999904632568,6.118000030517578
516,5.306000232696533,2.003000020980835,9.13700008392334
519,2.568000078201294,1.7549999952316284,9.23900032043457
522,-0.9700000286102295,-1.2890000343322754,7.650000095367432
525,-2.941999912261963,-0.41100001335144043,2.6489999294281006
528,-1.4950000047683716,-3.4509999752044678,-0.16099999845027924
531,-0.02199999988079071,-2.697999954223633,5.204999923706055
534,1.2510000467300415,-4.994999885559082,5.61899995803833
537,1.2280000448226929,-0.5839999914169312,8.958999633789063
540,5.063000202178955,4.355000019073486,-1.6670000553131104
543,6.565999984741211,1.2619999647140503,-1.8860000371932983
546,9.824999809265137,0.9269999861717224,2.4790000915527344
549,5.454999923706055,-1.4809999465942383,-1.9980000257492065
552,8.668999671936035,0.6100000143051147,-0.10899999737739563
555,2.7179999351501465,-1.8969999551773071,3.819000005722046
558,11.182000160217285,2.497999906539917,0.8069999814033508
561,10.854000091552734,1.7039999961853027,-1.8619999885559082
564,-9.880999565124512,2.743000030517578,-1.8450000286102295
567,-8.704000473022461,1.2050000429153442,0.4300000071525574
570,-10.611000061035156,1.0069999694824219,2.553999900817871
573,5.170000076293945,-3.0380001068115234,4.295000076293945
576,9.76099967956543,-1.909000039100647,0.12800000607967377
579,11.46500015258789,-1.0379999876022339,-2.0179998874664307
582,-9.736000061035156,-2.296999931335449,-1.9470000267028809
585,-9.178999900817871,-1.4989999532699585,0.7360000014305115
588,-10.781000137329102,-1.6139999628067017,3.190999984741211
591,10.10200023651123,-1.7790000438690186,2.930000066757202
594,-6.416999816894531,2.5889999866485596,0.34299999475479126
597,-4.690000057220459,1.6330000162124634,-1.3919999599456787
600,-2.0480000972747803,2.194999933242798,-2.0929999351501465
603,-1.0499999523162842,1.850000023841858,0.3269999921321869
606,-0.8169999718666077,2.9590001106262207,2.7750000953674316
609,-7.3979997634887695,2.940000057220459,5.2729997634887695
612,-6.535999774932861,-2.690999984741211,0.5040000081062317
615,-5.4029998779296875,-1.3559999465942383,-1.5770000219345093
618,-2.742000102996826,-1.3730000257492065,-2.4210000038146973
621,0.9319999814033508,-2.140000104904175,-0.21699999272823334
624,-3.75600004196167,-2.7139999866485596,3.75600004196167
627,-6.251999855041504,-1.63100004196167,3.121999979019165
630,1.6119999885559082,1.6720000505447388,-0.027000000700354576
633,2.5439999103546143,1.9329999685287476,-2.5269999504089355
636,4.576000213623047,3.630000114440918,5.388000011444092
639,2.8350000381469727,-1.0,-1.7300000190734863
642,1.3680000305175781,-0.43299999833106995,1.871999979019165
645,4.367000102996826,-4.644000053405762,1.9229999780654907
648,6.8460001945495605,2.3469998836517334,-6.546000003814697
651,8.515000343322754,1.8799999952316284,-8.769000053405762
654,11.303000450134277,2.687000036239624,-8.710000038146973
657,-11.142999649047852,1.406999945640564,-6.5269999504089355
660,10.625,2.359999895095825,-4.703000068664551
663,7.801000118255615,1.5080000162124634,-4.229000091552734
666,6.892000198364258,-1.6069999933242798,-6.546000003814697
669,8.279000282287598,-0.9950000047683716,-8.947999954223633
672,10.894000053405762,-2.0420000553131104,-9.17300033569336
675,12.140000343322754,-1.475000023841858,-6.554999828338623
678,10.420000076293945,-1.7230000495910645,-4.361999988555908
681,7.535999774932861,-1.2419999837875366,-3.806999921798706
684,-8.48799991607666,2.5269999504089355,-6.059000015258789
687,-7.386000156402588,1.7109999656677246,-8.322999954223633
690,-4.659999847412109,2.128999948501587,-8.732000350952148
693,-3.684999942779541,1.4459999799728394,-6.380000114440918
696,-4.955999851226807,2.2060000896453857,-4.079999923706055
699,-7.789000034332275,1.4329999685287476,-3.6429998874664307
702,-8.928000450134277,-2.421999931335449,-6.688000202178955
705,-7.39300012588501,-1.0989999771118164,-8.762999534606934
708,-4.741000175476074,-2.059000015258789,-9.005999565124512
711,-4.125999927520752,-1.2640000581741333,-6.460000038146973
714,-5.784999847412109,-2.377000093460083,-4.124000072479248
717,-8.194000244140625,-1.128000020980835,-4.089000225067139
720,-1.3519999980926514,2.3559999465942383,-7.059999942779541
723,0.824999988079071,1.7350000143051147,-8.477999687194824
726,3.5199999809265137,2.50600004196167,-8.810999870300293
729,4.171000003814697,1.4079999923706055,-6.415999889373779
732,1.8339999914169312,1.944000005722046,-4.9730000495910645
735,-0.7319999933242798,1.8990000486373901,-4.354000091552734
738,-1.3580000400543213,-2.0220000743865967,-6.889999866485596
741,0.578000009059906,-1.0360000133514404,-8.878000259399414
744,3.250999927520752,-1.4600000381469727,-9.100000381469727
747,4.105000019073486,-1.2769999504089355,-6.36899995803833
750,2.00600004196167,-1.5700000524520874,-4.2779998779296875
753,-0.8330000042915344,-0.7559999823570251,-4.313000202178955
756,8.755999565124512,2.252000093460083,11.505999565124512
759,9.779000282287598,1.2259999513626099,13.83899974822998
762,8.074000358581543,2.5829999446868896,-11.484999656677246
765,8.42300033569336,-3.0959999561309814,11.460000038146973
768,9.579000473022461,-1.4160000085830688,13.62399959564209
771,7.7829999923706055,-2.0190000534057617,-11.553999900817871
774,12.166999816894531,2.447000026702881,13.52299976348877
777,-9.505999565124512,1.3279999494552612,11.925000190734863
780,-6.427999973297119,2.000999927520752,11.534000396728516
783,-6.158999919891357,1.3619999885559082,14.142999649047852
786,-7.686999797821045,2.2990000247955322,-11.067999839782715
789,-10.809000015258789,1.7730000019073486,-10.942000389099121
792,12.317999839782715,-2.3910000324249268,13.663999557495117
795,-9.586000442504883,-1.465999960899353,11.652000427246094
798,-6.650000095367432,-2.052999973297119,11.355999946594238
801,-6.078000068664551,-1.2879999876022339,13.755000114440918
804,-8.119000434875488,-2.121000051498413,-11.3149995803833
807,-10.78600025177002,-1.3200000524520874,-11.04699993133545
810,-3.562000036239624,2.378999948501587,14.116000175476074
813,-1.6490000486373901,1.593000054359436,12.220999717712402
816,0.5339999794960022,2.5269999504089355,11.355999946594238
819,1.6130000352859497,1.61899995803833,14.069999694824219
822,0.125,2.25600004196167,-10.987000465393066
825,-2.611999988555908,1.309999942779541,-10.557000160217285
828,-3.4079999923706055,-2.5829999446868896,-12.906999588012695
831,-1.5269999504089355,-1.184000015258789,12.494000434875488
834,0.9179999828338623,-2.3010001182556152,11.343999862670898
837,1.8660000562667847,-1.378000020980835,13.609000205993652
840,0.050999999046325684,-2.0480000972747803,-11.381999969482422
843,-2.558000087738037,-1.3259999752044678,-10.626999855041504
846,4.353000164031982,1.9049999713897705,13.793000221252441
849,6.005000114440918,1.2999999523162842,11.62399959564209
852,5.379000186920166,1.878999948501587,-10.982999801635742
855,4.291999816894531,-2.388000011444092,13.562000274658203
858,4.813000202178955,-1.7089999914169312,11.02400016784668
861,4.840000152587891,-1.187999963760376,-11.35099983215332
864,8.255999565124512,7.752999782562256,7.480000019073486
867,8.63700008392334,5.228000164031982,4.742000102996826
870,11.404000282287598,9.729999542236328,6.375
873,-8.809000015258789,8.968999862670898,8.060999870300293
876,11.892999649047852,10.420999526977539,9.300000190734863
879,9.958000183105469,9.08899974822998,10.711000442504883
882,6.51200008392334,5.622000217437744,6.699999809265137
885,11.734000205993652,6.9629998207092285,6.3480000495910645
888,11.571000099182129,5.131999969482422,4.2179999351501465
891,-9.380999565124512,6.368000030517578,7.372000217437744
894,-10.493000030517578,4.781000137329102,9.192999839782715
897,10.279999732971191,6.361000061035156,8.923999786376953
900,-6.519999980926514,10.288999557495117,7.474999904632568
903,-6.736000061035156,9.946000099182129,4.855999946594238
906,-2.763000011444092,9.095999717712402,2.6070001125335693
909,-0.8320000171661377,9.508000373840332,6.313000202178955
912,-2.433000087738037,10.156999588012695,9.194000244140625
915,-4.928999900817871,9.032999992370605,9.555000305175781
918,-5.8470001220703125,4.191999912261963,7.798999786376953
921,-8.206999778747559,5.886000156402588,4.9079999923706055
924,-1.7369999885559082,6.690999984741211,2.930999994277954
927,1.9759999513626099,8.895999908447266,4.8979997634887695
930,-2.13700008392334,4.4679999351501465,9.36299991607666
933,-4.986000061035156,6.258999824523926,9.451000213623047
936,1.8489999771118164,9.859999656677246,7.48199987411499
939,4.498000144958496,9.746000289916992,6.203999996185303
942,4.554999828338623,11.088000297546387,3.8519999980926514
945,7.810999870300293,7.783999919891357,4.677000045776367
948,5.35699987411499,9.861000061035156,8.89799976348877
951,3.3440001010894775,8.545999526977539,9.961999893188477
954,-1.0759999752044678,6.678999900817871,5.705999851226807
957,0.7630000114440918,1.4550000429153442,4.265999794006348
960,4.5920000076293945,7.243000030517578,2.510999917984009
963,4.671999931335449,7.224999904632568,5.133999824523926
966,5.435999870300293,4.988999843597412,9.262999534606934
969,2.7679998874664307,5.938000202178955,9.41100025177002
972,3.8929998874664307,11.211999893188477,-4.75600004196167
975,6.460000038146973,10.503000259399414,-3.8289999961853027
978,7.269999980926514,10.246999740600586,3.4159998893737793
981,6.88100004196167,6.263000011444092,-1.7319999933242798
984,6.22599983215332,8.958000183105469,-1.315000057220459
987,9.307999610900879,6.788000106811523,2.0260000228881836
990,11.972999572753906,10.640999794006348,2.507999897003174
993,12.317000389099121,7.934000015258789,-1.9919999837875366
996,-9.093000411987305,9.531000137329102,-1.6660000085830688
999,-8.439000129699707,9.281000137329102,0.8180000185966492
1002,-8.918999671936035,10.178000450134277,3.193000078201294
1005,-9.567000389099121,10.663999557495117,5.946000099182129
1008,9.916000366210938,6.638000011444092,-1.9739999771118164
1011,10.282999992370605,5.040999889373779,0.17499999701976776
1014,-9.428000450134277,5.626999855041504,-2.1630001068115234
1017,-8.75100040435791,6.624000072479248,0.5320000052452087
1020,-10.755000114440918,6.236999988555908,2.2009999752044678
1023,11.185999870300293,8.545999526977539,0.9240000247955322
1026,-5.709000110626221,9.223999977111816,0.2919999957084656
1029,-4.482999801635742,8.322999954223633,-2.2809998989105225
1032,-2.1760001182556152,9.791999816894531,-2.062000036239624
1035,-1.1510000228881836,8.89799976348877,0.34299999475479126
1038,-2.8399999141693115,11.881999969482422,3.5859999656677246
1041,-5.289000034332275,8.338000297546387,3.0
1044,-6.315000057220459,5.448999881744385,0.6629999876022339
1047,-3.996000051498413,5.659999847412109,-1.180999994277954
1050,-1.4989999532699585,4.7129998207092285,-1.902999997138977
1053,-0.6190000176429749,6.006999969482422,0.3529999852180481
1056,-3.177999973297119,4.492000102996826,3.3010001182556152
1059,-5.697000026702881,5.685999870300293,3.2950000762939453
1062,1.2630000114440918,10.288000106811523,0.18400000035762787
1065,3.38100004196167,8.782999992370605,-1.4739999771118164
1068,2.9079999923706055,9.763999938964844,2.3239998817443848
1071,1.4149999618530273,4.443999767303467,0.9789999723434448
1074,3.7179999351501465,6.388999938964844,-0.1899999976158142
1077,7.089000225067139,8.168000221252441,1.0299999713897705
1080,6.298999786376953,10.333999633789063,-7.184999942779541
1083,8.369999885559082,9.003000259399414,-8.86299991607666
1086,11.043000221252441,9.651000022888184,-9.0649995803833
1089,11.906999588012695,8.932000160217285,-6.453000068664551
1092,11.164999961853027,9.687999725341797,-3.815999984741211
1095,8.520999908447266,8.538000106811523,-3.4649999141693115
1098,6.953999996185303,5.123000144958496,-7.043000221252441
1101,8.817000389099121,6.263999938964844,-9.079000473022461
1104,11.519000053405762,5.373000144958496,-9.092000007629395
1107,12.180999755859375,5.979000091552734,-5.927000045776367
1110,10.045000076293945,5.230000019073486,-4.510000228881836
1113,7.40500020980835,6.081999778747559,-4.543000221252441
1116,-8.564000129699707,9.463000297546387,-6.794000148773193
1119,-7.03000020980835,8.305000305175781,-8.831000328063965
1122,-4.261000156402588,9.152000427246094,-8.885000228881836
1125,-3.7130000591278076,8.192000389099121,-6.21999979019165
1128,-5.333000183105469,9.645000457763672,-4.696000099182129
1131,-8.029000282287598,9.031000137329102,-4.053999900817871
1134,-8.60099983215332,5.250999927520752,-6.458000183105469
1137,-7.005000114440918,5.50600004196167,-8.869999885559082
1140,-4.234000205993652,4.751999855041504,-8.913000106811523
1143,-3.8559999465942383,5.433000087738037,-6.119999885559082
1146,-4.8979997634887695,4.859000205993652,-3.5840001106262207
1149,-7.423999786376953,6.000999927520752,-3.9040000438690186
1152,-1.0850000381469727,9.27400016784668,-6.514999866485596
1155,0.6639999747276306,8.385000228881836,-8.564000129699707
1158,3.2009999752044678,9.387999534606934,-9.026000022888184
1161,4.373000144958496,8.581000328063965,-6.3979997634887695
1164,2.4200000762939453,8.852999687194824,-4.195000171661377
1167,-0.33399999141693115,8.54800033569336,-3.9159998893737793
1170,-1.2569999694824219,5.190999984741211,-6.86299991607666
1173,0.6589999794960022,5.646999835968018,-8.638999938964844
1176,3.252000093460083,5.202000141143799,-9.390000343322754
1179,4.26800012588501,5.745999813079834,-6.853000164031982
1182,1.6160000562667847,4.716000080108643,-6.041999816894531
1185,-0.38100001215934753,5.577000141143799,-4.35099983215332
1188,8.496999740600586,10.49899959564209,12.477999687194824
1191,9.723999977111816,9.01200008392334,14.333999633789063
1194,7.735000133514404,9.883000373840332,-11.29699993133545
1197,8.663000106811523,5.146999835968018,11.147000312805176
1200,9.640000343322754,6.2230000495910645,13.574000358581543
1203,7.919000148773193,5.318999767303467,-11.609999656677246
1206,-11.086000442504883,9.803999900817871,13.82800006866455
1209,-9.937000274658203,8.92199993133545,11.128999710083008
1212,-7.235000133514404,9.5649995803833,11.067000389099121
1215,-6.244999885559082,8.77400016784668,13.741999626159668
1218,-7.5370001792907715,9.668000221252441,-11.3100004196167
1221,-10.295000076293945,8.90999984741211,-10.928999900817871
1224,12.138999938964844,5.489999771118164,13.486000061035156
1227,-9.616999626159668,6.184999942779541,11.63599967956543
1230,-7.068999767303467,5.163000106811523,10.934000015258789
1233,-6.177999973297119,6.104000091552734,13.37399959564209
1236,-7.811999797821045,5.191999912261963,-11.60099983215332
1239,-10.45199966430664,6.269999980926514,-11.229000091552734
1242,-3.618000030517578,9.61400032043457,13.335000038146973
1245,-1.4850000143051147,8.892000198364258,11.588000297546387
1248,1.180999994277954,9.510000228881836,11.770000457763672
1251,1.6649999618530273,8.52400016784668,14.23799991607666
1254,-0.3190000057220459,9.727999687194824,-11.180000305175781
1257,-2.8459999561309814,8.5600004196167,-11.359999656677246
1260,-3.5880000591278076,5.086999893188477,13.520999908447266
1263,-1.659000039100647,6.072000026702881,11.40999984741211
1266,0.9049999713897705,5.304999828338623,11.404000282287598
1269,1.652999997138977,5.830999851226807,-13.243000030517578
1272,0.003000000026077032,4.752999782562256,-11.324000358581543
1275,-2.617000102996826,5.40500020980835,-11.121999740600586
1278,4.0879998207092285,9.567000389099121,13.480999946594238
1281,6.138999938964844,9.041999816894531,11.746000289916992
1284,4.908999919891357,8.758000373840332,-11.097000122070313
1287,4.289999961853027,4.7220001220703125,13.562999725341797
1290,6.123000144958496,6.202000141143799,11.72700023651123
1293,5.2789998054504395,5.896999835968018,-11.3149995803833
