0,1.4509999752044678,-8.576000213623047,7.203000068664551
3,-10.145999908447266,-9.607999801635742,8.86299991607666
6,8.463000297546387,-5.7170000076293945,9.112000465393066
9,11.951000213623047,-7.420000076293945,8.166000366210938
12,11.687000274658203,-4.863999843597412,8.732000350952148
15,5.665999889373779,-3.3310000896453857,8.675999641418457
18,8.991000175476074,10.102999687194824,6.6620001792907715
21,9.847000122070313,12.222000122070313,8.946000099182129
24,12.267000198364258,11.788000106811523,6.043000221252441
27,9.215999603271484,-8.01099967956543,7.494999885559082
30,-7.833000183105469,12.031000137329102,7.432000160217285
33,4.031000137329102,10.071999549865723,6.936999797821045
36,-8.557000160217285,-7.169000148773193,7.638999938964844
39,11.729999542236328,-5.735000133514404,5.8979997634887695
42,-2.0950000286102295,-8.154999732971191,1.5010000467300415
45,-3.265000104904175,-7.247000217437744,6.5320000648498535
48,-5.065000057220459,-5.995999813079834,9.027000427246094
51,-6.189000129699707,-8.407999992370605,8.333000183105469
54,-10.625,-1.628999948501587,8.229000091552734
57,-6.047999858856201,11.423999786376953,5.089000225067139
60,-3.3359999656677246,12.282999992370605,6.829999923706055
63,6.4019999504089355,11.262999534606934,7.576000213623047
66,-1.375,9.600000381469727,8.034000396728516
69,-4.610000133514404,11.6899995803833,9.265000343322754
72,-0.574999988079071,-7.896999835968018,5.380000114440918
75,0.5550000071525574,10.645999908447266,4.178999900817871
78,0.2939999997615814,-9.138999938964844,2.9579999446868896
81,7.348999977111816,-6.790999889373779,3.6760001182556152
84,0.47200000286102295,-6.4679999351501465,8.965999603271484
87,-2.3480000495910645,12.390000343322754,10.329999923706055
90,0.20000000298023224,10.923999786376953,10.322999954223633
93,-1.9880000352859497,10.60099983215332,5.257999897003174
96,2.9809999465942383,-8.732999801635742,2.2230000495910645
99,3.686000108718872,-8.732999801635742,5.133999824523926
102,5.955999851226807,10.520999908447266,12.130000114440918
105,4.684000015258789,12.418000221252441,10.520000457763672
108,6.186999797821045,-6.580999851226807,-4.051000118255615
111,9.060999870300293,-6.0970001220703125,0.14399999380111694
114,2.378999948501587,11.520999908447266,8.677000045776367
117,7.4019999504089355,10.48900032043457,-2.440000057220459
120,5.244999885559082,12.616999626159668,-2.0980000495910645
123,8.795000076293945,11.538999557495117,2.1579999923706055
126,7.195000171661377,-4.994999885559082,-1.5529999732971191
129,-10.34000015258789,-8.812000274658203,-1.2829999923706055
132,-8.79699993133545,-6.61299991607666,-0.2540000081062317
135,-8.720000267028809,-6.822000026702881,2.49399995803833
138,-9.609999656677246,-7.093999862670898,5.188000202178955
141,9.652999877929688,-7.249000072479248,4.7270002365112305
144,9.677000045776367,12.277000427246094,4.798999786376953
147,9.984999656677246,12.020000457763672,-1.5829999446868896
150,-8.229000091552734,11.015999794006348,-0.9369999766349792
153,-9.152999877929688,-9.407999992370605,1.9529999494552612
156,-8.857000350952148,12.678999900817871,4.697999954223633
159,7.675000190734863,-8.550000190734863,1.378999948501587
162,-5.046000003814697,-5.51800012588501,2.559000015258789
165,-4.552000045776367,-5.644000053405762,-0.2329999953508377
168,-2.256999969482422,-5.355000019073486,-1.9600000381469727
171,-1.0410000085830688,-5.506999969482422,1.8830000162124634
174,-6.085000038146973,-0.09399999678134918,3.6519999504089355
177,-5.136000156402588,-7.504000186920166,4.552999973297119
180,-6.533999919891357,12.777000427246094,0.7070000171661377
183,-6.208000183105469,-8.767000198364258,-1.906999945640564
186,-3.6740000247955322,12.826000213623047,-2.5899999141693115
189,2.434000015258789,9.166999816894531,2.572000026702881
192,-1.6349999904632568,-9.682999610900879,-0.8169999718666077
195,-4.598999977111816,12.718999862670898,3.003000020980835
198,0.04699999839067459,-6.533999919891357,-0.3709999918937683
201,2.5329999923706055,-7.806000232696533,-2.6389999389648438
204,5.139999866485596,-8.0600004196167,0.15800000727176666
207,-0.1120000034570694,7.874000072479248,-3.197999954223633
210,1.2699999809265137,-9.039999961853027,-0.5109999775886536
213,2.3970000743865967,-4.464000225067139,4.9720001220703125
216,6.388999938964844,-5.785999774932861,-6.546999931335449
219,7.840000152587891,-6.998000144958496,-8.479000091552734
222,10.416999816894531,-6.447999954223633,-9.47700023651123
225,11.555000305175781,-7.651000022888184,-7.234000205993652
228,10.402999877929688,-6.034999847412109,-3.4570000171661377
231,10.798999786376953,-7.8470001220703125,-1.3320000171661377
234,5.919000148773193,11.482000350952148,-6.824999809265137
237,8.053999900817871,12.559000015258789,-8.428000450134277
240,10.529000282287598,11.463000297546387,-9.14900016784668
243,10.534000396728516,12.206000328063965,-6.2129998207092285
246,9.522000312805176,-9.03499984741211,-4.11299991607666
249,6.8460001945495605,12.979999542236328,-4.559000015258789
252,-9.859000205993652,-6.001999855041504,-6.953999996185303
255,-8.548999786376953,-5.96999979019165,-9.385000228881836
258,-6.0269999504089355,-4.486999988555908,-9.730999946594238
261,-5.874000072479248,-6.126999855041504,-4.580999851226807
264,-6.5960001945495605,-6.01200008392334,-2.0250000953674316
267,-8.854999542236328,-6.150000095367432,-4.0370001792907715
270,-9.736000061035156,-9.288000106811523,-6.683000087738037
273,-8.144000053405762,-8.826000213623047,-9.11299991607666
276,-5.517000198364258,12.473999977111816,-9.003999710083008
279,-4.86899995803833,-9.067000389099121,-6.408999919891357
282,-6.993000030517578,12.098999977111816,-4.591000080108643
285,-9.404000282287598,-8.857000350952148,-4.050000190734863
288,-6.144999980926514,-4.4770002365112305,-6.821000099182129
291,0.4350000023841858,-6.716000080108643,-9.741999626159668
294,2.364000082015991,-5.160999774932861,-8.574999809265137
297,3.313999891281128,-6.980000019073486,-6.611999988555908
300,1.0190000534057617,-6.578000068664551,-4.76800012588501
303,-1.3480000495910645,-5.554999828338623,-4.50600004196167
306,-2.2960000038146973,12.565999984741211,-8.02400016784668
309,0.27000001072883606,-9.102999687194824,-8.883999824523926
312,2.811000108718872,12.217000007629395,-8.845000267028809
315,3.621999979019165,-9.656000137329102,-6.243000030517578
318,2.8350000381469727,12.102999687194824,-3.763000011444092
321,-3.506999969482422,-7.447000026702881,-4.619999885559082
324,6.651000022888184,-7.005000114440918,10.717000007629395
327,7.775000095367432,-7.199999809265137,13.190999984741211
330,7.151000022888184,-6.2270002365112305,-11.255999565124512
333,8.427000045776367,12.354999542236328,11.281000137329102
336,9.022000312805176,12.682000160217285,13.984000205993652
339,7.099999904632568,12.248000144958496,-10.9350004196167
342,10.312999725341797,-6.3420000076293945,12.758000373840332
345,-8.92300033569336,-5.26200008392334,9.6850004196167
348,-6.9029998779296875,-5.343999862670898,11.873000144958496
351,-6.7870001792907715,-6.701000213623047,14.185999870300293
354,-9.675999641418457,-5.4720001220703125,13.822999954223633
357,11.602999687194824,-6.513000011444092,-12.026000022888184
360,11.545999526977539,12.140999794006348,13.404999732971191
363,-10.204999923706055,-6.997000217437744,11.60099983215332
366,-7.860000133514404,11.050000190734863,12.22700023651123
369,-6.6539998054504395,-9.442000389099121,-12.986000061035156
372,-8.91100025177002,12.11400032043457,-11.479999542236328
375,11.991999626159668,12.586000442504883,-11.08899974822998
378,-2.7100000381469727,-5.927000045776367,13.531999588012695
381,-4.447000026702881,-7.289000034332275,11.824000358581543
384,1.5720000267028809,-7.678999900817871,-12.190999984741211
387,-0.5239999890327454,-7.573999881744385,12.944999694824219
390,-1.7020000219345093,-5.452000141143799,-11.045999526977539
393,-4.802999973297119,-4.966000080108643,-12.178999900817871
396,-4.0279998779296875,-9.543000221252441,13.579000473022461
399,-1.5740000009536743,12.097000122070313,12.911999702453613
402,0.08799999952316284,9.949000358581543,13.116000175476074
405,1.121999979019165,11.883000373840332,-11.980999946594238
408,-1.6829999685287476,12.39799976348877,-11.251999855041504
411,-2.6559998989105225,-7.85699987411499,-9.852999687194824
414,3.5899999141693115,-5.936999797821045,-12.505999565124512
417,3.2200000286102295,-3.815000057220459,9.487000465393066
420,4.551000118255615,-6.306000232696533,-9.956999778747559
423,3.7360000610351563,11.064000129699707,-12.822999954223633
426,3.1519999504089355,-7.73799991607666,11.10200023651123
429,4.400000095367432,-9.416999816894531,-10.772000312805176
432,4.10099983215332,1.0670000314712524,4.853000164031982
435,4.9070000648498535,-0.2460000067949295,7.248000144958496
438,12.258000373840332,-1.4850000143051147,3.6630001068115234
441,-7.881999969482422,0.734000027179718,7.413000106811523
444,-9.727999687194824,1.375,9.527000427246094
447,9.916999816894531,1.0329999923706055,7.15500020980835
450,4.38700008392334,-2.760999917984009,6.349999904632568
453,8.442000389099121,-3.046999931335449,5.234000205993652
456,11.00100040435791,-3.630000114440918,4.324999809265137
459,-9.847999572753906,-0.550000011920929,5.638999938964844
462,8.227999687194824,-1.2419999837875366,7.269999980926514
465,6.480999946594238,-1.0809999704360962,10.050000190734863
468,12.809000015258789,1.7869999408721924,2.240000009536743
471,10.42300033569336,0.5550000071525574,2.8440001010894775
474,-5.632999897003174,-1.406000018119812,0.6579999923706055
477,-3.7860000133514404,1.5230000019073486,2.2950000762939453
480,-4.578999996185303,0.0729999989271164,9.6899995803833
483,-7.184000015258789,3.0880000591278076,8.605999946594238
486,-3.053999900817871,-4.505000114440918,7.591000080108643
489,10.562999725341797,-2.7290000915527344,7.383999824523926
492,-6.839000225067139,-5.369999885559082,5.294000148773193
495,-0.8579999804496765,-2.2249999046325684,8.230999946594238
498,-5.480000019073486,-3.4100000858306885,10.072999954223633
501,-7.198999881744385,-2.2820000648498535,11.883000373840332
504,0.6769999861717224,5.160999774932861,9.35200023651123
507,-3.0369999408721924,0.3720000088214874,7.0970001220703125
510,-0.9319999814033508,2.7850000858306885,4.40500020980835
513,1.6950000524520874,2.5199999809265137,9.27299976348877
516,3.927999973297119,0.7049999833106995,9.680999755859375
519,1.0010000467300415,0.7519999742507935,11.517999649047852
522,-2.931999921798706,-2.0380001068115234,9.991999626159668
525,-5.757999897003174,-0.8190000057220459,7.184999942779541
528,-3.246999979019165,-3.6089999675750732,0.9829999804496765
531,-1.24399995803833,-5.109000205993652,4.677000045776367
534,-2.3320000171661377,-2.9130001068115234,3.3940000534057617
537,1.0579999685287476,-4.228000164031982,7.517000198364258
540,4.250999927520752,5.34499979019165,-3.2839999198913574
543,2.503999948501587,2.984999895095825,0.7540000081062317
546,7.74399995803833,-2.191999912261963,1.75
549,2.4670000076293945,-5.520999908447266,-1.187999963760376
552,7.801000118255615,-1.3880000114440918,-3.48799991607666
555,2.1570000648498535,-3.568000078201294,2.4019999504089355
558,8.567000389099121,0.18700000643730164,0.902999997138977
561,9.663999557495117,0.36399999260902405,-2.48799991607666
564,-11.39900016784668,-0.7480000257492065,-2.0999999046325684
567,-9.597999572753906,0.029999999329447746,0.28999999165534973
570,6.098999977111816,-1.7979999780654907,4.080999851226807
573,5.385000228881836,-3.0869998931884766,0.7139999866485596
576,10.07800006866455,-3.631999969482422,1.5549999475479126
579,11.187999725341797,-3.1600000858306885,-1.2339999675750732
582,-9.984999656677246,-4.140999794006348,-0.3799999952316284
585,-9.350000381469727,-2.13700008392334,2.0390000343322754
588,-5.620999813079834,-2.684000015258789,3.0940001010894775
591,4.453000068664551,-6.1020002365112305,3.9089999198913574
594,-7.188000202178955,2.0280001163482666,-3.0510001182556152
597,-7.013999938964844,0.9909999966621399,-0.41200000047683716
600,-2.9519999027252197,1.024999976158142,-2.739000082015991
603,-0.5049999952316284,-0.5659999847412109,2.2290000915527344
606,-3.374000072479248,-0.13099999725818634,-0.18400000035762787
609,-9.1850004196167,3.750999927520752,4.644000053405762
612,-7.9679999351501465,-4.210000038146973,2.9509999752044678
615,-6.724999904632568,-3.3329999446868896,-1.4989999532699585
618,-1.9049999713897705,-1.934999942779541,-1.5809999704360962
621,-0.09200000017881393,-2.8350000381469727,1.0190000534057617
624,-1.8509999513626099,-1.9199999570846558,5.8420000076293945
627,-5.0929999351501465,-3.2890000343322754,5.877999782562256
630,2.325000047683716,1.069000005722046,2.5799999237060547
633,0.6539999842643738,1.9270000457763672,-1.5190000534057617
636,1.909999966621399,1.8200000524520874,6.370999813079834
639,4.316999912261963,-4.559000015258789,-3.3459999561309814
642,3.7890000343322754,-1.4709999561309814,2.0899999141693115
645,3.992000102996826,-5.418000221252441,1.2029999494552612
648,6.3460001945495605,2.674999952316284,-5.6479997634887695
651,7.789999961853027,0.8500000238418579,-8.776000022888184
654,10.526000022888184,0.8690000176429749,-8.803999900817871
657,11.777000427246094,-1.9570000171661377,-8.887999534606934
660,9.105999946594238,-0.6449999809265137,-5.966000080108643
663,5.686999797821045,0.4259999990463257,-6.992000102996826
666,5.183000087738037,-2.625999927520752,-7.5370001792907715
669,6.8420000076293945,-1.996000051498413,-9.586999893188477
672,9.02299976348877,-3.8459999561309814,-9.612000465393066
675,10.322999954223633,-3.1689999103546143,-6.938000202178955
678,9.246000289916992,-3.7039999961853027,-3.0220000743865967
681,5.771999835968018,-2.686000108718872,-1.9880000352859497
684,-9.633000373840332,1.6619999408721924,-4.670000076293945
687,-8.27400016784668,1.7059999704360962,-8.659000396728516
690,-5.692999839782715,2.7309999465942383,-8.824999809265137
693,-4.519999980926514,0.8410000205039978,-7.0320000648498535
696,-5.065999984741211,0.6119999885559082,-4.421000003814697
699,-9.234999656677246,-0.8569999933242798,-3.746000051498413
702,11.939000129699707,-4.638000011444092,-5.21999979019165
705,-9.270999908447266,-0.9509999752044678,-9.685999870300293
708,-6.480000019073486,-1.7660000324249268,-9.395999908447266
711,-6.1539998054504395,-1.5770000219345093,-6.604000091552734
714,-6.586999893188477,-1.6549999713897705,-3.765000104904175
717,-9.737000465393066,-3.6059999465942383,-3.193000078201294
720,-2.0829999446868896,2.0869998931884766,-6.702000141143799
723,-0.19300000369548798,1.2569999694824219,-8.619999885559082
726,2.375999927520752,2.424999952316284,-8.53600025177002
729,3.115999937057495,0.6480000019073486,-6.315999984741211
732,1.781000018119812,0.9539999961853027,-4.019999980926514
735,-1.8339999914169312,-0.07599999755620956,-5.10099983215332
738,-3.078000068664551,-1.6549999713897705,-7.184999942779541
741,-0.6869999766349792,-1.5019999742507935,-8.961999893188477
744,1.8489999771118164,-2.549999952316284,-9.539999961853027
747,2.510999917984009,-2.002000093460083,-6.833000183105469
750,1.9900000095367432,-3.9519999027252197,-4.6020002365112305
753,0.2800000011920929,-1.5820000171661377,-3.5940001010894775
756,7.9710001945495605,1.1130000352859497,9.244999885559082
759,7.479000091552734,1.718000054359436,13.279000282287598
762,6.916999816894531,2.115999937057495,-10.956000328063965
765,8.854000091552734,-4.323999881744385,11.333999633789063
768,6.638999938964844,-3.4630000591278076,12.657999992370605
771,5.974999904632568,-3.7109999656677246,-11.901000022888184
774,10.10099983215332,1.8220000267028809,12.907999992370605
777,-11.503999710083008,-0.17399999499320984,12.564000129699707
780,-8.279999732971191,2.4800000190734863,11.793999671936035
783,-6.145999908447266,0.028999999165534973,-12.817000389099121
786,-8.126999855041504,2.0250000953674316,-12.63599967956543
789,10.979999542236328,1.1679999828338623,-11.690999984741211
792,10.140000343322754,-2.002000093460083,13.244999885559082
795,11.937999725341797,-3.6059999465942383,11.303999900817871
798,-9.5600004196167,-0.9459999799728394,10.753999710083008
801,-10.230999946594238,0.05000000074505806,-12.345999717712402
804,-9.70300006866455,-3.8359999656677246,-11.034000396728516
807,11.180000305175781,-3.2920000553131104,-11.387999534606934
810,-4.01800012588501,1.7510000467300415,14.312000274658203
813,-1.031999945640564,1.2979999780654907,13.157999992370605
816,2.009999990463257,-2.0889999866485596,13.434000015258789
819,2.507999897003174,0.6710000038146973,13.73799991607666
822,-1.125,1.9570000171661377,-11.234999656677246
825,-3.5999999046325684,1.5829999446868896,-10.211999893188477
828,-4.730000019073486,-2.1989998817443848,-12.312999725341797
831,-3.0329999923706055,-2.5269999504089355,12.581000328063965
834,-2.2179999351501465,-7.182000160217285,9.416000366210938
837,-0.3190000057220459,-3.559999942779541,13.88599967956543
840,-1.9110000133514404,-2.74399995803833,-11.031999588012695
843,-3.930999994277954,-1.059000015258789,-9.83899974822998
846,7.703000068664551,-0.972000002861023,12.618000030517578
849,4.632999897003174,-5.370999813079834,12.178000450134277
852,4.247000217437744,2.2839999198913574,-10.567000389099121
855,0.628000020980835,-5.2769999504089355,11.534000396728516
858,2.374000072479248,-1.5069999694824219,10.581999778747559
861,3.3440001010894775,-3.385999917984009,-11.743000030517578
864,7.946000099182129,5.843999862670898,9.204999923706055
867,6.605000019073486,1.562999963760376,3.568000078201294
870,8.642000198364258,8.42199993133545,9.140999794006348
873,12.29699993133545,7.810999870300293,7.5320000648498535
876,10.979000091552734,9.741000175476074,9.210000038146973
879,-9.673999786376953,-9.555999755859375,11.54699993133545
882,5.203000068664551,5.214000225067139,9.090999603271484
885,10.267999649047852,5.909999847412109,7.558000087738037
888,9.173999786376953,2.1760001182556152,4.618000030517578
891,9.477999687194824,4.909999847412109,5.195000171661377
894,11.9399995803833,2.680000066757202,7.988999843597412
897,10.899999618530273,4.465000152587891,9.947999954223633
900,-7.940999984741211,9.401000022888184,7.125
903,-7.757999897003174,9.402000427246094,4.281000137329102
906,-1.9700000286102295,9.798999786376953,0.10599999874830246
909,-2.9739999771118164,6.2230000495910645,6.4019999504089355
912,-3.625999927520752,8.11299991607666,8.461999893188477
915,-6.050000190734863,9.156999588012695,9.178999900817871
918,-9.454999923706055,4.306000232696533,7.382999897003174
921,-8.609000205993652,1.0850000381469727,3.9079999923706055
924,-3.3359999656677246,7.420000076293945,3.490999937057495
927,0.8889999985694885,4.197000026702881,5.443999767303467
930,-4.3979997634887695,2.8510000705718994,9.253000259399414
933,-8.831999778747559,6.839000225067139,8.14799976348877
936,5.044000148773193,7.966000080108643,9.859000205993652
939,4.50600004196167,5.419000148773193,1.86899995803833
942,4.14900016784668,10.723999977111816,4.201000213623047
945,9.49899959564209,7.861000061035156,5.13100004196167
948,0.6129999756813049,6.256999969482422,12.098999977111816
951,0.8029999732971191,9.215999603271484,6.578000068664551
954,-2.5929999351501465,2.990000009536743,6.701000213623047
957,-0.27900001406669617,0.14399999380111694,4.940000057220459
960,7.7170000076293945,2.819999933242798,1.3009999990463257
963,0.019999999552965164,6.494999885559082,6.769999980926514
966,5.8420000076293945,2.6730000972747803,9.836999893188477
969,-1.8170000314712524,4.014999866485596,9.088000297546387
972,5.50600004196167,5.867000102996826,-6.610000133514404
975,5.710000038146973,8.380000114440918,-1.4509999752044678
978,6.539000034332275,9.369000434875488,2.877000093460083
981,4.535999774932861,4.517000198364258,-0.6470000147819519
984,6.855999946594238,5.900000095367432,-2.4230000972747803
987,11.043999671936035,6.175000190734863,1.6419999599456787
990,10.404000282287598,10.11400032043457,0.38199999928474426
993,-10.550999641418457,10.781999588012695,0.8450000286102295
996,-9.711000442504883,8.802000045776367,-1.2139999866485596
999,-8.623000144958496,7.065999984741211,0.9980000257492065
1002,-10.149999618530273,8.446000099182129,2.9100000858306885
1005,11.927000045776367,8.972999572753906,5.072999954223633
1008,10.583999633789063,5.039000034332275,-2.7860000133514404
1011,9.711999893188477,4.210999965667725,-0.34200000762939453
1014,-6.423999786376953,4.5879998207092285,-1.7450000047683716
1017,-7.372000217437744,3.503999948501587,0.6340000033378601
1020,12.086000442504883,4.284999847412109,3.371999979019165
1023,7.041999816894531,5.026000022888184,2.8340001106262207
1026,-5.736999988555908,6.5970001220703125,0.2980000078678131
1029,-5.993000030517578,8.539999961853027,-1.472000002861023
1032,-3.322000026702881,8.300999641418457,-1.8839999437332153
1035,0.20900000631809235,8.342000007629395,-0.609000027179718
1038,-3.0799999237060547,10.5,2.631999969482422
1041,-6.099999904632568,7.301000118255615,3.365000009536743
1044,-4.01800012588501,4.059000015258789,1.2699999809265137
1047,-3.635999917984009,5.427999973297119,-1.9110000133514404
1050,-1.8760000467300415,3.490000009536743,-1.8530000448226929
1053,-0.5600000023841858,4.480999946594238,0.48100000619888306
1056,-1.8509999513626099,5.138000011444092,2.8420000076293945
1059,-6.763999938964844,4.26800012588501,3.36899995803833
1062,1.2869999408721924,6.918000221252441,1.4129999876022339
1065,1.159000039100647,10.793000221252441,-1.527999997138977
1068,2.1029999256134033,4.716000080108643,2.9670000076293945
1071,-1.0269999504089355,1.7610000371932983,0.7770000100135803
1074,4.60699987411499,8.262999534606934,1.225000023841858
1077,8.366999626159668,7.445000171661377,2.447000026702881
1080,5.442999839782715,8.682000160217285,-6.283999919891357
1083,7.926000118255615,7.960000038146973,-9.026000022888184
1086,10.779000282287598,8.369999885559082,-8.862000465393066
1089,11.729999542236328,9.555999755859375,-6.175000190734863
1092,7.416999816894531,7.060999870300293,-5.034999847412109
1095,11.390999794006348,7.294000148773193,-0.8650000095367432
1098,11.04800033569336,2.9790000915527344,-6.889999866485596
1101,7.067999839782715,5.4730000495910645,-8.710000038146973
1104,9.805000305175781,4.802000045776367,-8.609000205993652
1107,10.270999908447266,6.728000164031982,-6.677000045776367
1110,8.12399959564209,4.033999919891357,-3.865000009536743
1113,9.383999824523926,1.7599999904632568,-4.8429999351501465
1116,-9.517999649047852,10.451000213623047,-6.234000205993652
1119,-8.340999603271484,8.666999816894531,-8.529999732971191
1122,-5.809000015258789,9.645000457763672,-9.194999694824219
1125,-5.039000034332275,8.645000457763672,-6.703999996185303
1128,-6.53000020980835,9.387999534606934,-4.320000171661377
1131,-9.161999702453613,8.821999549865723,-4.232999801635742
1134,12.494000434875488,4.144000053405762,-4.650000095367432
1137,-8.965999603271484,6.0370001792907715,-7.2779998779296875
1140,-6.109000205993652,5.488999843597412,-8.96399974822998
1143,-4.9029998779296875,5.921000003814697,-6.593999862670898
1146,-2.065000057220459,6.203999996185303,-4.238999843597412
1149,-10.956000328063965,7.0980000495910645,-5.239999771118164
1152,-2.494999885559082,10.097000122070313,-6.7210001945495605
1155,-0.871999979019165,8.598999977111816,-8.550000190734863
1158,1.5110000371932983,9.786999702453613,-9.184000015258789
1161,2.7200000286102295,9.005000114440918,-6.715000152587891
1164,1.3630000352859497,9.90999984741211,-4.3379998207092285
1167,-2.128000020980835,10.925000190734863,-4.065999984741211
1170,-2.0759999752044678,4.814000129699707,-6.48799991607666
1173,-0.3919999897480011,5.696000099182129,-8.758999824523926
1176,2.4149999618530273,5.23799991607666,-9.130000114440918
1179,2.992000102996826,7.546999931335449,-2.174999952316284
1182,2.7869999408721924,6.310999870300293,-6.760000228881836
1185,1.6160000562667847,5.710000038146973,-4.244999885559082
1188,7.764999866485596,8.479000091552734,11.725000381469727
1191,9.338000297546387,8.54699993133545,14.029000282287598
1194,7.510000228881836,9.461999893188477,-11.187999725341797
1197,8.123000144958496,4.63700008392334,11.642000198364258
1200,8.593999862670898,5.675000190734863,-13.07699966430664
1203,6.928999900817871,4.781000137329102,-11.255000114440918
1206,11.944000244140625,9.38599967956543,13.336000442504883
1209,-10.968000411987305,8.159000396728516,10.871999740600586
1212,-8.175000190734863,8.385000228881836,10.925000190734863
1215,-7.47599983215332,7.111000061035156,13.765000343322754
1218,-8.706999778747559,9.015999794006348,-11.567999839782715
1221,-11.244999885559082,7.966000080108643,-10.958999633789063
1224,11.07800006866455,4.454999923706055,13.479999542236328
1227,-10.782999992370605,5.479000091552734,11.619000434875488
1230,-8.04699993133545,4.939000129699707,10.611000061035156
1233,-7.882999897003174,4.788000106811523,-11.741999626159668
1236,-9.361000061035156,4.133999824523926,-9.506999969482422
1239,11.741000175476074,5.159999847412109,-10.741000175476074
1242,-5.499000072479248,9.003999710083008,13.001999855041504
1245,-4.447999954223633,7.38100004196167,11.218999862670898
1248,-1.9709999561309814,7.892000198364258,12.251999855041504
1251,1.9270000457763672,8.720999717712402,-11.692999839782715
1254,-1.069000005722046,9.390000343322754,-11.107999801635742
1257,-4.824999809265137,8.663999557495117,-11.548999786376953
1260,-5.000999927520752,4.120999813079834,-13.241000175476074
1263,-4.156000137329102,4.763999938964844,11.47599983215332
1266,-1.746000051498413,3.5209999084472656,11.755999565124512
1269,0.5299999713897705,4.201000213623047,13.911999702453613
1272,-1.7480000257492065,4.729000091552734,-11.01200008392334
1275,-4.172999858856201,6.01200008392334,-10.9350004196167
1278,2.881999969482422,7.284999847412109,13.204999923706055
1281,5.660999774932861,6.609000205993652,12.184000015258789
1284,4.7270002365112305,8.682999610900879,-11.508999824523926
1287,3.2869999408721924,3.5269999504089355,-13.072999954223633
1290,5.567999839782715,3.7980000972747803,12.258000373840332
1293,4.047999858856201,5.703000068664551,-11.670999526977539
