0,0.052000001072883606,-6.77400016784668,1.1260000467300415
3,10.876999855041504,8.097999572753906,9.62600040435791
6,6.6539998054504395,-1.8539999723434448,-11.890999794006348
9,-11.295999526977539,7.448999881744385,4.915999889373779
12,-1.878000020980835,-2.9749999046325684,14.425000190734863
15,7.859000205993652,5.50600004196167,3.436000108718872
18,4.466000080108643,8.265999794006348,7.318999767303467
21,6.165999889373779,6.041999816894531,5.617000102996826
24,5.488999843597412,8.61400032043457,4.65500020980835
27,5.406000137329102,-8.868000030517578,13.934000015258789
30,9.470999717712402,7.295000076293945,4.982999801635742
33,3.8459999561309814,9.972000122070313,2.799999952316284
36,10.27299976348877,-8.381999969482422,2.5950000286102295
39,11.326000213623047,-7.985000133514404,5.702000141143799
42,-2.562000036239624,-8.706999778747559,1.1050000190734863
45,-10.60099983215332,12.680999755859375,3.259999990463257
48,-1.3480000495910645,11.352999687194824,7.321000099182129
51,-10.21500015258789,12.069999694824219,6.098999977111816
54,-5.590000152587891,0.3179999887943268,6.90500020980835
57,-6.688000202178955,9.262999534606934,4.6539998054504395
60,-7.813000202178955,12.095999717712402,4.461999893188477
63,8.168000221252441,2.9230000972747803,7.3460001945495605
66,0.4399999976158142,11.364999771118164,11.777999877929688
69,-3.9170000553131104,-7.421999931335449,8.118000030517578
72,0.6819999814033508,9.86400032043457,-12.227999687194824
75,7.590000152587891,5.539000034332275,7.699999809265137
78,-3.385999917984009,1.0839999914169312,-0.859000027179718
81,-9.375,-4.730999946594238,2.249000072479248
84,2.2899999618530273,12.383000373840332,5.238999843597412
87,-3.50600004196167,8.532999992370605,10.560999870300293
90,7.776000022888184,12.130999565124512,-8.829000473022461
93,-5.392000198364258,12.194999694824219,6.061999797821045
96,0.9300000071525574,12.069000244140625,-1.0950000286102295
99,7.636000156402588,11.968999862670898,4.609000205993652
102,4.909999847412109,11.263999938964844,12.51200008392334
105,4.748000144958496,12.166999816894531,4.394000053405762
108,5.900000095367432,-3.9860000610351563,4.038000106811523
111,10.657999992370605,-5.64900016784668,3.747999906539917
114,3.369999885559082,8.673999786376953,11.098999977111816
117,1.6349999904632568,8.295999526977539,-6.091000080108643
120,4.997000217437744,12.954999923706055,-0.01899999938905239
123,7.927000045776367,-7.379000186920166,1.784000039100647
126,11.623000144958496,-7.676000118255615,-0.15399999916553497
129,-2.621000051498413,10.604000091552734,-3.7190001010894775
132,-5.785999774932861,-8.354999542236328,-1.934999942779541
135,-7.894999980926514,-7.448999881744385,0.6129999756813049
138,-8.553999900817871,10.857000350952148,-2.3289999961853027
141,11.506999969482422,-5.361999988555908,1.2580000162124634
144,8.118000030517578,9.229999542236328,9.307999610900879
147,8.934000015258789,-7.3420000076293945,-4.584000110626221
150,-3.7070000171661377,6.163000106811523,-2.3269999027252197
153,-11.086999893188477,2.9100000858306885,3.4549999237060547
156,-9.946000099182129,-9.437999725341797,-1.2359999418258667
159,7.828999996185303,8.78499984741211,3.364000082015991
162,-7.876999855041504,-3.121999979019165,-1.3569999933242798
165,-7.1579999923706055,-1.9550000429153442,-5.057000160217285
168,-3.799999952316284,-2.117000102996826,-1.2680000066757202
171,-3.615000009536743,-4.665999889373779,9.305000305175781
174,-0.8519999980926514,5.078000068664551,2.1040000915527344
177,-10.04800033569336,-7.243000030517578,4.188000202178955
180,-5.663000106811523,-8.581000328063965,0.7269999980926514
183,-0.6420000195503235,12.4350004196167,-6.910999774932861
186,-0.09700000286102295,2.3499999046325684,-6.626999855041504
189,-0.18299999833106995,-8.986000061035156,4.692999839782715
192,-0.9769999980926514,-6.373000144958496,-4.474999904632568
195,-7.158999919891357,9.807999610900879,0.10700000077486038
198,-1.2259999513626099,-8.060999870300293,-1.6109999418258667
201,-3.2090001106262207,8.736000061035156,1.965999960899353
204,-1.190000057220459,10.732000350952148,2.191999912261963
207,-5.985000133514404,5.241000175476074,8.48900032043457
210,2.8949999809265137,2.1530001163482666,3.5859999656677246
213,3.6670000553131104,-2.5329999923706055,13.220999717712402
216,3.1760001182556152,-5.4679999351501465,-0.7070000171661377
219,-9.970000267028809,10.088000297546387,-4.5960001945495605
222,10.430999755859375,-4.314000129699707,-10.956999778747559
225,-7.10099983215332,-9.147000312805176,-4.269999980926514
228,-4.057000160217285,12.637999534606934,-4.8420000076293945
231,6.251999855041504,-6.461999893188477,-6.297999858856201
234,7.105999946594238,-6.809999942779541,-2.7820000648498535
237,11.954000473022461,11.753000259399414,-5.633999824523926
240,-10.871999740600586,4.004000186920166,0.9399999976158142
243,-8.29699993133545,7.959000110626221,-3.121999979019165
246,5.757999897003174,12.97599983215332,-2.9590001106262207
249,8.79699993133545,12.041000366210938,-6.35099983215332
252,6.914000034332275,-1.2910000085830688,-7.239999771118164
255,11.82699966430664,-5.921999931335449,-7.715000152587891
258,-6.513000011444092,-3.075000047683716,-8.413999557495117
261,-9.425000190734863,-9.684000015258789,-7.370999813079834
264,-3.8580000400543213,-7.317999839782715,-3.680000066757202
267,-9.137999534606934,-5.120999813079834,-9.72700023651123
270,8.37600040435791,8.477999687194824,-6.828999996185303
273,11.482999801635742,9.949999809265137,-10.855999946594238
276,10.76200008392334,-8.539999961853027,12.07699966430664
279,-7.952000141143799,-5.293000221252441,14.039999961853027
282,-9.258999824523926,-3.4809999465942383,-7.199999809265137
285,12.03600025177002,12.59000015258789,14.16100025177002
288,-7.609000205993652,-0.6729999780654907,-7.63700008392334
291,1.1679999828338623,-5.7170000076293945,-2.763000011444092
294,3.8299999237060547,10.57800006866455,-8.545000076293945
297,4.076000213623047,-9.498000144958496,-5.376999855041504
300,2.86899995803833,-8.175999641418457,-1.371999979019165
303,-7.311999797821045,-5.642000198364258,-7.510000228881836
306,1.7170000076293945,-9.168000221252441,-3.6389999389648438
309,3.563999891281128,-7.0269999504089355,-7.229000091552734
312,1.5149999856948853,10.857000350952148,-7.322000026702881
315,7.741000175476074,9.25,-9.666000366210938
318,2.2060000896453857,9.585000038146973,-1.5740000009536743
321,-4.175000190734863,-5.144000053405762,-8.314000129699707
324,6.2170000076293945,-6.611999988555908,11.413000106811523
327,9.593999862670898,8.965999603271484,11.904000282287598
330,4.960999965667725,-9.123000144958496,-8.211999893188477
333,5.383999824523926,-9.267999649047852,10.692000389099121
336,7.489999771118164,11.621999740600586,-12.434000015258789
339,9.838000297546387,12.253999710083008,-10.527999877929688
342,5.770999908447266,-8.288000106811523,-10.645000457763672
345,-3.3489999771118164,-4.120999813079834,12.48900032043457
348,-7.985000133514404,-2.816999912261963,12.727999687194824
351,-4.1579999923706055,-1.0839999914169312,-12.838000297546387
354,-10.817999839782715,-8.170000076293945,-11.107000350952148
357,9.277999877929688,11.520000457763672,12.720000267028809
360,-8.930000305175781,11.77299976348877,8.60099983215332
363,7.255000114440918,11.904000282287598,8.967000007629395
366,-5.478000164031982,12.66100025177002,8.786999702453613
369,-7.834000110626221,-9.57800006866455,10.829000473022461
372,6.605000019073486,9.194999694824219,13.010000228881836
375,-10.635000228881836,6.061999797821045,9.380000114440918
378,0.0820000022649765,-8.854999542236328,-9.388999938964844
381,11.994999885559082,8.670000076293945,13.602999687194824
384,-3.9749999046325684,-8.020999908447266,-8.53600025177002
387,1.9630000591278076,-9.579000473022461,8.173999786376953
390,-3.808000087738037,-6.376999855041504,-11.440999984741211
393,-0.8709999918937683,11.451000213623047,-10.666999816894531
396,6.908999919891357,6.434999942779541,13.220999717712402
399,-4.11299991607666,10.52400016784668,12.52400016784668
402,2.4049999713897705,-9.229999542236328,10.918999671936035
405,11.409000396728516,-8.880000114440918,-8.609000205993652
408,-5.546999931335449,-5.835000038146973,12.505000114440918
411,-6.090000152587891,-2.2190001010894775,-11.027000427246094
414,2.559999942779541,0.32899999618530273,13.576000213623047
417,4.443999767303467,-5.849999904632568,-10.746000289916992
420,0.42899999022483826,-4.01800012588501,-9.916999816894531
423,8.829999923706055,-3.61299991607666,13.73799991607666
426,3.2950000762939453,-4.611000061035156,5.689000129699707
429,5.896999835968018,9.131999969482422,-7.423999786376953
432,8.354000091552734,-7.829999923706055,5.803999900817871
435,9.958999633789063,-3.625,8.831000328063965
438,-6.041999816894531,-4.671999931335449,7.1539998054504395
441,-3.4860000610351563,1.3650000095367432,13.14799976348877
444,12.156999588012695,-1.5140000581741333,3.561000108718872
447,9.428999900817871,1.6979999542236328,12.472999572753906
450,4.366000175476074,-6.672999858856201,9.178999900817871
453,5.798999786376953,-8.869000434875488,7.435999870300293
456,8.791999816894531,-6.8460001945495605,-0.7329999804496765
459,-9.005000114440918,3.556999921798706,8.666999816894531
462,10.038000106811523,-3.0999999046325684,3.6610000133514404
465,4.681000232696533,-1.2519999742507935,9.107999801635742
468,-7.377999782562256,-0.1770000010728836,4.781000137329102
471,11.911999702453613,3.369999885559082,7.500999927520752
474,-1.9709999561309814,-2.36299991607666,5.209000110626221
477,-0.1860000044107437,9.131999969482422,5.843999862670898
480,-1.1009999513626099,-5.501999855041504,10.385000228881836
483,-5.0960001945495605,5.9679999351501465,13.418999671936035
486,-7.507999897003174,-6.5329999923706055,10.574000358581543
489,-9.319999694824219,-4.486000061035156,11.093000411987305
492,1.1490000486373901,-4.010000228881836,0.7229999899864197
495,-3.053999900817871,0.07400000095367432,8.633999824523926
498,-9.093000411987305,-0.7540000081062317,-12.857000350952148
501,-10.857000350952148,-5.9039998054504395,-12.696999549865723
504,0.30300000309944153,6.644999980926514,4.1519999504089355
507,-0.7429999709129333,-1.5360000133514404,12.437999725341797
510,10.39799976348877,0.6790000200271606,3.0269999504089355
513,5.498000144958496,-1.1200000047683716,6.4019999504089355
516,-0.11500000208616257,-2.736999988555908,10.019000053405762
519,9.677000045776367,-0.37700000405311584,5.506999969482422
522,-5.019000053405762,-2.434000015258789,8.652999877929688
525,-7.828999996185303,-3.114000082015991,6.107999801635742
528,-7.9019999504089355,-6.4029998779296875,-1.8569999933242798
531,-2.7660000324249268,12.564000129699707,5.089000225067139
534,-7.375,-6.625999927520752,5.354000091552734
537,3.621999979019165,-7.533999919891357,5.921000003814697
540,0.527999997138977,-2.7709999084472656,-2.9210000038146973
543,5.425000190734863,8.753000259399414,-3.734999895095825
546,6.414999961853027,-0.7059999704360962,-0.22200000286102295
549,2.309000015258789,-1.0870000123977661,2.4089999198913574
552,3.697999954223633,-3.569000005722046,2.503000020980835
555,4.164000034332275,-3.992000102996826,8.520000457763672
558,-9.074999809265137,4.260000228881836,-1.3140000104904175
561,-10.217000007629395,-5.554999828338623,-3.2660000324249268
564,10.947999954223633,-1.4769999980926514,-8.017000198364258
567,-1.1799999475479126,-2.9800000190734863,-4.964000225067139
570,-8.809000015258789,-2.125,2.615000009536743
573,11.197999954223633,-2.927999973297119,0.11800000071525574
576,10.024999618530273,-3.700000047683716,-2.928999900817871
579,11.557000160217285,-7.249000072479248,-4.205999851226807
582,-6.888000011444092,-4.195000171661377,-3.552000045776367
585,-10.468000411987305,-3.4059998989105225,-1.7970000505447388
588,-3.6570000648498535,-0.210999995470047,5.014999866485596
591,8.758999824523926,9.987000465393066,6.4679999351501465
594,-9.348999977111816,4.341000080108643,-4.01800012588501
597,-9.854999542236328,1.0019999742507935,-4.296999931335449
600,-0.35600000619888306,-1.562000036239624,2.7990000247955322
603,-3.4630000591278076,-7.139999866485596,5.484000205993652
606,-7.35699987411499,1.1579999923706055,-3.1029999256134033
609,-4.793000221252441,5.560999870300293,2.994999885559082
612,-1.2380000352859497,1.6380000114440918,4.906000137329102
615,-2.930999994277954,-0.6940000057220459,-3.559999942779541
618,-0.9599999785423279,4.177999973297119,-1.5670000314712524
621,-0.039000000804662704,-2.5420000553131104,7.25600004196167
624,2.0139999389648438,4.992000102996826,5.704999923706055
627,-3.621999979019165,3.4489998817443848,9.27400016784668
630,10.390000343322754,3.4839999675750732,5.085000038146973
633,-4.131999969482422,3.6059999465942383,-0.4560000002384186
636,8.482000350952148,2.9660000801086426,2.809999942779541
639,6.985000133514404,-3.009999990463257,-9.333999633789063
642,1.8289999961853027,-0.453000009059906,7.488999843597412
645,7.749000072479248,-4.427000045776367,2.2709999084472656
648,2.9049999713897705,-1.0959999561309814,-2.180999994277954
651,-9.859000205993652,-7.140999794006348,-5.9730000495910645
654,10.0649995803833,5.945000171661377,13.593000411987305
657,7.613999843597412,-2.0299999713897705,-2.7239999771118164
660,12.418000221252441,1.840000033378601,-2.0899999141693115
663,4.663000106811523,-3.3350000381469727,-1.5789999961853027
666,3.117000102996826,-4.815000057220459,-5.263000011444092
669,5.232999801635742,-4.959000110626221,-3.5989999771118164
672,4.0320000648498535,-1.3940000534057617,-11.213000297546387
675,-9.468999862670898,-1.6959999799728394,-3.6989998817443848
678,6.8379998207092285,-3.671999931335449,-5.5370001792907715
681,-1.0499999523162842,-2.563999891281128,-0.5320000052452087
684,-6.364999771118164,6.514999866485596,-8.800999641418457
687,-8.70199966430664,4.343999862670898,-9.644000053405762
690,-4.61899995803833,2.061000108718872,-8.177000045776367
693,11.093999862670898,1.6660000085830688,-7.443999767303467
696,-6.116000175476074,8.956000328063965,-7.685999870300293
699,-3.73799991607666,2.686000108718872,-4.589000225067139
702,10.538000106811523,-4.133999824523926,-6.004000186920166
705,11.812999725341797,-1.6579999923706055,-10.619999885559082
708,-8.75,0.5149999856948853,-10.359999656677246
711,-10.164999961853027,0.3330000042915344,-7.122000217437744
714,-5.794000148773193,-0.09799999743700027,-1.0729999542236328
717,-5.151000022888184,-3.9560000896453857,2.7690000534057617
720,2.9609999656677246,0.26600000262260437,-4.7729997634887695
723,1.5080000162124634,0.1809999942779541,-7.308000087738037
726,-0.07199999690055847,3.8289999961853027,-9.036999702453613
729,1.7640000581741333,-0.7110000252723694,-9.789999961853027
732,3.7170000076293945,-0.2290000021457672,0.26899999380111694
735,-1.0800000429153442,1.6419999599456787,-2.7639999389648438
738,-5.625,-4.120999813079834,-0.01600000075995922
741,-5.22599983215332,0.0949999988079071,-4.827000141143799
744,3.812999963760376,8.791999816894531,-10.822999954223633
747,5.886000156402588,0.7450000047683716,-9.803999900817871
750,2.187999963760376,-6.454999923706055,2.996999979019165
753,0.8569999933242798,-5.298999786376953,7.067999839782715
756,8.782999992370605,-8.687000274658203,10.305999755859375
759,9.29800033569336,-1.0700000524520874,12.368000030517578
762,12.246000289916992,1.3910000324249268,-9.996999740600586
765,9.675000190734863,-4.89300012588501,11.427000045776367
768,2.2950000762939453,-0.9990000128746033,10.246999740600586
771,5.298999786376953,1.4119999408721924,13.545999526977539
774,-7.313000202178955,4.01800012588501,12.057999610900879
777,-10.032999992370605,-3.3359999656677246,-11.61400032043457
780,-10.244000434875488,-1.9010000228881836,6.703000068664551
783,0.8259999752044678,-7.435999870300293,-12.456999778747559
786,-3.2869999408721924,4.816999912261963,-9.920999526977539
789,7.296000003814697,-6.586999893188477,-8.800999641418457
792,-5.089000225067139,-2.191999912261963,12.071999549865723
795,-0.2460000067949295,2.48799991607666,9.243000030517578
798,8.024999618530273,-6.073999881744385,9.670000076293945
801,-11.281999588012695,-6.328999996185303,11.699000358581543
804,12.333999633789063,-2.3359999656677246,-5.544000148773193
807,6.607999801635742,-0.7960000038146973,12.87399959564209
810,-2.493000030517578,2.818000078201294,-11.715999603271484
813,-1.340000033378601,-9.607999801635742,13.758000373840332
816,4.938000202178955,0.49300000071525574,-6.855000019073486
819,7.203999996185303,-5.729000091552734,7.0
822,-1.3339999914169312,-5.39300012588501,-11.567999839782715
825,-6.607999801635742,2.4130001068115234,-10.295999526977539
828,-3.506999969482422,-3.2090001106262207,-10.531999588012695
831,3.0959999561309814,-7.556000232696533,13.107000350952148
834,-0.6859999895095825,-6.052999973297119,4.839000225067139
837,0.8100000023841858,-6.703999996185303,-6.895999908447266
840,-2.6670000553131104,-5.071000099182129,-6.169000148773193
843,-3.128999948501587,-0.5630000233650208,-8.375
846,4.205999851226807,-3.3580000400543213,-9.38700008392334
849,1.7400000095367432,-6.22599983215332,-9.798999786376953
852,-0.9079999923706055,-1.5240000486373901,-9.824999809265137
855,1.5080000162124634,-6.710000038146973,9.312000274658203
858,7.466000080108643,-2.9839999675750732,6.447999954223633
861,0.4009999930858612,-4.061999797821045,-7.185999870300293
864,11.755000114440918,4.997000217437744,11.557999610900879
867,9.538000106811523,-0.041999999433755875,-0.3330000042915344
870,4.460000038146973,6.119999885559082,1.4279999732971191
873,-10.758999824523926,-3.065999984741211,9.119000434875488
876,10.175000190734863,0.8029999732971191,8.147000312805176
879,-3.5190000534057617,-7.684999942779541,13.1899995803833
882,6.744999885559082,0.17900000512599945,10.265999794006348
885,5.879000186920166,3.259000062942505,4.770999908447266
888,12.788000106811523,0.6299999952316284,7.668000221252441
891,8.347999572753906,5.4039998054504395,0.871999979019165
894,-8.338000297546387,8.41100025177002,13.352999687194824
897,11.52299976348877,-1.2699999809265137,11.029999732971191
900,-3.7750000953674316,5.473999977111816,5.822000026702881
903,11.057000160217285,6.1529998779296875,1.9320000410079956
906,-5.4039998054504395,-5.526000022888184,-5.366000175476074
909,-2.328000068664551,7.534999847412109,4.203999996185303
912,3.878999948501587,10.61400032043457,8.727999687194824
915,-3.8949999809265137,10.057999610900879,8.142000198364258
918,-9.026000022888184,6.974999904632568,7.4679999351501465
921,1.3279999494552612,2.380000114440918,6.697000026702881
924,-8.53600025177002,2.4549999237060547,4.690000057220459
927,4.802000045776367,3.4140000343322754,2.061000108718872
930,4.699999809265137,-5.252999782562256,13.63700008392334
933,10.222000122070313,4.357999801635742,9.4350004196167
936,6.598999977111816,7.488999843597412,0.5170000195503235
939,7.460000038146973,3.7829999923706055,-1.187000036239624
942,11.399999618530273,8.291000366210938,-0.7870000004768372
945,4.869999885559082,10.270000457763672,0.19900000095367432
948,0.12800000607967377,4.88100004196167,10.743000030517578
951,5.071000099182129,4.760000228881836,-2.190999984741211
954,-3.186000108718872,-0.5979999899864197,11.196000099182129
957,-2.11299991607666,3.3389999866485596,7.071000099182129
960,10.486000061035156,2.7230000495910645,-0.0949999988079071
963,3.6600000858306885,6.283999919891357,4.085000038146973
966,10.47700023651123,-6.241000175476074,7.640999794006348
969,-0.05000000074505806,0.5239999890327454,-12.845000267028809
972,9.345999717712402,0.07100000232458115,-3.4130001068115234
975,2.750999927520752,9.805999755859375,-4.197000026702881
978,1.402999997138977,9.104000091552734,3.6389999389648438
981,1.1979999542236328,2.203000068664551,-3.9690001010894775
984,2.7909998893737793,3.3489999771118164,-1.777999997138977
987,-10.76200008392334,-0.414000004529953,-0.2280000001192093
990,-4.165999889373779,8.23900032043457,-3.884000062942505
993,-7.9730000495910645,2.4790000915527344,-7.59499979019165
996,-9.366999626159668,8.07800006866455,-0.6800000071525574
999,-6.453000068664551,9.798999786376953,-4.070000171661377
1002,-9.805999755859375,4.835000038146973,5.627999782562256
1005,8.710000038146973,-4.039999961853027,-0.5979999899864197
1008,-7.685999870300293,1.5870000123977661,2.1410000324249268
1011,9.234999656677246,-0.041999999433755875,-6.270999908447266
1014,-1.5549999475479126,-0.03200000151991844,0.628000020980835
1017,-5.006999969482422,0.515999972820282,2.811000108718872
1020,-8.095000267028809,-0.8759999871253967,0.28299999237060547
1023,-10.765000343322754,7.303999900817871,-4.269999980926514
1026,-2.2769999504089355,5.158999919891357,-4.5320000648498535
1029,-5.900000095367432,8.385000228881836,2.118000030517578
1032,-3.1619999408721924,6.248000144958496,0.593999981880188
1035,-4.127999782562256,-4.559000015258789,5.185999870300293
1038,1.277999997138977,5.9070000648498535,-2.5820000171661377
1041,-6.533999919891357,2.5999999046325684,8.02299976348877
1044,-5.501999855041504,3.24399995803833,1.7869999408721924
1047,-0.3580000102519989,2.5840001106262207,0.7350000143051147
1050,-4.697999954223633,4.800000190734863,-7.650000095367432
1053,3.0480000972747803,-0.30399999022483826,5.060999870300293
1056,-5.526000022888184,7.656000137329102,6.810999870300293
1059,-10.395000457763672,3.446000099182129,-6.573999881744385
1062,1.3309999704360962,10.128999710083008,1.215999960899353
1065,-7.288000106811523,5.48199987411499,-5.441999912261963
1068,7.232999801635742,10.944000244140625,-4.191999912261963
1071,2.3469998836517334,2.3350000381469727,0.7409999966621399
1074,3.686000108718872,7.021999835968018,-1.152999997138977
1077,7.750999927520752,8.855999946594238,-2.253000020980835
1080,6.142000198364258,4.9720001220703125,-4.921000003814697
1083,7.815000057220459,3.2829999923706055,-13.0600004196167
1086,-10.616999626159668,6.247000217437744,-9.713000297546387
1089,11.881999969482422,10.197999954223633,-7.877999782562256
1092,10.279999732971191,7.614999771118164,-3.0360000133514404
1095,-8.817000389099121,10.093999862670898,-7.1570000648498535
1098,10.52299976348877,0.164000004529953,-12.187999725341797
1101,4.6570000648498535,3.2060000896453857,-6.834000110626221
1104,-10.762999534606934,0.8190000057220459,12.901000022888184
1107,8.607999801635742,6.123000144958496,-5.195000171661377
1110,11.625,4.7789998054504395,-3.003000020980835
1113,6.663000106811523,1.725000023841858,1.2599999904632568
1116,-6.7820000648498535,11.173999786376953,12.781000137329102
1119,10.491999626159668,7.914000034332275,-8.406999588012695
1122,-6.646999835968018,-6.324999809265137,-10.97599983215332
1125,-6.513999938964844,2.7130000591278076,-5.432000160217285
1128,-3.124000072479248,9.067999839782715,-7.985000133514404
1131,-6.322999954223633,-8.79800033569336,-7.203000068664551
1134,9.442000389099121,3.5510001182556152,-5.927999973297119
1137,-3.634999990463257,6.986999988555908,-6.203000068664551
1140,-1.3830000162124634,6.433000087738037,-8.753000259399414
1143,2.0460000038146973,4.168000221252441,-6.348999977111816
1146,4.689000129699707,3.4539999961853027,-9.829000473022461
1149,-3.249000072479248,11.888999938964844,-7.341000080108643
1152,0.27000001072883606,6.173999786376953,-5.144999980926514
1155,3.1440000534057617,9.895000457763672,-13.265000343322754
1158,4.72599983215332,6.414000034332275,11.557000160217285
1161,2.796999931335449,6.3420000076293945,-7.638999938964844
1164,4.690000057220459,-8.145999908447266,2.6010000705718994
1167,-0.921999990940094,-9.229999542236328,-4.077000141143799
1170,-2.2850000858306885,0.7450000047683716,-5.949999809265137
1173,1.190999984741211,2.6730000972747803,-12.029999732971191
1176,0.11900000274181366,7.623000144958496,12.638999938964844
1179,4.638000011444092,7.244999885559082,-5.818999767303467
1182,9.493000030517578,3.0269999504089355,-3.25
1185,7.855000019073486,0.6840000152587891,-11.920000076293945
1188,6.234000205993652,7.335999965667725,9.359000205993652
1191,7.019000053405762,1.0019999742507935,5.466000080108643
1194,6.224999904632568,7.877999782562256,-11.527000427246094
1197,-9.163999557495117,9.036999702453613,5.71999979019165
1200,-9.831000328063965,2.6989998817443848,-12.079999923706055
1203,8.701000213623047,-1.187999963760376,9.067000389099121
1206,10.284000396728516,12.54699993133545,7.093999862670898
1209,-3.7860000133514404,-9.368000030517578,10.798999786376953
1212,-8.564000129699707,7.309000015258789,10.767000198364258
1215,-2.515000104904175,6.8420000076293945,13.232999801635742
1218,-8.140000343322754,-8.428999900817871,-9.741999626159668
1221,10.854999542236328,7.289000034332275,-11.008000373840332
1224,-5.7779998779296875,5.434000015258789,-11.300999641418457
1227,-9.675000190734863,4.861999988555908,13.35200023651123
1230,-10.241000175476074,1.7369999885559082,10.52400016784668
1233,-5.815000057220459,7.053999900817871,10.9350004196167
1236,12.288999557495117,6.230000019073486,-6.689000129699707
1239,9.359999656677246,-3.9149999618530273,-8.607999801635742
1242,-2.0850000381469727,9.447999954223633,14.256999969482422
1245,0.8399999737739563,7.940000057220459,10.086999893188477
1248,1.8960000276565552,4.0980000495910645,12.684000015258789
1251,-1.534999966621399,8.682000160217285,-10.156000137329102
1254,1.3049999475479126,7.61299991607666,-10.229000091552734
1257,-9.928000450134277,9.881999969482422,10.42199993133545
1260,-8.343999862670898,6.258999824523926,-11.998000144958496
1263,-2.3380000591278076,5.8470001220703125,10.489999771118164
1266,0.5329999923706055,6.436999797821045,7.367000102996826
1269,2.9579999446868896,-2.753999948501587,-6.9710001945495605
1272,-4.5329999923706055,3.5179998874664307,11.935999870300293
1275,-8.63599967956543,6.886000156402588,-7.379000186920166
1278,1.347000002861023,1.534999966621399,11.206999778747559
1281,10.012999534606934,6.676000118255615,7.546999931335449
1284,6.1519999504089355,5.019000053405762,-11.74899959564209
1287,4.742000102996826,3.9709999561309814,12.781000137329102
1290,8.168000221252441,2.6089999675750732,9.99899959564209
1293,2.134000062942505,5.033999919891357,-9.979000091552734
