0,9.802000045776367,-4.609000205993652,5.382999897003174
3,11.779000282287598,-5.760000228881836,3.7109999656677246
6,-9.529000282287598,-4.372000217437744,3.684999942779541
9,-8.154000282287598,-5.093999862670898,5.954999923706055
12,-9.767999649047852,-4.156000137329102,8.097000122070313
15,11.411999702453613,-5.5229997634887695,7.783999919891357
18,10.48799991607666,-9.248000144958496,5.925000190734863
21,11.701000213623047,-8.470000267028809,3.568000078201294
24,-9.307999610900879,-9.256999969482422,3.180000066757202
27,-8.321000099182129,-8.07800006866455,5.439000129699707
30,-8.866999626159668,-9.097999572753906,7.941999912261963
33,12.071999549865723,-8.145000457763672,8.097999572753906
36,-5.543000221252441,-4.2270002365112305,6.056000232696533
39,-4.258999824523926,-5.38700008392334,3.9059998989105225
42,-1.6390000581741333,-4.90500020980835,3.500999927520752
45,-0.335999995470047,-5.675000190734863,5.771999835968018
48,-1.7569999694824219,-4.623000144958496,7.822000026702881
51,-4.3379998207092285,-5.432000160217285,8.133000373840332
54,-5.441999912261963,-9.269000053405762,5.849999904632568
57,-4.290999889373779,-8.317999839782715,3.447999954223633
60,-1.7300000190734863,-9.416000366210938,3.053999900817871
63,-0.5460000038146973,-8.41100025177002,5.49399995803833
66,-1.3919999599456787,-9.369999885559082,7.86299991607666
69,-3.872999906539917,-8.07800006866455,7.802999973297119
72,2.2190001010894775,-4.5329999923706055,5.926000118255615
75,3.26200008392334,-5.48199987411499,3.628999948501587
78,5.960000038146973,-4.5970001220703125,3.2660000324249268
81,7.190000057220459,-5.440000057220459,5.64300012588501
84,6.208000183105469,-4.730000019073486,7.942999839782715
87,3.61899995803833,-5.377999782562256,8.234999656677246
90,2.3959999084472656,-9.248000144958496,5.698999881744385
93,3.562000036239624,-8.27299976348877,3.4800000190734863
96,6.14300012588501,-9.418999671936035,3.555999994277954
99,7.577000141143799,-8.21399974822998,5.479000091552734
102,6.515999794006348,-8.942999839782715,7.88700008392334
105,3.635999917984009,-8.260000228881836,8.003999710083008
108,10.144000053405762,-4.368000030517578,-3.1050000190734863
111,11.736000061035156,-5.622000217437744,-1.0240000486373901
114,10.3100004196167,-4.956999778747559,1.3380000591278076
117,10.048999786376953,-9.366000175476074,-3.5230000019073486
120,11.324999809265137,-8.380000114440918,-1.1829999685287476
123,10.265000343322754,-9.156000137329102,1.2519999742507935
126,-9.253000259399414,-4.3420000076293945,-0.7419999837875366
129,-8.289999961853027,-5.427999973297119,-3.1419999599456787
132,-5.508999824523926,-4.940000057220459,-3.4059998989105225
135,-4.4039998054504395,-5.663000106811523,-1.062000036239624
138,-5.415999889373779,-4.696000099182129,1.2760000228881836
141,-8.246000289916992,-5.39300012588501,1.621999979019165
144,-9.666000366210938,-9.218999862670898,-1.3300000429153442
147,-7.914000034332275,-8.326000213623047,-3.36299991607666
150,-5.2729997634887695,-9.04699993133545,-3.4690001010894775
153,-3.994999885559082,-8.46500015258789,-1.0190000534057617
156,-5.747000217437744,-9.519000053405762,0.9670000076293945
159,-8.288000106811523,-8.272000312805176,0.9300000071525574
162,-1.7039999961853027,-4.59499979019165,-1.3380000591278076
165,0.00800000037997961,-5.438000202178955,-3.2079999446868896
168,2.7190001010894775,-4.340000152587891,-3.0989999771118164
171,3.9660000801086426,-5.564000129699707,-0.7239999771118164
174,2.049999952316284,-4.829999923706055,1.024999976158142
177,-0.5839999914169312,-5.658999919891357,1.1019999980926514
180,-1.277999997138977,-9.220000267028809,-1.371999979019165
183,0.0010000000474974513,-8.23900032043457,-3.565000057220459
186,2.555999994277954,-9.282999992370605,-3.4670000076293945
189,3.86899995803833,-8.45300006866455,-0.8870000243186951
192,2.3910000324249268,-9.392000198364258,1.1349999904632568
195,-0.2150000035762787,-8.369000434875488,1.1360000371932983
198,6.447999954223633,-4.306000232696533,-0.5799999833106995
201,7.64300012588501,-5.4670000076293945,-2.8559999465942383
204,7.708000183105469,-5.5929999351501465,1.6069999933242798
207,6.5920000076293945,-9.602999687194824,-0.878000020980835
210,7.517000198364258,-8.366000175476074,-3.0280001163482666
213,7.591000080108643,-8.345999717712402,1.3669999837875366
216,10.425999641418457,-4.560999870300293,-7.711999893188477
219,11.906000137329102,-5.229000091552734,-9.913999557495117
222,-9.057999610900879,-4.453000068664551,-9.934000015258789
225,-7.965000152587891,-5.526000022888184,-7.570000171661377
228,-9.446000099182129,-4.78000020980835,-5.335999965667725
231,11.54699993133545,-5.26200008392334,-5.349999904632568
234,10.392000198364258,-8.755000114440918,-8.220999717712402
237,11.74899959564209,-8.204999923706055,-10.369000434875488
240,-9.465999603271484,-9.552000045776367,-10.479000091552734
243,-8.222999572753906,-8.234999656677246,-8.116000175476074
246,-9.534000396728516,-8.843000411987305,-5.789000034332275
249,11.420000076293945,-8.218999862670898,-5.7170000076293945
252,-5.202000141143799,-4.581999778747559,-7.877999782562256
255,-4.074999809265137,-5.635000228881836,-10.07800006866455
258,-1.4989999532699585,-4.390999794006348,-10.425999641418457
261,-0.2680000066757202,-5.375999927520752,-7.763999938964844
264,-1.5140000581741333,-4.703999996185303,-5.445000171661377
267,-3.950000047683716,-5.875,-5.547999858856201
270,-5.636000156402588,-9.404000282287598,-7.978000164031982
273,-4.357999801635742,-8.427000045776367,-10.269000053405762
276,-1.3539999723434448,-9.041000366210938,-10.161999702453613
279,0.10000000149011612,-8.041000366210938,-7.732999801635742
282,-1.4040000438690186,-9.270999908447266,-5.702000141143799
285,-4.071000099182129,-8.638999938964844,-5.769999980926514
288,2.4000000953674316,-4.526000022888184,-7.888000011444092
291,3.7929999828338623,-5.644000053405762,-10.086999893188477
294,6.451000213623047,-4.614999771118164,-10.25
297,7.620999813079834,-5.3420000076293945,-7.682000160217285
300,6.48799991607666,-4.491000175476074,-5.295000076293945
303,3.625999927520752,-5.3379998207092285,-5.552000045776367
306,2.5250000953674316,-9.13700008392334,-8.02400016784668
309,3.7760000228881836,-8.315999984741211,-10.314000129699707
312,6.460999965667725,-9.394000053405762,-9.9399995803833
315,7.547999858856201,-8.130999565124512,-7.784999847412109
318,6.205999851226807,-9.392999649047852,-5.486999988555908
321,3.7980000972747803,-8.086999893188477,-5.690000057220459
324,10.27299976348877,-4.576000213623047,10.098999977111816
327,11.446999549865723,-5.364999771118164,12.569000244140625
330,10.628999710083008,-4.2789998054504395,-12.310999870300293
333,10.635000228881836,-9.196999549865723,10.208000183105469
336,11.807000160217285,-8.097000122070313,12.59000015258789
339,10.281000137329102,-9.215999603271484,-12.465999603271484
342,-9.36400032043457,-4.497000217437744,12.598999977111816
345,-8.258000373840332,-5.243000030517578,10.312999725341797
348,-5.574999809265137,-4.3420000076293945,10.37399959564209
351,-4.244999885559082,-5.6539998054504395,12.475000381469727
354,-5.567999839782715,-4.769999980926514,-12.401000022888184
357,-8.204000473022461,-5.385000228881836,-12.229000091552734
360,-9.329000473022461,-9.175000190734863,12.28499984741211
363,-7.688000202178955,-7.9720001220703125,10.41100025177002
366,-5.196000099182129,-9.112000465393066,9.963000297546387
369,-3.9600000381469727,-8.475000381469727,12.317000389099121
372,-5.65500020980835,-9.164999961853027,-12.597000122070313
375,-8.333999633789063,-8.196999549865723,-12.61400032043457
378,-1.9980000257492065,-4.327000141143799,12.579999923706055
381,-0.6819999814033508,-5.388999938964844,10.397000312805176
384,2.177000045776367,-4.639999866485596,10.26200008392334
387,4.315999984741211,-5.123000144958496,12.286999702453613
390,2.690999984741211,-4.565000057220459,-12.529000282287598
393,-0.29100000858306885,-5.5980000495910645,14.439000129699707
396,-1.1030000448226929,-9.102999687194824,12.524999618530273
399,-0.10899999737739563,-8.02299976348877,9.989999771118164
402,2.5329999923706055,-9.392000198364258,10.515000343322754
405,4.1579999923706055,-8.00100040435791,12.362000465393066
408,2.694999933242798,-8.786999702453613,-12.70199966430664
411,0.03400000184774399,-8.199000358581543,-12.331999778747559
414,7.329999923706055,-4.368000030517578,12.571999549865723
417,7.679999828338623,-5.6529998779296875,10.050999641418457
420,8.14900016784668,-5.718999862670898,-12.13599967956543
423,6.544000148773193,-9.333000183105469,12.395999908447266
426,7.913000106811523,-8.458000183105469,10.27400016784668
429,7.548999786376953,-8.35200023651123,-12.413000106811523
432,9.918000221252441,3.249000072479248,5.699999809265137
435,11.760000228881836,2.01200008392334,4.133999824523926
438,-9.317999839782715,2.98799991607666,3.621999979019165
441,-8.218000411987305,2.256999969482422,6.0980000495910645
444,-9.390000343322754,3.055000066757202,8.378000259399414
447,11.619999885559082,2.38100004196167,8.138999938964844
450,9.71399974822998,-2.00600004196167,4.084000110626221
453,11.99899959564209,-0.6349999904632568,5.050000190734863
456,-9.520999908447266,-1.7630000114440918,3.431999921798706
459,-8.427000045776367,-0.7179999947547913,5.6570000648498535
462,-9.284000396728516,-1.4470000267028809,8.090999603271484
465,11.88599967956543,-0.34599998593330383,8.039999961853027
468,-5.651000022888184,3.013000011444092,6.385000228881836
471,-4.423999786376953,2.1570000648498535,4.040999889373779
474,-1.8480000495910645,3.0999999046325684,3.5980000495910645
477,-0.41200000047683716,1.937000036239624,5.761000156402588
480,-1.468000054359436,3.0269999504089355,8.149999618530273
483,-3.9549999237060547,1.9149999618530273,8.359000205993652
486,-5.714000225067139,-1.5329999923706055,5.7769999504089355
489,-4.426000118255615,-0.7239999771118164,3.509999990463257
492,-1.840000033378601,-2.0759999752044678,3.4119999408721924
495,-0.6190000176429749,-0.7419999837875366,5.447000026702881
498,-1.50600004196167,-1.781000018119812,7.816999912261963
501,-4.10699987411499,-0.6850000023841858,8.142999649047852
504,2.2939999103546143,2.8350000381469727,5.361999988555908
507,3.6570000648498535,1.6349999904632568,3.127000093460083
510,6.3379998207092285,2.7880001068115234,3.3329999446868896
513,7.767000198364258,1.7029999494552612,5.543000221252441
516,6.388999938964844,2.76200008392334,7.9070000648498535
519,3.753999948501587,2.009000062942505,7.729000091552734
522,2.1740000247955322,-1.7480000257492065,5.682000160217285
525,3.203000068664551,-1.097000002861023,3.3570001125335693
528,5.883999824523926,-1.7230000495910645,3.115000009536743
531,7.515999794006348,-1.065000057220459,5.441999912261963
534,6.236000061035156,-1.9470000267028809,7.866000175476074
537,3.759000062942505,-0.7540000081062317,7.802999973297119
540,10.319000244140625,2.946000099182129,-3.0950000286102295
543,11.281000137329102,1.972000002861023,-0.6890000104904175
546,10.48799991607666,3.0929999351501465,1.7410000562667847
549,10.248000144958496,-1.6510000228881836,-3.1449999809265137
552,11.376999855041504,-0.7850000262260437,-0.6449999809265137
555,9.760000228881836,-2.3299999237060547,1.3760000467300415
558,-9.833999633789063,2.9709999561309814,-1.180999994277954
561,-8.51200008392334,2.0139999389648438,-3.2190001010894775
564,-5.953999996185303,2.9600000381469727,-3.190999984741211
567,-4.458000183105469,2.125999927520752,-0.9810000061988831
570,-5.413000106811523,2.933000087738037,1.4149999618530273
573,-8.256999969482422,2.246999979019165,1.2369999885559082
576,-9.595999717712402,-1.6030000448226929,-0.8489999771118164
579,-8.324000358581543,-0.7730000019073486,-3.196000099182129
582,-5.616000175476074,-2.122999906539917,-3.2009999752044678
585,-4.386000156402588,-0.8109999895095825,-1.2259999513626099
588,-5.301000118255615,-1.8519999980926514,1.2070000171661377
591,-8.045999526977539,-0.6209999918937683,1.4229999780654907
594,-1.8990000486373901,3.068000078201294,-1.1069999933242798
597,-0.5350000262260437,1.875,-3.197000026702881
600,2.1480000019073486,2.6670000553131104,-3.178999900817871
603,3.674999952316284,2.321000099182129,-0.7509999871253967
606,1.9170000553131104,2.9830000400543213,1.284000039100647
609,-0.9169999957084656,1.8109999895095825,1.1979999542236328
612,-1.8020000457763672,-1.815000057220459,-1.378000020980835
615,-0.4690000116825104,-0.9430000185966492,-3.562000036239624
618,2.1050000190734863,-1.6619999408721924,-3.740000009536743
621,3.121000051498413,-0.5199999809265137,-1.378999948501587
624,1.7929999828338623,-1.9919999837875366,0.6610000133514404
627,-0.7540000081062317,-1.034999966621399,1.0449999570846558
630,6.447999954223633,2.9670000076293945,-0.6769999861717224
633,7.714000225067139,1.9620000123977661,-3.0889999866485596
636,8.043000221252441,1.7979999780654907,1.309000015258789
639,5.988999843597412,-1.6089999675750732,-1.3459999561309814
642,7.690000057220459,-0.7549999952316284,-3.375
645,7.261000156402588,-0.8579999804496765,1.0269999504089355
648,10.071000099182129,3.063999891281128,-7.734000205993652
651,11.569999694824219,1.809000015258789,-9.83899974822998
654,-9.357000350952148,2.934000015258789,-9.788000106811523
657,-8.07800006866455,1.8960000276565552,-7.629000186920166
660,-9.663000106811523,2.755000114440918,-5.564000129699707
663,11.177000045776367,1.9559999704360962,-5.510000228881836
666,10.121000289916992,-1.8339999914169312,-7.793000221252441
669,11.538000106811523,-1.0199999809265137,-10.14900016784668
672,-9.151000022888184,-1.6160000562667847,-9.963000297546387
675,-8.177000045776367,-0.8859999775886536,-7.49399995803833
678,-9.789999961853027,-1.996999979019165,-5.535999774932861
681,11.149999618530273,-0.9309999942779541,-5.534999847412109
684,-5.64900016784668,3.1419999599456787,-7.678999900817871
687,-4.294000148773193,2.2130000591278076,-9.829000473022461
690,-1.5329999923706055,3.1029999256134033,-10.133000373840332
693,-0.39399999380111694,1.6269999742507935,-8.031999588012695
696,-1.7289999723434448,2.8429999351501465,-5.51200008392334
699,-4.543000221252441,1.7929999828338623,-5.321000099182129
702,-5.578999996185303,-1.7519999742507935,-7.822000026702881
705,-4.184000015258789,-0.4950000047683716,-10.10099983215332
708,-1.600000023841858,-1.565000057220459,-10.458999633789063
711,-0.1809999942779541,-1.159000039100647,-8.14799976348877
714,-1.7990000247955322,-1.8760000467300415,-5.8520002365112305
717,-4.583000183105469,-0.9440000057220459,-5.373000144958496
720,2.3369998931884766,2.6429998874664307,-7.828999996185303
723,3.569999933242798,2.125,-10.190999984741211
726,6.181000232696533,3.184999942779541,-9.715999603271484
729,7.3480000495910645,2.2869999408721924,-7.440999984741211
732,6.291999816894531,3.1389999389648438,-5.021999835968018
735,3.671999931335449,1.8980000019073486,-5.583000183105469
738,2.441999912261963,-1.8769999742507935,-8.027999877929688
741,3.568000078201294,-0.7160000205039978,-10.383999824523926
744,6.4679999351501465,-1.8209999799728394,-10.151000022888184
747,7.5370001792907715,-0.46799999475479126,-7.8420000076293945
750,6.4720001220703125,-1.6319999694824219,-5.571000099182129
753,3.6760001182556152,-0.9039999842643738,-5.821000099182129
756,10.307999610900879,3.0490000247955322,10.532999992370605
759,11.682000160217285,2.052000045776367,12.763999938964844
762,10.373000144958496,3.2269999980926514,-12.145999908447266
765,10.357000350952148,-1.8969999551773071,9.901000022888184
768,11.482999801635742,-0.625,12.121000289916992
771,10.555000305175781,-1.531999945640564,-12.652999877929688
774,-9.468999862670898,2.9839999675750732,12.704000473022461
777,-7.9770002365112305,2.1519999504089355,10.612000465393066
780,-5.3429999351501465,3.061000108718872,10.394000053405762
783,-4.0279998779296875,2.193000078201294,12.802000045776367
786,-5.519000053405762,3.0390000343322754,-12.246000289916992
789,-8.031000137329102,2.114000082015991,-12.121999740600586
792,-9.597000122070313,-1.7589999437332153,12.303000450134277
795,-7.664999961853027,-0.7390000224113464,10.303000450134277
798,-5.170000076293945,-1.6330000162124634,10.41100025177002
801,-3.809000015258789,-0.5910000205039978,12.607000350952148
804,-5.422999858856201,-1.8259999752044678,-12.623000144958496
807,-8.003000259399414,-0.8830000162124634,-12.298999786376953
810,-1.2480000257492065,2.869999885559082,12.57800006866455
813,0.05400000140070915,2.0950000286102295,10.322999954223633
816,2.884999990463257,3.0420000553131104,10.26099967956543
819,4.0879998207092285,2.3340001106262207,12.805999755859375
822,2.240000009536743,3.191999912261963,-12.375
825,-0.16099999845027924,1.843000054359436,-12.237000465393066
828,-1.3819999694824219,-1.7000000476837158,12.138999938964844
831,0.004999999888241291,-0.8500000238418579,9.892000198364258
834,2.7130000591278076,-1.5950000286102295,10.168999671936035
837,4.198999881744385,-0.6230000257492065,12.531000137329102
840,2.4820001125335693,-1.531000018119812,-12.85200023651123
843,-0.24500000476837158,-0.8450000286102295,-12.656000137329102
846,6.730999946594238,2.9739999771118164,12.876999855041504
849,7.709000110626221,2.1710000038146973,10.390000343322754
852,7.804999828338623,2.2179999351501465,-11.744999885559082
855,6.853000164031982,-1.5160000324249268,12.322999954223633
858,7.815999984741211,-0.6729999780654907,9.902999877929688
861,7.855999946594238,-0.492000013589859,-12.151000022888184
864,11.180000305175781,10.399999618530273,6.264999866485596
867,11.319000244140625,9.413000106811523,3.7090001106262207
870,-9.781000137329102,10.48900032043457,3.759999990463257
873,-8.211000442504883,9.739999771118164,5.809000015258789
876,-8.604999542236328,10.520000457763672,8.383000373840332
879,12.281999588012695,9.758000373840332,8.649999618530273
882,10.812000274658203,5.886000156402588,6.104000091552734
885,11.600000381469727,6.560999870300293,3.555000066757202
888,-8.99899959564209,5.8520002365112305,3.4839999675750732
891,-7.681000232696533,6.910999774932861,5.875999927520752
894,-9.008000373840332,5.821000099182129,8.229000091552734
897,12.071000099182129,6.934000015258789,8.329000473022461
900,-5.500999927520752,10.486000061035156,5.672999858856201
903,-4.181000232696533,9.336999893188477,3.5169999599456787
906,-1.4670000076293945,10.251999855041504,3.5910000801086426
909,-0.22300000488758087,9.293000221252441,5.703000068664551
912,-1.5789999961853027,10.300000190734863,7.994999885559082
915,-4.288000106811523,9.871000289916992,8.140000343322754
918,-4.999000072479248,5.910999774932861,6.03000020980835
921,-4.230000019073486,6.696000099182129,3.3499999046325684
924,-1.6119999885559082,5.857999801635742,3.5139999389648438
927,-0.06199999898672104,6.4670000076293945,5.800000190734863
930,-1.3550000190734863,5.644999980926514,8.192999839782715
933,-3.7890000343322754,7.166999816894531,8.197999954223633
936,2.3570001125335693,10.305999755859375,5.828000068664551
939,3.6740000247955322,9.48900032043457,3.5339999198913574
942,6.3480000495910645,10.190999984741211,3.621000051498413
945,7.560999870300293,9.461999893188477,5.984000205993652
948,6.574999809265137,10.616999626159668,8.170999526977539
951,4.010000228881836,9.208999633789063,8.170999526977539
954,2.4119999408721924,5.502999782562256,5.639999866485596
957,3.2639999389648438,6.625999927520752,3.2880001068115234
960,6.2820000648498535,5.765999794006348,3.6689999103546143
963,8.10099983215332,6.6620001792907715,5.9079999923706055
966,6.857999801635742,5.366000175476074,8.133999824523926
969,4.263000011444092,6.427000045776367,7.9679999351501465
972,9.998000144958496,10.27299976348877,-3.3910000324249268
975,11.42199993133545,9.557999610900879,-1.0
978,10.107999801635742,10.503999710083008,1.2799999713897705
981,10.592000007629395,5.823999881744385,-3.4619998931884766
984,11.51200008392334,6.86299991607666,-1.1829999685287476
987,10.248000144958496,5.8420000076293945,1.1480000019073486
990,-9.642000198364258,10.486000061035156,-1.4270000457763672
993,-8.170999526977539,9.449000358581543,-3.5989999771118164
996,-5.679999828338623,10.631999969482422,-3.240000009536743
999,-4.2870001792907715,9.631999969482422,-0.8899999856948853
1002,-5.932000160217285,10.187999725341797,1.3919999599456787
1005,-8.75100040435791,9.539999961853027,1.2940000295639038
1008,-9.604000091552734,5.693999767303467,-1.2920000553131104
1011,-8.163000106811523,6.658999919891357,-3.3329999446868896
1014,-5.624000072479248,5.810999870300293,-3.3380000591278076
1017,-4.4070000648498535,6.7789998054504395,-0.9210000038146973
1020,-5.681000232696533,5.692999839782715,1.2970000505447388
1023,-8.09000015258789,6.771999835968018,0.9829999804496765
1026,-1.7799999713897705,10.354999542236328,-1.5089999437332153
1029,-0.2720000147819519,8.972000122070313,-3.3589999675750732
1032,2.50600004196167,10.395999908447266,-3.1579999923706055
1035,3.759999990463257,9.458000183105469,-0.906000018119812
1038,2.200000047683716,10.333999633789063,1.3240000009536743
1041,-0.5429999828338623,9.5649995803833,1.1480000019073486
1044,-1.878999948501587,5.708000183105469,-0.9599999785423279
1047,-0.7900000214576721,6.105999946594238,-3.390000104904175
1050,2.0250000953674316,5.427999973297119,-3.3429999351501465
1053,3.680000066757202,6.585000038146973,-1.031000018119812
1056,2.059999942779541,5.767000198364258,0.9990000128746033
1059,-0.5070000290870667,6.764999866485596,1.24399995803833
1062,6.38100004196167,9.9399995803833,-0.7919999957084656
1065,7.318999767303467,9.15999984741211,-3.3559999465942383
1068,7.714000225067139,9.20300006866455,1.3830000162124634
1071,6.328999996185303,5.73199987411499,-0.9850000143051147
1074,7.613999843597412,6.368000030517578,-3.2699999809265137
1077,7.604000091552734,6.355000019073486,1.371000051498413
1080,10.225000381469727,10.70199966430664,-7.767000198364258
1083,11.187000274658203,9.763999938964844,-10.187000274658203
1086,-9.673999786376953,10.251999855041504,-10.116999626159668
1089,-8.420000076293945,9.543000221252441,-7.651000022888184
1092,-9.656000137329102,10.67199993133545,-5.586999893188477
1095,11.550000190734863,9.456999778747559,-5.48799991607666
1098,10.149999618530273,5.6570000648498535,-8.206000328063965
1101,11.527999877929688,7.019000053405762,-10.32800006866455
1104,-9.647000312805176,5.683000087738037,-10.25
1107,-8.545999526977539,6.581999778747559,-7.914000034332275
1110,-9.347000122070313,5.614999771118164,-5.498000144958496
1113,11.475000381469727,6.734000205993652,-5.9730000495910645
1116,-5.697999954223633,10.269000053405762,-7.886000156402588
1119,-4.172999858856201,9.47700023651123,-10.045999526977539
1122,-1.4589999914169312,10.6899995803833,-10.112000465393066
1125,-0.48899999260902405,9.289999961853027,-8.029999732971191
1128,-1.4259999990463257,10.430999755859375,-5.511000156402588
1131,-4.244999885559082,9.60200023651123,-5.4770002365112305
1134,-5.951000213623047,5.7769999504089355,-8.23900032043457
1137,-3.9489998817443848,6.711999893188477,-9.751999855041504
1140,-1.3899999856948853,5.809999942779541,-10.184000015258789
1143,-0.36800000071525574,6.535999774932861,-7.645999908447266
1146,-2.24399995803833,5.448999881744385,-5.883999824523926
1149,-4.690000057220459,6.758999824523926,-5.952000141143799
1152,1.871999979019165,10.359000205993652,-7.980000019073486
1155,3.5940001010894775,9.505000114440918,-9.920999526977539
1158,6.2230000495910645,10.13599967956543,-9.78499984741211
1161,7.693999767303467,9.576000213623047,-7.414000034332275
1164,5.923999786376953,10.239999771118164,-5.560999870300293
1167,3.434000015258789,9.255000114440918,-5.488999843597412
1170,2.171999931335449,5.64300012588501,-7.914999961853027
1173,3.684000015258789,6.656000137329102,-9.980999946594238
1176,6.302000045776367,5.85099983215332,-10.0649995803833
1179,7.625,6.906000137329102,-7.765999794006348
1182,6.328999996185303,5.7270002365112305,-5.584000110626221
1185,3.4110000133514404,6.415999889373779,-5.579999923706055
1188,10.786999702453613,10.538000106811523,10.63599967956543
1191,11.991999626159668,9.586000442504883,12.965999603271484
1194,9.993000030517578,10.524999618530273,-12.553999900817871
1197,10.704999923706055,6.10699987411499,10.618000030517578
1200,12.317000389099121,6.953000068664551,13.027000427246094
1203,9.975000381469727,6.053999900817871,-12.560999870300293
1206,-9.052000045776367,10.53600025177002,12.678000450134277
1209,-7.6529998779296875,9.244999885559082,10.762999534606934
1212,-5.334000110626221,10.567000389099121,10.550999641418457
1215,-4.039999961853027,9.732999801635742,12.836999893188477
1218,-5.607999801635742,10.458000183105469,-12.26200008392334
1221,-8.038999557495117,9.23900032043457,-12.321999549865723
1224,-8.871000289916992,5.703999996185303,12.675999641418457
1227,-7.5929999351501465,6.433000087738037,10.520000457763672
1230,-4.8470001220703125,5.869999885559082,10.418000221252441
1233,-3.7260000705718994,6.951000213623047,12.779000282287598
1236,-5.104000091552734,5.994999885559082,-12.253999710083008
1239,-7.754000186920166,6.505000114440918,-12.041999816894531
1242,-1.3589999675750732,10.387999534606934,12.63700008392334
1245,-0.289000004529953,9.446999549865723,10.430999755859375
1248,2.390000104904175,10.227999687194824,10.425999641418457
1251,3.5799999237060547,9.329999923706055,12.675000190734863
1254,2.3610000610351563,10.78600025177002,-12.416000366210938
1257,-0.18799999356269836,9.494000434875488,-12.27400016784668
1260,-1.2289999723434448,5.644000053405762,12.541999816894531
1263,-0.017999999225139618,6.791999816894531,10.333999633789063
1266,2.569999933242798,5.711999893188477,9.883999824523926
1269,3.5969998836517334,6.584000110626221,12.253000259399414
1272,2.686000108718872,5.928999900817871,-12.496000289916992
1275,-0.20499999821186066,6.754000186920166,-12.414999961853027
1278,6.045000076293945,10.401000022888184,12.173999786376953
1281,8.20199966430664,9.54699993133545,10.628999710083008
1284,7.25,9.682000160217285,-12.331999778747559
1287,6.236000061035156,5.61899995803833,12.42199993133545
1290,7.980999946594238,6.646999835968018,10.526000022888184
1293,7.326000213623047,6.939000129699707,-12.404000282287598
