0,7.499000072479248,-3.2219998836517334,7.627999782562256
3,11.791999816894531,-7.385000228881836,8.04800033569336
6,11.520999908447266,-5.86299991607666,5.723999977111816
9,-7.831999778747559,-6.1479997634887695,7.401000022888184
12,-8.631999969482422,-4.830999851226807,9.718999862670898
15,12.04699993133545,-5.118000030517578,9.748000144958496
18,10.35099983215332,10.640999794006348,7.866000175476074
21,-9.947999954223633,-9.371999740600586,7.888000011444092
24,12.156999588012695,11.791999816894531,5.98199987411499
27,-8.74899959564209,-8.178000450134277,5.703000068664551
30,-7.947999954223633,12.625,9.977999687194824
33,9.684000015258789,-9.272000312805176,9.144000053405762
36,-3.5880000591278076,-5.61299991607666,7.501999855041504
39,-8.194000244140625,-3.809999942779541,6.072000026702881
42,-1.875,-5.550000190734863,5.406000137329102
45,-0.07800000160932541,-6.181000232696533,7.610000133514404
48,-1.1759999990463257,-5.203999996185303,10.062000274658203
51,-3.5439999103546143,-6.432000160217285,10.269000053405762
54,-5.313000202178955,-9.675999641418457,8.689000129699707
57,-5.508999824523926,-7.514999866485596,6.997000217437744
60,-4.798999786376953,-9.147000312805176,5.050000190734863
63,0.6859999895095825,-9.130999565124512,8.04699993133545
66,-0.734000027179718,12.21500015258789,10.192000389099121
69,-3.497999906539917,-9.28600025177002,10.718000411987305
72,3.7109999656677246,-5.5970001220703125,7.985000133514404
75,2.0989999771118164,-5.942999839782715,5.515999794006348
78,4.47599983215332,-5.22599983215332,4.198999881744385
81,6.002999782562256,-7.122000217437744,7.361999988555908
84,6.27400016784668,-3.697999954223633,9.954999923706055
87,4.639999866485596,-5.9039998054504395,10.54800033569336
90,3.2669999599456787,12.729999542236328,7.598999977111816
93,0.3019999861717224,-8.562000274658203,5.249000072479248
96,4.617000102996826,-8.079000473022461,4.086999893188477
99,5.567999839782715,12.805000305175781,6.059999942779541
102,7.01800012588501,-8.491000175476074,9.352999687194824
105,4.296000003814697,-8.697999954223633,10.157999992370605
108,8.154999732971191,-4.913000106811523,-1.0579999685287476
111,9.255999565124512,-5.736000061035156,1.3029999732971191
114,8.71500015258789,-5.322999954223633,6.251999855041504
117,8.154999732971191,-9.32699966430664,-1.5110000371932983
120,9.083999633789063,-8.4350004196167,1.1859999895095825
123,7.390999794006348,-8.399999618530273,3.700000047683716
126,11.574000358581543,-4.3480000495910645,1.2790000438690186
129,-10.734999656677246,-5.172999858856201,-0.8830000162124634
132,-8.03499984741211,-4.631999969482422,-1.2860000133514404
135,-6.939000129699707,-5.13700008392334,1.2200000286102295
138,-8.50100040435791,-4.3520002365112305,3.368000030517578
141,-10.892999649047852,-5.818999767303467,3.2699999809265137
144,11.82699966430664,-9.274999618530273,1.00600004196167
147,-10.642999649047852,-7.866000175476074,-1.0720000267028809
150,-8.074000358581543,-9.034000396728516,-1.4889999628067017
153,-7.334000110626221,-7.833000183105469,0.9869999885559082
156,-7.138999938964844,-8.857000350952148,3.640000104904175
159,-10.829999923706055,-8.715999603271484,3.937000036239624
162,-4.413000106811523,-4.436999797821045,0.5070000290870667
165,-2.7339999675750732,-5.763999938964844,-1.3079999685287476
168,0.5090000033378601,-4.8979997634887695,-1.3309999704360962
171,0.765999972820282,-5.894999980926514,1.2330000400543213
174,0.3149999976158142,-4.853000164031982,3.6519999504089355
177,-3.503999948501587,-5.193999767303467,3.193000078201294
180,-4.802999973297119,-9.253000259399414,0.5929999947547913
183,-2.7200000286102295,-8.463000297546387,-1.2690000534057617
186,0.11299999803304672,-9.180000305175781,-1.2669999599456787
189,1.0740000009536743,-8.916000366210938,1.4129999876022339
192,-1.2910000085830688,-9.473999977111816,2.9690001010894775
195,-3.7709999084472656,-7.9770002365112305,2.752000093460083
198,3.2839999198913574,-5.073999881744385,0.6970000267028809
201,5.46999979019165,-5.697000026702881,-1.1549999713897705
204,5.7729997634887695,-4.076000213623047,1.968999981880188
207,3.8519999980926514,-9.081999778747559,1.1990000009536743
210,5.248000144958496,-8.670999526977539,-1.1510000228881836
213,7.853000164031982,-5.436999797821045,3.572000026702881
216,8.9399995803833,-4.751999855041504,-6.1539998054504395
219,10.381999969482422,-5.813000202178955,-8.354000091552734
222,-10.623000144958496,-4.811999797821045,-8.314000129699707
225,-9.770000457763672,-5.24399995803833,-5.5920000076293945
228,12.09000015258789,-4.540999889373779,-3.6010000705718994
231,9.38700008392334,-5.513000011444092,-3.4809999465942383
234,8.836999893188477,-9.262999534606934,-6.184999942779541
237,10.631999969482422,-8.406999588012695,-8.32699966430664
240,-10.404999732971191,-9.326000213623047,-8.437999725341797
243,-9.729999542236328,-8.210000038146973,-5.896999835968018
246,12.357000350952148,-9.015999794006348,-3.690999984741211
249,9.470000267028809,-8.34000015258789,-3.6579999923706055
252,-7.118000030517578,-4.585999965667725,-5.829999923706055
255,-5.458000183105469,-5.576000213623047,-7.836999893188477
258,-2.9159998893737793,-4.946000099182129,-8.284000396728516
261,-1.659000039100647,-6.228000164031982,-6.142000198364258
264,-3.359999895095825,-5.13700008392334,-3.871000051498413
267,-6.165999889373779,-5.5229997634887695,-3.36899995803833
270,-7.254000186920166,-9.442000389099121,-5.7769999504089355
273,-5.639999866485596,-8.42300033569336,-7.684000015258789
276,-2.8269999027252197,12.692999839782715,-8.020999908447266
279,-1.7619999647140503,-8.982999801635742,-5.685999870300293
282,-3.565999984741211,-9.447999954223633,-3.684999942779541
285,-5.89900016784668,-8.333999633789063,-3.171999931335449
288,0.7400000095367432,-4.888999938964844,-5.807000160217285
291,2.3329999446868896,-5.710000038146973,-8.031999588012695
294,5.145999908447266,-4.7179999351501465,-8.312000274658203
297,6.48799991607666,-5.449999809265137,-5.701000213623047
300,4.895999908447266,-4.53000020980835,-3.7739999294281006
303,2.1019999980926514,-5.798999786376953,-3.549999952316284
306,1.0010000467300415,-9.555000305175781,-5.855000019073486
309,2.7060000896453857,-8.604000091552734,-7.979000091552734
312,5.298999786376953,-9.354999542236328,-8.54800033569336
315,6.2230000495910645,-8.390000343322754,-6.067999839782715
318,4.479000091552734,-9.170000076293945,-3.9130001068115234
321,1.8200000524520874,-8.524999618530273,-3.4170000553131104
324,10.529999732971191,-4.375999927520752,11.920000076293945
327,11.17300033569336,-5.686999797821045,14.295999526977539
330,9.625,-4.75,-10.763999938964844
333,9.88599967956543,-8.59000015258789,11.854000091552734
336,11.793000221252441,-8.409000396728516,-12.696999549865723
339,9.883000373840332,-9.184000015258789,-10.916999816894531
342,-9.765999794006348,-4.914999961853027,14.383999824523926
345,-7.808000087738037,-5.4019999504089355,12.467000007629395
348,-5.085000038146973,-5.079999923706055,12.276000022888184
351,-4.747000217437744,-6.132999897003174,-12.383999824523926
354,-6.1020002365112305,-4.9629998207092285,-10.289999961853027
357,-9.00100040435791,-5.915999889373779,-10.336000442504883
360,-9.59000015258789,12.553000450134277,-12.947999954223633
363,-7.988999843597412,-8.315999984741211,12.25
366,-5.584000110626221,12.527999877929688,12.390000343322754
369,-4.63700008392334,-9.04800033569336,-12.307999610900879
372,-5.929999828338623,12.66100025177002,-10.116999626159668
375,-8.685999870300293,-8.826000213623047,-10.54699993133545
378,-2.2290000915527344,-5.039000034332275,14.199000358581543
381,-0.3790000081062317,-6.205999851226807,12.447999954223633
384,2.4560000896453857,-4.958000183105469,12.300999641418457
387,3.444000005722046,-5.756999969482422,-12.493000030517578
390,1.524999976158142,-5.236000061035156,-10.680000305175781
393,-1.2690000534057617,-5.704999923706055,-10.307999610900879
396,-1.8519999980926514,12.723999977111816,-12.381999969482422
399,-0.3330000042915344,-8.958999633789063,12.633999824523926
402,2.4030001163482666,12.836000442504883,11.956000328063965
405,3.4619998931884766,-8.78499984741211,-12.64799976348877
408,2.0369999408721924,12.708999633789063,-10.482000350952148
411,-0.8320000171661377,-8.406999588012695,-10.010000228881836
414,6.034999847412109,-4.376999855041504,-12.472999572753906
417,7.692999839782715,-4.4079999923706055,12.329000473022461
420,6.8460001945495605,-5.557000160217285,-10.21399974822998
423,5.834000110626221,11.899999618530273,-12.444999694824219
426,8.164999961853027,-7.110000133514404,13.241999626159668
429,6.997000217437744,-8.770999908447266,-10.534000396728516
432,10.788999557495117,2.3919999599456787,5.6539998054504395
435,-10.989999771118164,1.4259999990463257,7.916999816894531
438,-8.496999740600586,2.0999999046325684,6.304999828338623
441,-6.991000175476074,1.4930000305175781,8.430999755859375
444,-8.067999839782715,2.881999969482422,10.40999984741211
447,-10.635000228881836,1.8660000562667847,10.699999809265137
450,9.375,-0.9139999747276306,7.488999843597412
453,11.470999717712402,-2.572000026702881,8.609999656677246
456,-10.951000213623047,-3.3929998874664307,6.258999824523926
459,-6.578000068664551,-1.3509999513626099,8.02400016784668
462,-8.512999534606934,-2.119999885559082,9.843999862670898
465,12.428999900817871,-0.8500000238418579,10.58899974822998
468,-4.520999908447266,2.2660000324249268,7.324999809265137
471,-5.433000087738037,0.8190000057220459,4.784999847412109
474,-3.2920000553131104,4.813000202178955,6.599999904632568
477,0.925000011920929,1.0720000267028809,7.860000133514404
480,-1.0130000114440918,2.115999937057495,9.829000473022461
483,-3.437000036239624,1.375,9.682999610900879
486,-4.177999973297119,-2.8610000610351563,7.445000171661377
489,-6.432000160217285,-1.659000039100647,5.271999835968018
492,-4.013000011444092,-2.865999937057495,4.663000106811523
495,0.9430000185966492,-1.9539999961853027,7.561999797821045
498,-0.7749999761581421,-2.375999927520752,9.49899959564209
501,-3.3359999656677246,-1.4859999418258667,9.722000122070313
504,3.385999917984009,2.3949999809265137,8.062000274658203
507,0.9150000214576721,1.534999966621399,5.071000099182129
510,2.744999885559082,3.2829999923706055,3.9030001163482666
513,8.022000312805176,1.3569999933242798,7.283999919891357
516,6.882999897003174,2.371000051498413,9.67199993133545
519,4.553999900817871,1.3450000286102295,10.437999725341797
522,3.638000011444092,-2.75,7.883999824523926
525,1.8630000352859497,-1.062999963760376,5.048999786376953
528,4.368000030517578,-0.7379999756813049,4.086999893188477
531,6.285999774932861,0.9200000166893005,5.10099983215332
534,5.2789998054504395,-3.125999927520752,5.814000129699707
537,4.2179999351501465,-1.4500000476837158,10.163000106811523
540,7.1529998779296875,3.1710000038146973,-2.440999984741211
543,9.208999633789063,1.4830000400543213,-0.7200000286102295
546,10.052000045776367,2.9140000343322754,2.924999952316284
549,8.621999740600586,-2.0329999923706055,-0.7739999890327454
552,9.529000282287598,-0.6700000166893005,1.3359999656677246
555,8.364999771118164,0.5099999904632568,3.453000068664551
558,10.940999984741211,3.3550000190734863,0.3889999985694885
561,-10.42199993133545,2.1649999618530273,-0.9869999885559082
564,-7.691999912261963,2.8929998874664307,-1.2910000085830688
567,-6.660999774932861,1.930999994277954,1.156000018119812
570,-7.949999809265137,1.9160000085830688,3.555999994277954
573,10.737000465393066,-0.18000000715255737,5.2829999923706055
576,12.27400016784668,-1.74399995803833,1.5850000381469727
579,-9.968999862670898,-0.5989999771118164,-1.555999994277954
582,-7.432000160217285,-2.003000020980835,-1.284000039100647
585,-6.543000221252441,-0.9679999947547913,1.190999984741211
588,-8.17300033569336,-1.6130000352859497,3.1549999713897705
591,-10.765999794006348,-1.3250000476837158,4.168000221252441
594,-4.151000022888184,3.055999994277954,0.9330000281333923
597,-2.5739998817443848,2.128000020980835,-1.3569999933242798
600,0.3880000114440918,3.1410000324249268,-1.4049999713897705
603,1.0549999475479126,1.6619999408721924,1.00600004196167
606,-0.6690000295639038,2.7230000495910645,3.1510000228881836
609,-3.308000087738037,1.305999994277954,3.1540000438690186
612,-4.105000019073486,-1.649999976158142,0.4869999885559082
615,-2.944999933242798,-0.5189999938011169,-1.7289999723434448
618,-0.34700000286102295,-2.1449999809265137,-1.815999984741211
621,1.3869999647140503,-1.128000020980835,0.6010000109672546
624,0.1589999943971634,-2.2190001010894775,2.984999895095825
627,-2.6489999294281006,-1.2940000295639038,2.7769999504089355
630,3.2960000038146973,3.1440000534057617,1.055999994277954
633,4.880000114440918,2.6110000610351563,-0.9599999785423279
636,4.574999809265137,2.7899999618530273,5.767000198364258
639,3.3489999771118164,-2.5439999103546143,-0.5099999904632568
642,6.669000148773193,0.4490000009536743,0.19099999964237213
645,5.125,-1.5119999647140503,1.1799999475479126
648,9.036999702453613,2.9790000915527344,-5.988999843597412
651,10.532999992370605,1.468000054359436,-8.041000366210938
654,-10.579999923706055,2.4749999046325684,-8.274999618530273
657,-9.605999946594238,2.115999937057495,-5.538000106811523
660,-11.33899974822998,2.9140000343322754,-3.51200008392334
663,9.746999740600586,2.177999973297119,-3.4549999237060547
666,9.27400016784668,-1.7280000448226929,-5.670000076293945
669,10.375,-1.1770000457763672,-8.218999862670898
672,-10.598999977111816,-2.117000102996826,-7.945000171661377
675,-9.519000053405762,-0.7350000143051147,-5.724999904632568
678,12.520000457763672,-1.7480000257492065,-3.7669999599456787
681,10.295000076293945,-0.7519999742507935,-2.690999984741211
684,-6.890999794006348,2.8259999752044678,-5.874000072479248
687,-5.5320000648498535,1.5579999685287476,-8.102999687194824
690,-2.9100000858306885,2.882999897003174,-8.364999771118164
693,-1.9129999876022339,1.531000018119812,-5.849999904632568
696,-2.953000068664551,3.0220000743865967,-3.799999952316284
699,-6.067999839782715,1.9329999685287476,-3.299999952316284
702,-6.914999961853027,-1.6390000581741333,-6.013000011444092
705,-5.10699987411499,-1.0329999923706055,-8.140999794006348
708,-2.494999885559082,-1.8539999723434448,-7.835999965667725
711,-1.7740000486373901,-1.24399995803833,-5.182000160217285
714,-3.6040000915527344,-2.563999891281128,-3.5940001010894775
717,-5.96999979019165,-1.1160000562667847,-3.3350000381469727
720,0.6320000290870667,2.744999885559082,-6.361999988555908
723,2.5840001106262207,1.5579999685287476,-7.934000015258789
726,5.38100004196167,2.502000093460083,-8.116000175476074
729,6.171000003814697,2.1619999408721924,-5.382999897003174
732,3.882999897003174,2.9149999618530273,-3.615999937057495
735,1.225000023841858,1.8270000219345093,-3.763000011444092
738,1.0390000343322754,-2.1419999599456787,-5.839000225067139
741,2.562000036239624,-1.0959999561309814,-8.017999649047852
744,5.427000045776367,-1.7319999933242798,-7.908999919891357
747,6.164999961853027,-0.9570000171661377,-5.35699987411499
750,4.540999889373779,-1.6759999990463257,-3.236999988555908
753,1.5299999713897705,-0.9610000252723694,-3.3559999465942383
756,10.82800006866455,2.444999933242798,12.258000373840332
759,11.399999618530273,1.4930000305175781,-12.17300033569336
762,9.491000175476074,2.4860000610351563,-10.607999801635742
765,10.541000366210938,-1.5889999866485596,12.53499984741211
768,11.461000442504883,-1.253000020980835,-12.026000022888184
771,9.24899959564209,-2.0789999961853027,-10.63599967956543
774,-9.52400016784668,2.114000082015991,-12.520999908447266
777,-7.796999931335449,1.2410000562667847,12.696999549865723
780,-5.11299991607666,2.632999897003174,12.416999816894531
783,-4.504000186920166,1.4149999618530273,-12.486000061035156
786,-6.317999839782715,2.308000087738037,-10.585000038146973
789,-8.805999755859375,1.1799999475479126,-10.100000381469727
792,-9.652999877929688,-2.193000078201294,-12.532999992370605
795,-7.808000087738037,-1.4839999675750732,12.595000267028809
798,-5.223999977111816,-2.1070001125335693,11.680000305175781
801,-4.482999801635742,-1.3309999704360962,-13.038999557495117
804,-5.745999813079834,-2.1029999256134033,-10.767000198364258
807,-8.854999542236328,-1.6200000047683716,-10.01200008392334
810,-1.9780000448226929,2.553999900817871,-12.63599967956543
813,-0.5799999833106995,1.4149999618530273,12.397000312805176
816,2.619999885559082,1.9040000438690186,12.388999938964844
819,3.4100000858306885,1.2519999742507935,-12.371999740600586
822,1.7619999647140503,2.3559999465942383,-10.473999977111816
825,-0.9990000128746033,1.8320000171661377,-10.102999687194824
828,-1.9509999752044678,-2.2850000858306885,-12.815999984741211
831,-0.4020000100135803,-1.4859999418258667,11.982999801635742
834,2.2769999504089355,-1.9600000381469727,12.074000358581543
837,3.2699999809265137,-1.625,-12.515999794006348
840,1.8940000534057617,-2.2980000972747803,-10.35200023651123
843,-0.7149999737739563,-1.253000020980835,-9.824999809265137
846,6.1479997634887695,2.615000009536743,14.286999702453613
849,7.849999904632568,1.8079999685287476,12.236000061035156
852,6.833000183105469,1.9639999866485596,-10.347999572753906
855,5.9120001792907715,-1.5290000438690186,-12.590999603271484
858,8.402000427246094,-0.5899999737739563,13.711000442504883
861,6.688000202178955,-0.847000002861023,-10.10200023651123
864,9.95199966430664,8.664999961853027,9.821000099182129
867,10.480999946594238,7.448999881744385,4.73199987411499
870,12.147000312805176,9.501999855041504,4.045000076293945
873,-8.02400016784668,8.737000465393066,8.48799991607666
876,-9.145999908447266,10.187000274658203,10.633999824523926
879,12.187999725341797,9.130000114440918,12.246999740600586
882,9.932999610900879,6.320000171661377,8.45300006866455
885,11.170999526977539,5.113999843597412,6.343999862670898
888,-9.145999908447266,4.868000030517578,6.23799991607666
891,-9.032999992370605,6.285999774932861,8.619000434875488
894,-6.73799991607666,5.139999866485596,10.039999961853027
897,12.371999740600586,7.104000091552734,10.218000411987305
900,-5.711999893188477,10.098999977111816,8.550000190734863
903,-5.316999912261963,9.970000267028809,5.8379998207092285
906,0.7870000004768372,8.508000373840332,5.284999847412109
909,0.5600000023841858,8.560999870300293,7.980999946594238
912,-1.6119999885559082,9.673999786376953,9.248000144958496
915,-4.03000020980835,9.204000473022461,10.449999809265137
918,-4.76200008392334,6.2729997634887695,8.482000350952148
921,-5.583000183105469,7.178999900817871,5.775000095367432
924,-0.5339999794960022,6.093999862670898,5.853000164031982
927,0.7319999933242798,6.007999897003174,8.324000358581543
930,-1.3380000591278076,5.0,9.956999778747559
933,-3.453000068664551,6.302000045776367,10.765999794006348
936,2.9790000915527344,9.960000038146973,8.263999938964844
939,5.656000137329102,9.267999649047852,7.684000015258789
942,5.5920000076293945,10.159000396728516,4.964000225067139
945,8.562000274658203,9.25100040435791,6.260000228881836
948,5.921000003814697,9.994000434875488,10.208999633789063
951,4.074999809265137,8.559000015258789,11.843999862670898
954,3.444000005722046,5.15500020980835,8.09000015258789
957,2.9089999198913574,6.0370001792907715,3.8310000896453857
960,5.165999889373779,5.625999927520752,5.567999839782715
963,7.317999839782715,6.988999843597412,7.035999774932861
966,7.497000217437744,5.110000133514404,9.857000350952148
969,4.447999954223633,6.189000129699707,10.531999588012695
972,8.418999671936035,10.336000442504883,-1.0199999809265137
975,9.105999946594238,10.074000358581543,1.6959999799728394
978,8.038999557495117,10.741000175476074,4.031000137329102
981,7.247000217437744,6.035999774932861,-2.8450000286102295
984,7.519999980926514,7.783999919891357,2.115000009536743
987,9.359000205993652,5.5980000495910645,3.1760001182556152
990,11.711000442504883,10.241999626159668,1.4789999723434448
993,-10.414999961853027,9.454000473022461,-0.5099999904632568
996,-7.835999965667725,10.602999687194824,-1.1679999828338623
999,-7.064000129699707,9.486000061035156,1.2389999628067017
1002,-7.270999908447266,10.803999900817871,4.158999919891357
1005,-8.819000244140625,9.694000244140625,6.13100004196167
1008,11.496999740600586,5.676000118255615,1.4670000076293945
1011,-10.767000198364258,6.603000164031982,-0.9039999842643738
1014,-8.27299976348877,5.517000198364258,-1.0820000171661377
1017,-7.267000198364258,6.747000217437744,1.2519999742507935
1020,-7.859000205993652,6.3460001945495605,4.269000053405762
1023,-10.20300006866455,6.955999851226807,3.0429999828338623
1026,-4.4039998054504395,9.923999786376953,1.003000020980835
1029,-2.6010000705718994,9.213000297546387,-1.1579999923706055
1032,-0.18199999630451202,10.505999565124512,-1.2569999694824219
1035,0.8889999985694885,9.420000076293945,1.0789999961853027
1038,-0.5879999995231628,9.977999687194824,3.2869999408721924
1041,-3.4760000705718994,9.913999557495117,3.813999891281128
1044,-4.715000152587891,5.781000137329102,0.7080000042915344
1047,-2.7929999828338623,6.413000106811523,-1.3070000410079956
1050,0.03500000014901161,5.873000144958496,-1.3550000190734863
1053,0.1809999942779541,6.577000141143799,1.2430000305175781
1056,-1.5110000371932983,5.623000144958496,3.2090001106262207
1059,-4.020999908447266,6.796000003814697,3.372999906539917
1062,3.6089999675750732,10.390000343322754,1.4210000038146973
1065,4.802999973297119,10.626999855041504,-0.9100000262260437
1068,3.23799991607666,8.706000328063965,3.6470000743865967
1071,2.803999900817871,5.953000068664551,0.824999988079071
1074,4.75600004196167,6.409999847412109,-0.9959999918937683
1077,6.451000213623047,8.593000411987305,-0.41499999165534973
1080,9.118000030517578,10.272000312805176,-5.605000019073486
1083,10.57699966430664,9.104999542236328,-7.934999942779541
1086,-10.168000221252441,10.350000381469727,-7.85099983215332
1089,-9.411999702453613,9.640999794006348,-5.4079999923706055
1092,-10.991000175476074,10.487000465393066,-3.0850000381469727
1095,10.156999588012695,9.598999977111816,-3.1080000400543213
1098,8.881999969482422,5.776000022888184,-6.204999923706055
1101,10.935999870300293,6.445000171661377,-7.7179999351501465
1104,-10.244000434875488,5.466000080108643,-8.036999702453613
1107,-9.229000091552734,6.755000114440918,-5.389999866485596
1110,12.36299991607666,5.52400016784668,-3.5429999828338623
1113,9.664999961853027,6.828000068664551,-3.799999952316284
1116,-6.75,10.232000350952148,-5.710999965667725
1119,-5.013000011444092,9.32800006866455,-7.664000034332275
1122,-2.5869998931884766,10.010000228881836,-8.366000175476074
1125,-1.8459999561309814,9.177000045776367,-5.789999961853027
1128,-3.6059999465942383,10.192999839782715,-3.7980000972747803
1131,-5.9730000495910645,9.277000427246094,-3.003999948501587
1134,-6.644000053405762,6.000999927520752,-5.683000087738037
1137,-5.206999778747559,6.242000102996826,-8.029000282287598
1140,-2.4609999656677246,5.458000183105469,-8.093000411987305
1143,-1.6369999647140503,6.4019999504089355,-5.7820000648498535
1146,-3.5810000896453857,5.861999988555908,-3.9240000247955322
1149,-6.297999858856201,6.131999969482422,-2.9059998989105225
1152,0.7149999737739563,9.916000366210938,-6.211999893188477
1155,2.9119999408721924,9.11400032043457,-7.909999847412109
1158,5.669000148773193,10.286999702453613,-8.14799976348877
1161,6.229000091552734,9.420999526977539,-5.526000022888184
1164,4.177000045776367,10.364999771118164,-3.9200000762939453
1167,1.3509999513626099,9.401000022888184,-3.696000099182129
1170,0.9919999837875366,5.546999931335449,-5.997000217437744
1173,2.933000087738037,6.379000186920166,-7.660999774932861
1176,5.326000213623047,5.300000190734863,-7.99399995803833
1179,6.093999862670898,6.473999977111816,-5.389999866485596
1182,4.269999980926514,5.5980000495910645,-3.552999973297119
1185,1.7710000276565552,6.7129998207092285,-3.559000015258789
1188,9.909000396728516,10.925999641418457,12.151000022888184
1191,11.741000175476074,8.65999984741211,-12.29699993133545
1194,9.913000106811523,9.932000160217285,-10.51200008392334
1197,10.651000022888184,5.044000148773193,12.105999946594238
1200,11.451000213623047,5.757999897003174,-12.564000129699707
1203,9.824000358581543,5.329999923706055,-10.305999755859375
1206,-9.420999526977539,9.907999992370605,-12.350000381469727
1209,-7.7129998207092285,8.942999839782715,12.819999694824219
1212,-5.078999996185303,9.782999992370605,12.873000144958496
1215,-3.9059998989105225,8.484999656677246,-12.23799991607666
1218,-5.688000202178955,9.994999885559082,-10.253999710083008
1221,-8.692999839782715,9.057000160217285,-9.864999771118164
1224,-9.487000465393066,4.88100004196167,-12.633000373840332
1227,-7.800000190734863,5.98199987411499,12.491000175476074
1230,-5.104000091552734,5.366000175476074,12.781999588012695
1233,-3.9690001010894775,5.789000034332275,-11.994999885559082
1236,-6.120999813079834,5.059000015258789,-10.298999786376953
1239,-8.67199993133545,6.0320000648498535,-10.164999961853027
1242,-1.7649999856948853,9.961999893188477,-12.468000411987305
1245,-0.5950000286102295,9.432999610900879,12.092000007629395
1248,1.9079999923706055,10.222999572753906,10.777999877929688
1251,3.427000045776367,8.70199966430664,-12.70199966430664
1254,1.7740000486373901,9.701000213623047,-10.782999992370605
1257,-0.8169999718666077,8.788999557495117,-10.119000434875488
1260,-0.921999990940094,5.039000034332275,-12.487000465393066
1263,0.1850000023841858,6.269000053405762,12.300999641418457
1266,2.7100000381469727,4.695000171661377,12.086999893188477
1269,3.313999891281128,5.695000171661377,-12.375
1272,2.316999912261963,5.072999954223633,-9.852999687194824
1275,-0.36399999260902405,6.046999931335449,-9.928999900817871
1278,6.124000072479248,9.333999633789063,-12.460000038146973
1281,7.730000019073486,8.84000015258789,12.284000396728516
1284,7.260000228881836,8.861000061035156,-10.14799976348877
1287,6.24399995803833,5.413000106811523,-12.85099983215332
1290,8.001999855041504,6.205999851226807,12.208999633789063
1293,7.098999977111816,6.074999809265137,-9.944999694824219
