0,0.20499999821186066,0.5519999861717224,4.933000087738037
3,6.1529998779296875,11.013999938964844,11.97700023651123
6,6.73799991607666,0.44200000166893005,-8.503000259399414
9,11.038000106811523,12.156999588012695,5.480999946594238
12,-4.322000026702881,-6.6570000648498535,13.048999786376953
15,6.236000061035156,8.986000061035156,8.07800006866455
18,2.2829999923706055,8.539999961853027,5.138000011444092
21,3.434999942779541,7.5370001792907715,8.39799976348877
24,6.978000164031982,9.562999725341797,5.465000152587891
27,7.478000164031982,-7.498000144958496,-11.64799976348877
30,9.470000267028809,9.072999954223633,9.71500015258789
33,4.434999942779541,10.404000282287598,5.389999866485596
36,9.182999610900879,-6.414000034332275,8.1850004196167
39,-10.380999565124512,-4.8979997634887695,9.390000343322754
42,-1.531999945640564,-8.173999786376953,2.861999988555908
45,12.519000053405762,-5.603000164031982,5.8520002365112305
48,-0.9200000166893005,-9.295999526977539,8.451000213623047
51,11.083999633789063,-7.855999946594238,6.984000205993652
54,-2.3510000705718994,4.0370001792907715,10.939000129699707
57,-7.817999839782715,10.715999603271484,2.1679999828338623
60,-8.5600004196167,-5.872000217437744,5.479000091552734
63,6.296999931335449,5.631999969482422,8.817000389099121
66,-1.565000057220459,12.980999946594238,13.381999969482422
69,-4.4019999504089355,-8.069000244140625,7.879000186920166
72,0.4390000104904175,12.138999938964844,-11.854000091552734
75,4.702000141143799,2.0769999027252197,5.296000003814697
78,-5.164000034332275,3.5910000801086426,-0.8730000257492065
81,-8.206000328063965,-0.9490000009536743,5.125999927520752
84,0.2980000078678131,11.803000450134277,6.520999908447266
87,-5.841000080108643,7.807000160217285,8.019000053405762
90,9.88599967956543,11.864999771118164,-10.5
93,-7.2170000076293945,-7.935999870300293,7.265999794006348
96,6.5279998779296875,-6.318999767303467,-2.6449999809265137
99,4.935999870300293,-8.121999740600586,4.604000091552734
102,5.896999835968018,12.62600040435791,-11.807000160217285
105,2.885999917984009,-9.774999618530273,6.578000068664551
108,3.0920000076293945,-0.4819999933242798,10.741000175476074
111,-9.835000038146973,-2.763000011444092,11.53499984741211
114,-0.1979999989271164,-7.181000232696533,12.267000198364258
117,3.2239999771118164,10.121000289916992,-9.772000312805176
120,9.654000282287598,-5.7779998779296875,3.63100004196167
123,5.966000080108643,-4.431000232696533,4.058000087738037
126,-9.595000267028809,-6.885000228881836,0.6859999895095825
129,-0.34200000762939453,11.270999908447266,-2.549999952316284
132,-3.013000011444092,-5.245999813079834,1.503999948501587
135,-7.090000152587891,-8.114999771118164,3.874000072479248
138,-5.690000057220459,-8.866999626159668,1.3380000591278076
141,10.041000366210938,-4.01800012588501,7.135000228881836
144,7.25600004196167,12.987000465393066,10.352999687194824
147,11.954999923706055,-4.238999843597412,3.503999948501587
150,-3.0820000171661377,8.78499984741211,-5.675000190734863
153,-10.263999938964844,4.388999938964844,1.180999994277954
156,-9.416999816894531,-9.218000411987305,2.114000082015991
159,9.105999946594238,-8.355999946594238,2.490000009536743
162,-5.940999984741211,1.6399999856948853,1.5809999704360962
165,-6.048999786376953,-0.12999999523162842,-2.1489999294281006
168,-1.9919999837875366,-2.124000072479248,-3.5250000953674316
171,-2.243000030517578,-3.8269999027252197,9.272000312805176
174,-2.1570000648498535,6.438000202178955,3.2939999103546143
177,-11.107999801635742,-2.8610000610351563,6.863999843597412
180,-4.445000171661377,-7.636000156402588,4.366000175476074
183,1.187999963760376,-7.953000068664551,-6.126999855041504
186,-2.135999917984009,4.604000091552734,-3.2669999599456787
189,-2.2249999046325684,-5.135000228881836,4.125
192,-2.178999900817871,-4.806000232696533,-4.560999870300293
195,-5.052999973297119,9.060999870300293,-0.4560000002384186
198,1.590999960899353,-4.943999767303467,-3.257999897003174
201,-1.5010000467300415,-7.485000133514404,5.745999813079834
204,-0.3400000035762787,11.70199966430664,3.4760000705718994
207,-10.020999908447266,6.208000183105469,5.705999851226807
210,5.544000148773193,2.4010000228881836,2.634999990463257
213,5.0289998054504395,0.8989999890327454,13.567000389099121
216,0.1889999955892563,-6.635000228881836,1.4320000410079956
219,-8.022000312805176,-8.4350004196167,-1.434999942779541
222,11.677000045776367,-3.2239999771118164,-7.581999778747559
225,-5.125999927520752,-6.708000183105469,-0.019999999552965164
228,-2.6640000343322754,-8.472999572753906,0.35199999809265137
231,8.267999649047852,-7.363999843597412,-0.0949999988079071
234,7.426000118255615,-5.39300012588501,1.7289999723434448
237,-7.413000106811523,-9.640999794006348,-5.133999824523926
240,11.810999870300293,8.215999603271484,4.401000022888184
243,-8.623000144958496,11.107999801635742,-2.2860000133514404
246,9.895000457763672,12.508999824523926,-2.367000102996826
249,11.255000114440918,-6.247000217437744,-4.839000225067139
252,4.888000011444092,2.4030001163482666,-8.166000366210938
255,11.73799991607666,-2.496999979019165,-5.0329999923706055
258,-4.03000020980835,-1.6069999933242798,-9.571000099182129
261,-5.53000020980835,-7.296999931335449,-4.550000190734863
264,-0.6190000176429749,-4.0,0.8740000128746033
267,-8.109999656677246,-1.1269999742507935,-6.882999897003174
270,8.222999572753906,8.335000038146973,-6.339000225067139
273,11.812999725341797,11.008000373840332,-8.604999542236328
276,9.883999824523926,-5.994999885559082,-12.267999649047852
279,-6.198999881744385,-8.710000038146973,12.270999908447266
282,-6.61899995803833,-2.752000093460083,-8.706000328063965
285,-10.45199966430664,11.595000267028809,13.793000221252441
288,-8.70300006866455,-1.9129999876022339,-3.947999954223633
291,-1.5750000476837158,-6.432000160217285,-2.5320000648498535
294,4.590000152587891,-9.204999923706055,-9.515999794006348
297,9.876999855041504,-7.314000129699707,-2.3949999809265137
300,8.234999656677246,-3.1549999713897705,-3.183000087738037
303,-4.810999870300293,-4.751999855041504,-5.099999904632568
306,8.635000228881836,-5.673999786376953,-4.355000019073486
309,5.086999893188477,-1.3040000200271606,-7.0229997634887695
312,3.88700008392334,-7.379000186920166,-4.730999946594238
315,6.86899995803833,11.793999671936035,-8.553000450134277
318,5.552000045776367,-8.854000091552734,-3.1459999084472656
321,-2.255000114440918,-4.053999900817871,-9.236000061035156
324,3.3949999809265137,-5.447000026702881,13.824000358581543
327,5.836999893188477,7.334000110626221,12.920999526977539
330,8.605999946594238,-5.855000019073486,-7.195000171661377
333,1.5169999599456787,-9.109999656677246,12.288999557495117
336,8.12600040435791,12.628000259399414,13.467000007629395
339,10.53499984741211,11.508000373840332,-13.166999816894531
342,6.6479997634887695,-7.22599983215332,-8.852999687194824
345,-3.4030001163482666,-2.6440000534057617,11.62600040435791
348,-9.378000259399414,-3.2760000228881836,-8.876999855041504
351,-4.815999984741211,1.3589999675750732,14.538999557495117
354,-8.913999557495117,-9.444000244140625,11.949000358581543
357,9.928999900817871,-8.730999946594238,11.722000122070313
360,-10.416000366210938,-8.907999992370605,8.395000457763672
363,2.825000047683716,-9.062999725341797,9.706000328063965
366,-7.211999893188477,-7.290999889373779,10.045999526977539
369,-10.006999969482422,-7.383999824523926,10.64799976348877
372,4.140999794006348,12.36299991607666,13.102999687194824
375,-9.23900032043457,8.449999809265137,9.208000183105469
378,-0.6850000023841858,-5.998000144958496,-10.718000411987305
381,8.303999900817871,8.878000259399414,-10.536999702453613
384,-4.118000030517578,-5.664000034332275,-7.829999923706055
387,-1.152999997138977,-6.354000091552734,9.520999908447266
390,-2.7019999027252197,-7.421000003814697,-11.930000305175781
393,-2.119999885559082,-7.284999847412109,-8.64799976348877
396,2.640000104904175,8.833000183105469,12.76200008392334
399,-3.2230000495910645,11.045000076293945,12.501999855041504
402,-3.8949999809265137,-7.127999782562256,10.503999710083008
405,4.886000156402588,-5.973999977111816,-7.044000148773193
408,-5.715000152587891,-4.5970001220703125,11.024999618530273
411,-6.685999870300293,-5.386000156402588,13.616999626159668
414,-0.019999999552965164,5.053999900817871,-12.413999557495117
417,2.812000036239624,-1.2589999437332153,-12.994999885559082
420,-0.6119999885559082,1.9160000085830688,-11.069000244140625
423,9.548999786376953,-1.0449999570846558,11.817000389099121
426,4.677999973297119,-1.8109999895095825,6.609000205993652
429,6.065000057220459,9.048999786376953,-7.760000228881836
432,8.800999641418457,-6.060999870300293,10.96500015258789
435,11.854000091552734,2.746999979019165,14.020999908447266
438,-4.500999927520752,-1.3279999494552612,8.659000396728516
441,-5.026000022888184,4.091000080108643,-10.567999839782715
444,-8.276000022888184,0.004999999888241291,7.741000175476074
447,8.675000190734863,5.540999889373779,-10.246000289916992
450,4.494999885559082,-2.7869999408721924,10.663999557495117
453,3.5329999923706055,-6.691999912261963,8.904999732971191
456,7.730999946594238,-6.310999870300293,5.590000152587891
459,-9.107000350952148,5.729000091552734,11.434000015258789
462,11.904000282287598,-0.9629999995231628,10.385000228881836
465,5.736999988555908,-0.8500000238418579,9.092000007629395
468,-4.677000045776367,1.1920000314712524,7.059999942779541
471,-10.12399959564209,3.6010000705718994,9.753000259399414
474,-2.8510000705718994,-1.5260000228881836,6.269000053405762
477,-2.256999969482422,8.961999893188477,6.816999912261963
480,-3.4709999561309814,-0.07900000363588333,12.565999984741211
483,-6.085999965667725,7.479000091552734,-12.20300006866455
486,-7.927999973297119,0.7200000286102295,12.588000297546387
489,-7.006999969482422,-0.4410000145435333,-12.008000373840332
492,2.734999895095825,1.0859999656677246,2.703000068664551
495,-2.628999948501587,5.085000038146973,13.54699993133545
498,-10.449000358581543,-2.1710000038146973,-12.40999984741211
501,11.019000053405762,-5.74399995803833,-8.765000343322754
504,-0.5580000281333923,4.525000095367432,2.440000057220459
507,0.7170000076293945,2.6530001163482666,13.404999732971191
510,9.902000427246094,3.2300000190734863,7.1620001792907715
513,2.013000011444092,-0.6669999957084656,6.743000030517578
516,0.906000018119812,-1.3539999723434448,12.156000137329102
519,7.4670000076293945,2.746000051498413,8.65999984741211
522,-0.8939999938011169,-0.28299999237060547,9.512999534606934
525,-6.864999771118164,3.0510001182556152,6.730000019073486
528,-5.478000164031982,-2.884999990463257,1.8320000171661377
531,-6.811999797821045,12.11400032043457,5.802999973297119
534,-7.982999801635742,-2.0739998817443848,9.5649995803833
537,2.502000093460083,-4.9679999351501465,10.708000183105469
540,1.0759999752044678,-3.1570000648498535,-1.2280000448226929
543,6.057000160217285,-9.20199966430664,0.7089999914169312
546,7.3429999351501465,6.056000232696533,-1.559000015258789
549,5.355000019073486,-0.35199999809265137,2.0989999771118164
552,3.5920000076293945,-4.285999774932861,5.375999927520752
555,7.605000019073486,0.5659999847412109,12.887999534606934
558,-9.777999877929688,9.140999794006348,0.9369999766349792
561,-9.229000091552734,-5.324999809265137,2.7109999656677246
564,8.5649995803833,1.8760000467300415,-5.809999942779541
567,1.465999960899353,-1.128999948501587,-2.878999948501587
570,12.576000213623047,-0.31299999356269836,4.958000183105469
573,10.012999534606934,-0.3019999861717224,7.9679999351501465
576,-7.696000099182129,-4.047999858856201,0.44200000166893005
579,-6.7220001220703125,-6.209000110626221,-2.11899995803833
582,-7.013000011444092,-1.3380000591278076,0.28600001335144043
585,-6.080999851226807,-0.46000000834465027,3.380000114440918
588,-2.7709999084472656,0.4620000123977661,2.239000082015991
591,10.753000259399414,10.560999870300293,7.625999927520752
594,-9.711000442504883,7.072000026702881,-2.174999952316284
597,12.130000114440918,0.9919999837875366,-1.4570000171661377
600,-2.171999931335449,-1.9140000343322754,0.7639999985694885
603,-3.069000005722046,-5.59499979019165,6.698999881744385
606,-2.2730000019073486,3.944000005722046,-0.5199999809265137
609,-6.429999828338623,5.638000011444092,0.6970000267028809
612,-3.4709999561309814,3.0139999389648438,2.9070000648498535
615,-0.652999997138977,0.5740000009536743,-3.809999942779541
618,-2.388000011444092,6.826000213623047,-0.9309999942779541
621,0.3630000054836273,-2.450000047683716,8.17300033569336
624,3.881999969482422,4.738999843597412,5.076000213623047
627,-3.9560000896453857,9.6850004196167,9.029999732971191
630,7.059999942779541,6.375999927520752,6.303999900817871
633,-3.750999927520752,5.3420000076293945,1.4190000295639038
636,4.923999786376953,4.706999778747559,1.3329999446868896
639,3.365999937057495,-1.2410000562667847,-9.446000099182129
642,-0.07400000095367432,2.4509999752044678,9.744000434875488
645,3.313999891281128,-6.797999858856201,6.315999984741211
648,3.7079999446868896,-0.29499998688697815,-0.020999999716877937
651,-8.78600025177002,-7.495999813079834,-4.244999885559082
654,-10.875,8.057999610900879,12.57800006866455
657,10.718999862670898,-1.7929999828338623,3.2790000438690186
660,-8.217000007629395,1.2860000133514404,0.15700000524520874
663,7.526000022888184,-3.2860000133514404,-0.019999999552965164
666,5.215000152587891,-2.3380000591278076,-1.5609999895095825
669,-11.121999740600586,-6.017000198364258,-1.5160000324249268
672,0.3930000066757202,5.374000072479248,-8.291999816894531
675,-10.604999542236328,-0.9819999933242798,1.0870000123977661
678,10.003000259399414,-2.2920000553131104,0.5989999771118164
681,1.2350000143051147,-0.6010000109672546,1.0269999504089355
684,-7.510000228881836,9.640000343322754,-9.348999977111816
687,-8.515999794006348,4.296999931335449,-8.206999778747559
690,-7.114999771118164,1.5099999904632568,-7.0229997634887695
693,-9.097999572753906,2.428999900817871,-1.968999981880188
696,-8.177000045776367,9.057000160217285,-4.205999851226807
699,-3.575000047683716,6.4710001945495605,-4.5370001792907715
702,-10.015999794006348,-4.771999835968018,-4.638999938964844
705,10.77400016784668,-0.023000000044703484,-6.017000198364258
708,-9.815999984741211,2.056999921798706,-6.40500020980835
711,-10.819999694824219,-2.0820000171661377,-2.257999897003174
714,-3.490999937057495,-0.9800000190734863,-1.6510000228881836
717,-8.223999977111816,-3.364000082015991,6.181000232696533
720,3.6519999504089355,0.8489999771118164,-2.5429999828338623
723,0.7879999876022339,2.5490000247955322,-5.191999912261963
726,-0.1940000057220459,8.90999984741211,-6.479000091552734
729,0.43799999356269836,1.5859999656677246,-7.810999870300293
732,6.610000133514404,-1.7079999446868896,4.415999889373779
735,2.809999942779541,3.247999906539917,-3.615000009536743
738,-1.0989999771118164,-3.7070000171661377,6.192999839782715
741,-5.611000061035156,1.496999979019165,-4.480999946594238
744,2.5239999294281006,10.522000312805176,-12.274999618530273
747,7.821000099182129,2.878000020980835,-10.532999992370605
750,2.743000030517578,-4.895999908447266,1.0140000581741333
753,2.312999963760376,2.124000072479248,6.756999969482422
756,6.02400016784668,-6.461999893188477,13.335000038146973
759,9.597000122070313,2.3329999446868896,-8.33899974822998
762,11.5600004196167,3.8519999980926514,-6.914000034332275
765,11.003999710083008,-2.9149999618530273,13.159000396728516
768,3.065999984741211,3.865999937057495,-12.534000396728516
771,1.1130000352859497,6.683000087738037,-10.729000091552734
774,-6.504000186920166,5.0960001945495605,11.70199966430664
777,-10.621000289916992,-0.4909999966621399,-7.645999908447266
780,-5.388999938964844,2.8429999351501465,10.486000061035156
783,-1.2610000371932983,-4.620999813079834,12.74899959564209
786,-1.5549999475479126,6.303999900817871,-6.599999904632568
789,9.001999855041504,-2.742000102996826,-7.14300012588501
792,-6.0970001220703125,-0.5090000033378601,10.791000366210938
795,-1.0460000038146973,3.6080000400543213,7.285999774932861
798,6.806000232696533,-3.9630000591278076,11.845999717712402
801,12.199000358581543,-5.114999771118164,-11.359999656677246
804,12.508000373840332,-3.749000072479248,-0.11999999731779099
807,9.175000190734863,2.367000102996826,-12.831999778747559
810,-3.122999906539917,4.947000026702881,-8.262999534606934
813,-2.8399999141693115,11.892999649047852,-11.53600025177002
816,2.615999937057495,2.5950000286102295,-9.515000343322754
819,6.991000175476074,13.312000274658203,6.071000099182129
822,-0.9959999918937683,-0.3700000047683716,-12.982000350952148
825,-7.484000205993652,1.3769999742507935,-9.8149995803833
828,-0.9369999766349792,-2.9549999237060547,-11.975000381469727
831,1.7640000581741333,-7.22599983215332,-8.642999649047852
834,0.4269999861717224,-6.796999931335449,7.474999904632568
837,3.5929999351501465,-3.691999912261963,-5.992000102996826
840,1.184000015258789,-2.9019999504089355,-5.01800012588501
843,-3.8529999256134033,1.4160000085830688,-10.041999816894531
846,0.7960000038146973,-0.6800000071525574,-9.159000396728516
849,2.1610000133514404,-4.3979997634887695,-9.187999725341797
852,-2.430000066757202,2.252000093460083,-7.88700008392334
855,0.07900000363588333,-3.7790000438690186,10.602999687194824
858,10.63599967956543,-4.183000087738037,10.229000091552734
861,-0.328000009059906,-2.9690001010894775,-7.519000053405762
864,-8.64900016784668,8.781999588012695,-12.722999572753906
867,9.512999534606934,5.921999931335449,0.335999995470047
870,1.8240000009536743,9.378000259399414,2.553999900817871
873,-8.03600025177002,1.8240000009536743,9.810999870300293
876,12.220999717712402,5.054999828338623,7.857999801635742
879,-5.0229997634887695,-9.102999687194824,-12.571000099182129
882,3.875,2.1659998893737793,11.428999900817871
885,4.821000099182129,7.215000152587891,4.9629998207092285
888,-10.392000198364258,1.1339999437332153,11.517999649047852
891,8.355999946594238,11.74899959564209,4.315999984741211
894,-10.081000328063965,9.791999816894531,-10.710000038146973
897,11.972999572753906,-0.531000018119812,-10.362000465393066
900,-7.192999839782715,8.482000350952148,3.8919999599456787
903,11.444000244140625,12.963000297546387,2.947999954223633
906,-6.931000232696533,-3.9579999446868896,-3.805999994277954
909,-2.7149999141693115,10.520000457763672,4.507999897003174
912,1.621000051498413,11.835000038146973,1.4570000171661377
915,-4.076000213623047,12.447999954223633,5.815999984741211
918,11.24899959564209,7.504000186920166,8.277999877929688
921,-1.3799999952316284,2.7939999103546143,4.752999782562256
924,12.029999732971191,1.50600004196167,7.164000034332275
927,3.4700000286102295,7.163000106811523,1.5329999923706055
930,3.7060000896453857,-3.328000068664551,-11.329999923706055
933,7.857999801635742,6.958000183105469,10.850000381469727
936,5.480000019073486,8.961999893188477,2.88700008392334
939,4.385000228881836,7.2179999351501465,-0.9520000219345093
942,10.470000267028809,11.666999816894531,0.27900001406669617
945,4.314000129699707,11.918999671936035,2.575000047683716
948,0.9020000100135803,6.309000015258789,9.781999588012695
951,4.828000068664551,8.446000099182129,-3.26200008392334
954,-3.239000082015991,1.434999942779541,9.267999649047852
957,-3.4019999504089355,6.4079999923706055,6.5
960,7.427000045776367,8.10200023651123,0.11800000071525574
963,0.7979999780654907,5.328000068664551,6.257999897003174
966,-7.8470001220703125,-3.0360000133514404,-12.553000450134277
969,-2.0959999561309814,4.445000171661377,-10.678000450134277
972,11.194999694824219,1.753999948501587,-4.080999851226807
975,3.8489999771118164,-7.306000232696533,0.5220000147819519
978,0.05400000140070915,-9.208000183105469,-0.4129999876022339
981,0.45399999618530273,4.790999889373779,-2.3420000076293945
984,0.3889999985694885,6.671000003814697,-0.414000004529953
987,12.052000045776367,6.798999786376953,0.871999979019165
990,-2.687000036239624,9.727999687194824,-1.9639999866485596
993,-7.046000003814697,3.871000051498413,-2.7330000400543213
996,12.288000106811523,11.550999641418457,-3.0460000038146973
999,-4.750999927520752,11.258000373840332,-2.9170000553131104
1002,9.406999588012695,8.045000076293945,6.132999897003174
1005,9.206000328063965,-1.652999997138977,5.563000202178955
1008,-7.644000053405762,5.633999824523926,3.1640000343322754
1011,4.954999923706055,4.711999893188477,-6.546999931335449
1014,-2.188999891281128,1.3029999732971191,-0.9660000205039978
1017,-4.567999839782715,4.190000057220459,5.166999816894531
1020,-10.652000427246094,1.7259999513626099,1.1339999437332153
1023,7.816999912261963,12.121999740600586,-4.114999771118164
1026,1.38100004196167,11.902999877929688,-5.491000175476074
1029,-5.204999923706055,10.88700008392334,1.6979999542236328
1032,-4.415999889373779,8.538000106811523,3.319000005722046
1035,-6.311999797821045,-3.75600004196167,8.413000106811523
1038,1.3680000305175781,9.53499984741211,-1.2050000429153442
1041,-8.989999771118164,3.6089999675750732,4.828000068664551
1044,-7.676000118255615,7.886000156402588,-0.5910000205039978
1047,-0.5149999856948853,1.6319999694824219,1.3940000534057617
1050,-4.751999855041504,9.979000091552734,-7.885000228881836
1053,1.812999963760376,3.190000057220459,4.089000225067139
1056,-8.204999923706055,7.828000068664551,6.816999912261963
1059,-10.305000305175781,4.59499979019165,-3.502000093460083
1062,0.9190000295639038,-7.716000080108643,-2.378000020980835
1065,-5.751999855041504,8.14900016784668,-3.0739998817443848
1068,9.276000022888184,12.437999725341797,-6.497000217437744
1071,2.0429999828338623,4.61899995803833,1.430999994277954
1074,3.8399999141693115,10.329999923706055,-0.19900000095367432
1077,7.651000022888184,10.76200008392334,0.13099999725818634
1080,5.421999931335449,6.039000034332275,-4.306000232696533
1083,6.173999786376953,5.501999855041504,-8.807000160217285
1086,12.253000259399414,6.065000057220459,-8.498000144958496
1089,11.70300006866455,-8.451000213623047,-8.180999755859375
1092,11.310999870300293,9.666000366210938,2.003999948501587
1095,-6.433000087738037,-6.999000072479248,-7.160999774932861
1098,5.875999927520752,2.322999954223633,-4.794000148773193
1101,2.1040000915527344,4.790999889373779,-6.091000080108643
1104,11.402999877929688,5.885000228881836,-11.37399959564209
1107,7.169000148773193,10.027999877929688,-2.48799991607666
1110,8.428999900817871,6.76200008392334,-4.040999889373779
1113,4.939000129699707,4.334000110626221,-1.4490000009536743
1116,11.630000114440918,-6.723999977111816,12.61299991607666
1119,10.484000205993652,9.899999618530273,-6.189000129699707
1122,-8.696999549865723,-5.578999996185303,-11.33899974822998
1125,-6.340000152587891,5.7779998779296875,-4.6579999923706055
1128,3.7119998931884766,11.90999984741211,-7.150000095367432
1131,-3.825000047683716,-9.593999862670898,-5.072999954223633
1134,3.4709999561309814,5.263000011444092,-9.63700008392334
1137,-7.40500020980835,10.269000053405762,-6.553999900817871
1140,-1.4329999685287476,11.375,-5.053999900817871
1143,1.8530000448226929,7.453000068664551,-5.76800012588501
1146,5.363999843597412,2.687000036239624,-11.418999671936035
1149,-0.800000011920929,-5.914000034332275,-6.591000080108643
1152,2.49399995803833,9.772000312805176,-4.166999816894531
1155,2.690000057220459,-7.931000232696533,-11.151000022888184
1158,3.88700008392334,10.845000267028809,9.282999992370605
1161,0.10700000077486038,10.630000114440918,-8.717000007629395
1164,3.1470000743865967,-2.9040000438690186,2.888000011444092
1167,4.50600004196167,-4.573999881744385,-3.313999891281128
1170,-2.621999979019165,2.0380001068115234,-5.260000228881836
1173,-1.7039999961853027,8.49899959564209,9.696999549865723
1176,-0.15199999511241913,11.380000114440918,11.142000198364258
1179,3.6059999465942383,7.699999809265137,-8.182999610900879
1182,10.998000144958496,5.646999835968018,-4.958000183105469
1185,9.378000259399414,-0.23800000548362732,-9.289999961853027
1188,6.284999847412109,11.595000267028809,8.295999526977539
1191,7.440000057220459,3.486999988555908,5.7220001220703125
1194,3.7799999713897705,7.182000160217285,-12.342000007629395
1197,-9.774999618530273,11.534000396728516,6.13700008392334
1200,11.468999862670898,2.2119998931884766,-10.368000030517578
1203,7.988999843597412,-2.3450000286102295,10.038999557495117
1206,5.644999980926514,-6.940999984741211,10.618000030517578
1209,-3.1429998874664307,12.086000442504883,10.057999610900879
1212,-7.353000164031982,10.701000213623047,11.996999740600586
1215,-1.1069999933242798,9.604000091552734,13.571999549865723
1218,-7.539999961853027,-5.197999954223633,-8.833999633789063
1221,6.3379998207092285,7.276000022888184,-11.3100004196167
1224,-5.493000030517578,7.570000171661377,-9.427000045776367
1227,9.592000007629395,7.567999839782715,-8.590999603271484
1230,-10.130999565124512,4.836999893188477,-13.151000022888184
1233,-5.776000022888184,7.739999771118164,10.744999885559082
1236,-10.666999816894531,7.914999961853027,-5.931000232696533
1239,7.336999893188477,-1.812999963760376,-5.308000087738037
1242,-5.61899995803833,11.77400016784668,-10.039999961853027
1245,1.2070000171661377,10.055000305175781,8.786999702453613
1248,0.0820000022649765,7.883999824523926,11.944000244140625
1251,-4.432000160217285,-8.770999908447266,-8.185999870300293
1254,-1.0640000104904175,-9.633999824523926,-9.722000122070313
1257,11.460000038146973,12.088000297546387,9.913000106811523
1260,-5.3520002365112305,9.79699993133545,13.656999588012695
1263,-1.5579999685287476,5.631999969482422,8.918000221252441
1266,0.34599998593330383,8.008999824523926,7.060999870300293
1269,6.136000156402588,-0.2849999964237213,-3.4189999103546143
1272,-5.239999771118164,5.071000099182129,-13.036999702453613
1275,-6.105999946594238,5.482999801635742,-7.441999912261963
1278,2.4670000076293945,3.9860000610351563,9.248000144958496
1281,10.758999824523926,9.897000312805176,11.847999572753906
1284,7.508999824523926,4.935999870300293,12.753000259399414
1287,4.425000190734863,8.722999572753906,10.826000213623047
1290,6.942999839782715,2.7260000705718994,11.38599967956543
1293,-0.03799999877810478,9.111000061035156,-11.15999984741211
