0,7.461999893188477,-3.0889999866485596,7.616000175476074
3,11.435999870300293,-6.941999912261963,7.85099983215332
6,10.550999641418457,-5.238999843597412,5.755000114440918
9,-7.593999862670898,-6.017000198364258,7.130000114440918
12,-8.23900032043457,-5.617000102996826,10.123000144958496
15,-10.954000473022461,-4.965000152587891,9.711000442504883
18,10.37399959564209,11.105999946594238,7.132999897003174
21,-9.722000122070313,-8.79699993133545,7.459000110626221
24,-10.890000343322754,11.803000450134277,5.736000061035156
27,-8.043999671936035,-8.08899974822998,5.36899995803833
30,-8.137999534606934,-9.232999801635742,9.593000411987305
33,9.571000099182129,-9.088000297546387,8.557000160217285
36,-3.6689999103546143,-5.047999858856201,7.666999816894531
39,-8.517999649047852,-4.0320000648498535,5.406000137329102
42,-2.059000015258789,-5.269999980926514,5.314000129699707
45,-0.16300000250339508,-5.86899995803833,7.313000202178955
48,-0.19300000369548798,-4.867000102996826,9.946000099182129
51,-3.4159998893737793,-5.800000190734863,10.520999908447266
54,-5.567999839782715,-9.529000282287598,8.916999816894531
57,-5.218999862670898,-7.401000022888184,7.211999893188477
60,-4.96999979019165,-9.118000030517578,5.064000129699707
63,0.8059999942779541,-8.270999908447266,7.793000221252441
66,-0.6150000095367432,-8.897000312805176,10.069000244140625
69,-3.2660000324249268,-8.555000305175781,10.633999824523926
72,3.2009999752044678,-5.263000011444092,7.644999980926514
75,1.4900000095367432,-5.830999851226807,5.035999774932861
78,4.125999927520752,-5.013000011444092,4.830999851226807
81,6.105999946594238,-7.164999961853027,6.830999851226807
84,6.164999961853027,-3.4739999771118164,9.916999816894531
87,3.7920000553131104,-5.26200008392334,10.307999610900879
90,3.4170000553131104,-9.140000343322754,7.992000102996826
93,0.7730000019073486,-8.630999565124512,5.015999794006348
96,4.126999855041504,-7.813000202178955,3.4119999408721924
99,4.765999794006348,-9.159000396728516,5.664000034332275
102,6.60699987411499,-9.305000305175781,9.008000373840332
105,4.482999801635742,-7.9120001792907715,10.109999656677246
108,7.955999851226807,-4.732999801635742,-1.4730000495910645
111,8.998000144958496,-5.788000106811523,0.9980000257492065
114,7.966000080108643,-5.1519999504089355,5.973999977111816
117,8.154000282287598,-8.947999954223633,-1.375
120,8.994999885559082,-8.48900032043457,1.2769999504089355
123,7.066999912261963,-8.22700023651123,3.0739998817443848
126,11.503000259399414,-4.744999885559082,0.8899999856948853
129,-10.694999694824219,-5.611000061035156,-1.069000005722046
132,-7.922999858856201,-5.145999908447266,-1.3109999895095825
135,-6.866000175476074,-5.7729997634887695,1.2070000171661377
138,-9.187999725341797,-4.375999927520752,2.7219998836517334
141,12.1899995803833,-5.839000225067139,3.4489998817443848
144,11.904000282287598,-9.163000106811523,1.621000051498413
147,-10.78499984741211,-8.89799976348877,-0.9120000004768372
150,-7.929999828338623,12.697999954223633,-1.5269999504089355
153,-7.421000003814697,-8.315999984741211,0.8159999847412109
156,-6.974999904632568,-9.314000129699707,3.240999937057495
159,-10.633999824523926,-8.378999710083008,4.079999923706055
162,-4.295000076293945,-4.573999881744385,0.656000018119812
165,-2.492000102996826,-5.619999885559082,-1.059000015258789
168,-0.010999999940395355,-4.544000148773193,-1.5520000457763672
171,0.984000027179718,-5.48799991607666,1.0570000410079956
174,-0.3109999895095825,-4.591000080108643,3.247999906539917
177,-4.057000160217285,-4.882999897003174,3.4630000591278076
180,-4.474999904632568,-9.210000038146973,0.8669999837875366
183,-2.428999900817871,-8.619999885559082,-0.859000027179718
186,0.028999999165534973,-9.383999824523926,-1.6540000438690186
189,0.8659999966621399,-8.513999938964844,0.828000009059906
192,-0.9120000004768372,-9.034000396728516,2.9690001010894775
195,-3.492000102996826,-7.761000156402588,3.180999994277954
198,3.3469998836517334,-4.751999855041504,-0.07400000095367432
201,5.2829999923706055,-6.1539998054504395,-1.7209999561309814
204,5.165999889373779,-4.326000213623047,2.127000093460083
207,3.7160000801086426,-8.82699966430664,0.7039999961853027
210,5.297999858856201,-8.760000228881836,-1.406999945640564
213,7.314000129699707,-5.580999851226807,3.2330000400543213
216,8.918999671936035,-4.480999946594238,-6.053999900817871
219,10.571999549865723,-5.534999847412109,-7.89300012588501
222,-10.513999938964844,-4.636000156402588,-7.8520002365112305
225,-9.821999549865723,-5.684999942779541,-5.535999774932861
228,12.163999557495117,-4.368000030517578,-3.427000045776367
231,9.630000114440918,-5.46999979019165,-3.4539999961853027
234,8.875,-9.038000106811523,-6.181000232696533
237,10.98900032043457,-8.255000114440918,-7.839000225067139
240,-10.116000175476074,-9.331000328063965,-8.303000450134277
243,-9.635000228881836,-8.592000007629395,-5.544000148773193
246,12.307999610900879,-9.253000259399414,-3.4600000381469727
249,9.550000190734863,-8.213000297546387,-3.677999973297119
252,-6.85099983215332,-4.757999897003174,-6.133999824523926
255,-4.88100004196167,-5.605000019073486,-7.75
258,-2.367000102996826,-4.822999954223633,-8.35200023651123
261,-1.7209999561309814,-5.744999885559082,-5.688000202178955
264,-3.6389999389648438,-4.978000164031982,-3.759999990463257
267,-6.416999816894531,-5.692999839782715,-3.5380001068115234
270,-7.007999897003174,-9.277999877929688,-5.953999996185303
273,-5.2179999351501465,-8.531999588012695,-8.121000289916992
276,-2.561000108718872,-9.376999855041504,-8.140000343322754
279,-1.7239999771118164,-8.642000198364258,-5.4079999923706055
282,-3.5439999103546143,-9.423999786376953,-3.3550000190734863
285,-6.074999809265137,-8.402000427246094,-3.2149999141693115
288,1.0520000457763672,-4.914000034332275,-5.915999889373779
291,2.871999979019165,-6.090000152587891,-7.8379998207092285
294,5.214000225067139,-4.750999927520752,-8.390999794006348
297,6.370999813079834,-5.586999893188477,-5.914000034332275
300,4.627999782562256,-4.629000186920166,-3.8519999980926514
303,1.9450000524520874,-5.534999847412109,-3.4030001163482666
306,0.7929999828338623,-9.098999977111816,-6.111000061035156
309,2.7130000591278076,-8.78499984741211,-8.067999839782715
312,5.367000102996826,-9.154000282287598,-8.67199993133545
315,6.164999961853027,-8.279999732971191,-6.064000129699707
318,4.455999851226807,-8.791999816894531,-4.050000190734863
321,1.680999994277954,-8.368000030517578,-3.515000104904175
324,11.545000076293945,-4.198999881744385,12.317000389099121
327,11.854999542236328,-5.314000129699707,-12.300999641418457
330,9.82699966430664,-4.607999801635742,-10.524999618530273
333,9.911999702453613,-8.571000099182129,11.928000450134277
336,11.562000274658203,-8.27299976348877,-12.244000434875488
339,10.125,-9.560999870300293,-9.994999885559082
342,-9.027999877929688,-4.934000015258789,-12.432000160217285
345,-7.396999835968018,-6.116000175476074,12.699999809265137
348,-4.9039998054504395,-4.666999816894531,12.680999755859375
351,-3.869999885559082,-5.739999771118164,-12.067999839782715
354,-5.690999984741211,-4.7230000495910645,-10.29800033569336
357,-8.361000061035156,-5.709000110626221,-9.836000442504883
360,-9.468000411987305,-9.630999565124512,-12.824999809265137
363,-7.447000026702881,-8.729000091552734,12.463000297546387
366,-5.011000156402588,12.668000221252441,12.503000259399414
369,-4.136000156402588,-8.477999687194824,-12.45300006866455
372,-6.006999969482422,-9.369000434875488,-10.855999946594238
375,-8.748000144958496,-8.321999549865723,-10.48799991607666
378,-1.4160000085830688,-4.756999969482422,-12.45199966430664
381,-0.11999999731779099,-5.843999862670898,12.529999732971191
384,2.3450000286102295,-4.552999973297119,12.600000381469727
387,3.6610000133514404,-5.671999931335449,-12.17300033569336
390,2.131999969482422,-4.514999866485596,-9.996999740600586
393,-0.3790000081062317,-5.791999816894531,-9.932000160217285
396,-1.2669999599456787,-9.442999839782715,-12.381999969482422
399,-0.010999999940395355,-8.454999923706055,12.612000465393066
402,2.6440000534057617,-8.885000228881836,11.895999908447266
405,3.4189999103546143,-8.404000282287598,-12.763999938964844
408,1.8869999647140503,-9.552000045776367,-10.486000061035156
411,-0.5690000057220459,-8.503999710083008,-9.892999649047852
414,6.301000118255615,-4.932000160217285,-12.621000289916992
417,7.8420000076293945,-3.684000015258789,12.012999534606934
420,7.311999797821045,-5.572000026702881,-10.104000091552734
423,5.9079999923706055,12.288999557495117,13.864999771118164
426,9.293999671936035,-5.879000186920166,12.539999961853027
429,7.441999912261963,-8.333000183105469,-10.692999839782715
432,9.993000030517578,2.878999948501587,5.548999786376953
435,-11.059000015258789,1.9579999446868896,7.769000053405762
438,-8.77299976348877,2.5789999961853027,6.138999938964844
441,-6.849999904632568,1.5149999856948853,7.953000068664551
444,-7.867000102996826,2.6449999809265137,10.282999992370605
447,-10.770999908447266,2.2290000915527344,10.399999618530273
450,9.532999992370605,-1.152999997138977,7.557000160217285
453,11.781999588012695,-2.561000108718872,8.51099967956543
456,-11.21399974822998,-3.263000011444092,5.952000141143799
459,-7.007999897003174,-1.2669999599456787,7.949999809265137
462,-8.595000267028809,-1.8040000200271606,10.008000373840332
465,-10.857000350952148,-0.4779999852180481,10.456999778747559
468,-4.047999858856201,2.553999900817871,7.185999870300293
471,-6.349999904632568,0.6480000019073486,4.478000164031982
474,-3.1760001182556152,5.019999980926514,6.5269999504089355
477,0.6840000152587891,2.01200008392334,7.86899995803833
480,-1.1130000352859497,2.7330000400543213,9.96399974822998
483,-3.674999952316284,1.9539999961853027,9.892999649047852
486,-4.408999919891357,-2.1410000324249268,7.553999900817871
489,-7.203000068664551,-1.7489999532699585,5.1539998054504395
492,-4.364999771118164,-2.503000020980835,4.790999889373779
495,0.47099998593330383,-0.7509999871253967,7.515999794006348
498,-0.7300000190734863,-2.061000108718872,10.121000289916992
501,-3.61299991607666,-0.9729999899864197,9.829000473022461
504,3.308000087738037,2.947000026702881,7.793000221252441
507,0.5559999942779541,2.450000047683716,5.127999782562256
510,2.1540000438690186,4.382999897003174,3.8269999027252197
513,7.894000053405762,1.9739999771118164,7.5970001220703125
516,6.515999794006348,3.006999969482422,9.958999633789063
519,4.329999923706055,1.4559999704360962,10.03499984741211
522,3.052999973297119,-2.4170000553131104,8.0
525,1.1619999408721924,-0.3199999928474426,4.7769999504089355
528,4.275000095367432,-0.6209999918937683,3.609999895095825
531,6.1620001792907715,1.5779999494552612,5.103000164031982
534,4.997000217437744,-2.6989998817443848,5.76800012588501
537,4.540999889373779,-1.4140000343322754,10.045000076293945
540,6.823999881744385,4.117000102996826,-1.2170000076293945
543,9.003000259399414,1.9210000038146973,-0.4000000059604645
546,9.418000221252441,3.2799999713897705,2.7820000648498535
549,7.9629998207092285,-1.8359999656677246,-0.8050000071525574
552,9.138999938964844,-0.5009999871253967,1.350000023841858
555,8.244999885559082,0.7459999918937683,3.621000051498413
558,11.20199966430664,3.062999963760376,0.5609999895095825
561,-10.135000228881836,2.0280001163482666,-0.718999981880188
564,-7.785999774932861,3.3289999961853027,-1.0460000038146973
567,-6.901000022888184,2.0329999923706055,1.1770000457763672
570,-8.503000259399414,1.6130000352859497,3.3589999675750732
573,10.230999946594238,0.11900000274181366,5.2129998207092285
576,11.600000381469727,-1.7519999742507935,1.2899999618530273
579,-10.093999862670898,-0.7559999823570251,-0.5429999828338623
582,-8.104999542236328,-2.315999984741211,-1.590000033378601
585,-7.138000011444092,-0.8019999861717224,0.578000009059906
588,-8.744999885559082,-1.1670000553131104,2.878000020980835
591,12.137999534606934,-1.4199999570846558,4.039999961853027
594,-4.414000034332275,2.7939999103546143,0.8519999980926514
597,-2.5880000591278076,1.8969999551773071,-1.218999981880188
600,-0.050999999046325684,3.0250000953674316,-1.4179999828338623
603,0.14000000059604645,1.6050000190734863,0.9990000128746033
606,-1.4989999532699585,2.505000114440918,3.305999994277954
609,-3.9600000381469727,1.4119999408721924,3.321000099182129
612,-4.241000175476074,-1.7669999599456787,0.47099998593330383
615,-2.5260000228881836,-0.7879999876022339,-1.4850000143051147
618,-0.032999999821186066,-1.6710000038146973,-1.9589999914169312
621,1.2079999446868896,-1.062000036239624,0.5009999871253967
624,-0.10100000351667404,-1.9259999990463257,2.703000068664551
627,-2.7669999599456787,-1.031000018119812,2.8499999046325684
630,2.367000102996826,2.9570000171661377,0.7950000166893005
633,4.5329999923706055,2.3329999446868896,-0.8840000033378601
636,4.381999969482422,3.561000108718872,5.223999977111816
639,3.3010001182556152,-2.1610000133514404,-0.8140000104904175
642,6.610000133514404,0.4830000102519989,0.07800000160932541
645,5.186999797821045,-1.6349999904632568,1.1510000228881836
648,8.937000274658203,2.6440000534057617,-5.429999828338623
651,10.366000175476074,2.049999952316284,-7.913000106811523
654,-10.37399959564209,2.062999963760376,-7.866000175476074
657,-9.326000213623047,1.7510000467300415,-5.302000045776367
660,-10.954000473022461,3.0269999504089355,-3.244999885559082
663,10.095999717712402,2.127000093460083,-2.819999933242798
666,9.069000244140625,-1.8200000524520874,-5.598999977111816
669,10.625,-1.0269999504089355,-7.751999855041504
672,-10.097999572753906,-1.9190000295639038,-7.855999946594238
675,-8.946000099182129,-1.128999948501587,-5.234000205993652
678,12.468000411987305,-1.6200000047683716,-3.3580000400543213
681,9.97599983215332,-0.5529999732971191,-2.924999952316284
684,-6.877999782562256,2.8540000915527344,-5.89900016784668
687,-5.122000217437744,1.75600004196167,-7.855000019073486
690,-2.444999933242798,2.621000051498413,-7.9029998779296875
693,-1.4010000228881836,1.812000036239624,-5.559999942779541
696,-3.4630000591278076,2.877000093460083,-3.9170000553131104
699,-6.521999835968018,2.2799999713897705,-3.246000051498413
702,-6.367000102996826,-1.9450000524520874,-6.0879998207092285
705,-4.802000045776367,-1.13100004196167,-8.182000160217285
708,-2.263000011444092,-1.8960000276565552,-8.319000244140625
711,-1.7070000171661377,-1.0169999599456787,-5.6570000648498535
714,-3.3970000743865967,-2.119999885559082,-3.7119998931884766
717,-5.8520002365112305,-0.5879999995231628,-3.36899995803833
720,1.2350000143051147,2.99399995803833,-6.001999855041504
723,3.1059999465942383,1.4730000495910645,-7.882999897003174
726,5.6570000648498535,2.76200008392334,-7.7230000495910645
729,6.238999843597412,1.753000020980835,-5.190000057220459
732,4.215000152587891,2.884000062942505,-3.6689999103546143
735,1.6579999923706055,2.2679998874664307,-3.4630000591278076
738,0.8809999823570251,-2.1610000133514404,-6.013000011444092
741,2.9860000610351563,-1.2929999828338623,-7.605000019073486
744,5.724999904632568,-2.1640000343322754,-7.997000217437744
747,6.214000225067139,-1.2289999723434448,-5.196000099182129
750,4.151000022888184,-1.5399999618530273,-3.4000000953674316
753,1.4769999980926514,-0.4230000078678131,-3.8320000171661377
756,10.539999961853027,2.430999994277954,11.944000244140625
759,11.717000007629395,1.562999963760376,14.381999969482422
762,9.697999954223633,2.5350000858306885,-10.557000160217285
765,11.303999900817871,-1.25,12.626999855041504
768,11.901000022888184,-1.0360000133514404,-11.854999542236328
771,9.892000198364258,-1.805999994277954,-10.310999870300293
774,-9.071000099182129,2.555999994277954,-12.380000114440918
777,-7.515999794006348,1.2740000486373901,12.631999969482422
780,-4.834000110626221,2.871999979019165,12.357999801635742
783,-3.9189999103546143,1.75,-12.394000053405762
786,-5.598999977111816,2.563999891281128,-10.517999649047852
789,-8.503999710083008,1.7309999465942383,-9.802000045776367
792,-9.149999618530273,-2.1029999256134033,-12.39900016784668
795,-7.622000217437744,-1.5449999570846558,12.404999732971191
798,-4.836999893188477,-2.0769999027252197,12.034000396728516
801,-4.019999980926514,-0.9610000252723694,-12.559000015258789
804,-5.931000232696533,-1.944000005722046,-10.553000450134277
807,-8.395000457763672,-1.0859999656677246,-9.894000053405762
810,-1.5269999504089355,2.7809998989105225,-12.418000221252441
813,-0.2280000001192093,1.621999979019165,12.67300033569336
816,2.4700000286102295,2.13100004196167,12.114999771118164
819,3.752000093460083,1.972000002861023,-12.373000144958496
822,2.174999952316284,2.934000015258789,-9.9350004196167
825,-0.5899999737739563,1.9620000123977661,-9.777999877929688
828,-1.50600004196167,-1.968000054359436,-12.529000282287598
831,0.18799999356269836,-1.0980000495910645,12.769000053405762
834,2.8529999256134033,-1.7760000228881836,12.470999717712402
837,4.047999858856201,-0.871999979019165,-12.369000434875488
840,2.5480000972747803,-1.6890000104904175,-10.286999702453613
843,-0.4830000102519989,-0.7129999995231628,-10.168000221252441
846,6.504000186920166,2.4119999408721924,-12.472000122070313
849,7.883999824523926,1.8300000429153442,12.262999534606934
852,7.166999816894531,1.774999976158142,-9.829999923706055
855,6.585999965667725,-2.1670000553131104,-12.395000457763672
858,8.427000045776367,-1.0010000467300415,13.008999824523926
861,7.36299991607666,-1.128000020980835,-9.895000457763672
864,10.215999603271484,9.138999938964844,9.21399974822998
867,10.130999565124512,7.538000106811523,4.611000061035156
870,12.3149995803833,9.253999710083008,4.085000038146973
873,-8.444999694824219,9.21500015258789,8.185999870300293
876,-9.020000457763672,10.501999855041504,10.442999839782715
879,12.230999946594238,9.756999969482422,11.633999824523926
882,9.244000434875488,6.807000160217285,8.022000312805176
885,11.079000473022461,5.4029998779296875,6.293000221252441
888,-9.739999771118164,5.085999965667725,6.550000190734863
891,-9.560999870300293,6.808000087738037,9.086999893188477
894,-7.026000022888184,5.289000034332275,9.817000389099121
897,11.571000099182129,7.333000183105469,10.498000144958496
900,-5.7170000076293945,10.154000282287598,8.140999794006348
903,-5.4070000648498535,10.449999809265137,5.4679999351501465
906,0.621999979019165,9.244000434875488,5.235000133514404
909,0.3190000057220459,9.767000198364258,7.886000156402588
912,-1.2710000276565552,10.734999656677246,9.72700023651123
915,-3.496999979019165,9.302000045776367,10.062000274658203
918,-5.270999908447266,6.01800012588501,7.890999794006348
921,-6.078000068664551,7.1570000648498535,5.50600004196167
924,-0.5640000104904175,6.61899995803833,5.285999774932861
927,0.890999972820282,6.885000228881836,7.742000102996826
930,-0.6330000162124634,5.513000011444092,9.800999641418457
933,-3.437000036239624,6.585000038146973,9.812000274658203
936,2.9049999713897705,10.607999801635742,8.314000129699707
939,5.099999904632568,9.321999549865723,7.255000114440918
942,5.081999778747559,10.696000099182129,4.918000221252441
945,8.616000175476074,9.690999984741211,5.558000087738037
948,6.35699987411499,10.307000160217285,9.661999702453613
951,4.317999839782715,9.27400016784668,11.36400032043457
954,3.361999988555908,5.7129998207092285,7.5980000495910645
957,3.3610000610351563,6.7210001945495605,3.253999948501587
960,5.0,6.322999954223633,5.394000053405762
963,7.1579999923706055,7.607999801635742,6.4720001220703125
966,7.201000213623047,5.660999774932861,9.843000411987305
969,4.182000160217285,6.546000003814697,10.222999572753906
972,7.804999828338623,10.435999870300293,-1.6690000295639038
975,8.862000465393066,10.210000038146973,1.5110000371932983
978,7.853000164031982,11.42199993133545,3.815000057220459
981,7.98799991607666,6.886000156402588,-1.4190000295639038
984,7.4629998207092285,7.840000152587891,1.2350000143051147
987,9.281999588012695,6.276000022888184,2.318000078201294
990,11.904000282287598,10.470000267028809,1.3209999799728394
993,-10.081000328063965,9.430000305175781,-0.6240000128746033
996,-7.4679999351501465,9.831999778747559,-1.3359999656677246
999,-6.297999858856201,8.86400032043457,1.1460000276565552
1002,-7.324999809265137,10.295000076293945,3.2929999828338623
1005,-8.416000366210938,9.508999824523926,5.510000228881836
1008,11.82699966430664,5.632999897003174,1.0740000009536743
1011,-10.28600025177002,6.585999965667725,-0.968999981880188
1014,-7.631999969482422,6.02400016784668,-1.065999984741211
1017,-6.966000080108643,6.183000087738037,1.6319999694824219
1020,-8.272000312805176,6.034999847412109,4.485000133514404
1023,-10.833000183105469,6.11899995803833,3.6440000534057617
1026,-4.124000072479248,10.46399974822998,1.1710000038146973
1029,-2.51200008392334,9.404000282287598,-1.0290000438690186
1032,0.09799999743700027,10.20199966430664,-1.4579999446868896
1035,0.7319999933242798,9.76200008392334,1.149999976158142
1038,-0.7269999980926514,10.64900016784668,3.308000087738037
1041,-3.3429999351501465,9.489999771118164,3.621999979019165
1044,-4.245999813079834,5.770999908447266,1.0219999551773071
1047,-2.7920000553131104,6.544000148773193,-1.1119999885559082
1050,-0.22200000286102295,5.809999942779541,-1.8619999885559082
1053,0.5260000228881836,6.632999897003174,1.2259999513626099
1056,-1.6169999837875366,5.447000026702881,3.0769999027252197
1059,-4.0279998779296875,6.734000205993652,3.7170000076293945
1062,3.2130000591278076,10.552000045776367,1.2029999494552612
1065,4.248000144958496,10.961000442504883,-1.2369999885559082
1068,2.819000005722046,9.689000129699707,3.9210000038146973
1071,3.1449999809265137,5.940999984741211,0.6060000061988831
1074,4.732999801635742,6.552000045776367,-1.6339999437332153
1077,5.85099983215332,8.855999946594238,-0.6949999928474426
1080,9.182999610900879,10.559000015258789,-5.848999977111816
1083,10.571000099182129,8.890000343322754,-7.8470001220703125
1086,-10.545000076293945,10.241999626159668,-8.062000274658203
1089,-9.932000160217285,9.27400016784668,-5.410999774932861
1092,12.32699966430664,10.295999526977539,-2.9670000076293945
1095,9.75100040435791,9.35200023651123,-3.2929999828338623
1098,8.901000022888184,5.385000228881836,-5.947000026702881
1101,10.47700023651123,5.919000148773193,-7.999000072479248
1104,-10.413999557495117,5.072999954223633,-8.11400032043457
1107,-9.678999900817871,6.593999862670898,-5.918000221252441
1110,12.526000022888184,5.710999965667725,-3.632999897003174
1113,9.72599983215332,6.604000091552734,-3.697000026702881
1116,-6.868000030517578,10.29699993133545,-5.9120001792907715
1119,-5.270999908447266,9.456999778747559,-8.015999794006348
1122,-2.678999900817871,10.178999900817871,-8.659000396728516
1125,-1.781000018119812,9.552000045776367,-5.86899995803833
1128,-3.0280001163482666,10.258999824523926,-3.546999931335449
1131,-5.508999824523926,9.12600040435791,-3.509999990463257
1134,-6.927000045776367,5.738999843597412,-6.065999984741211
1137,-5.025000095367432,6.572000026702881,-8.017000198364258
1140,-2.252000093460083,5.566999912261963,-8.217000007629395
1143,-1.5099999904632568,6.677000045776367,-5.748000144958496
1146,-3.0789999961853027,5.6620001792907715,-3.7660000324249268
1149,-6.013000011444092,6.230000019073486,-3.2249999046325684
1152,0.8349999785423279,10.307999610900879,-6.710999965667725
1155,2.6670000553131104,9.255000114440918,-8.6899995803833
1158,5.605999946594238,10.444000244140625,-8.494999885559082
1161,6.1539998054504395,9.779999732971191,-5.951000213623047
1164,4.5320000648498535,10.633000373840332,-3.88100004196167
1167,1.9509999752044678,9.831999778747559,-3.4749999046325684
1170,1.1330000162124634,5.953999996185303,-5.997000217437744
1173,3.191999912261963,6.769000053405762,-7.875999927520752
1176,5.578999996185303,5.466000080108643,-7.932000160217285
1179,6.368000030517578,6.710999965667725,-5.633999824523926
1182,4.267000198364258,5.755000114440918,-4.239999771118164
1185,1.8420000076293945,7.14300012588501,-3.628000020980835
1188,9.63599967956543,11.09000015258789,11.25
1191,11.630000114440918,9.164999961853027,14.293000221252441
1194,9.885000228881836,10.12600040435791,-10.227999687194824
1197,10.354000091552734,5.098999977111816,11.923999786376953
1200,11.944000244140625,6.208000183105469,-12.154999732971191
1203,9.689000129699707,5.245999813079834,-10.581000328063965
1206,-9.35200023651123,10.020000457763672,-12.489999771118164
1209,-7.821000099182129,9.263999938964844,12.593000411987305
1212,-5.27400016784668,9.873000144958496,12.133999824523926
1215,-4.609000205993652,9.404999732971191,-12.427000045776367
1218,-6.289000034332275,10.321999549865723,-10.378999710083008
1221,-8.704999923706055,9.24899959564209,-9.807000160217285
1224,-8.925999641418457,5.439000129699707,-12.512999534606934
1227,-7.171999931335449,6.296000003814697,12.590999603271484
1230,-4.508999824523926,5.546999931335449,12.343000411987305
1233,-3.8369998931884766,6.388999938964844,-12.232000350952148
1236,-5.679999828338623,5.40500020980835,-10.560999870300293
1239,-8.446000099182129,6.2820000648498535,-9.928999900817871
1242,-1.8530000448226929,10.239999771118164,14.357999801635742
1245,-0.38600000739097595,9.295000076293945,12.163999557495117
1248,1.965000033378601,10.871999740600586,10.809000015258789
1251,3.8910000324249268,8.90999984741211,14.097999572753906
1254,2.0409998893737793,9.640999794006348,-11.354000091552734
1257,-0.5640000104904175,9.364999771118164,-10.484000205993652
1260,-1.190999984741211,5.426000118255615,-12.586999893188477
1263,0.15299999713897705,6.234000205993652,12.293999671936035
1266,2.5869998931884766,4.894999980926514,12.239999771118164
1269,3.871000051498413,5.986999988555908,-12.640000343322754
1272,1.9149999618530273,5.821000099182129,-10.50100040435791
1275,-0.7229999899864197,6.736000061035156,-10.409000396728516
1278,6.574999809265137,9.623000144958496,14.345000267028809
1281,7.714000225067139,9.218000411987305,11.848999977111816
1284,7.34499979019165,9.098999977111816,-10.29800033569336
1287,6.701000213623047,5.186999797821045,-12.53600025177002
1290,8.0649995803833,6.505000114440918,12.46500015258789
1293,7.2220001220703125,6.357999801635742,-10.104999542236328
