0,-2.061000108718872,11.894000053405762,2.7799999713897705
3,9.532999992370605,-9.067000389099121,10.315999984741211
6,5.0320000648498535,-5.465000152587891,8.765000343322754
9,10.428999900817871,-9.739999771118164,6.499000072479248
12,-4.7820000648498535,-6.001999855041504,9.862000465393066
15,5.242000102996826,3.503000020980835,8.178999900817871
18,5.84499979019165,8.71399974822998,6.177000045776367
21,7.565999984741211,10.02400016784668,8.255999565124512
24,9.42300033569336,9.944000244140625,6.238999843597412
27,6.311999797821045,-8.190999984741211,7.210000038146973
30,12.184000015258789,9.505999565124512,6.330999851226807
33,2.818000078201294,8.595999717712402,4.515999794006348
36,11.83899974822998,-7.126999855041504,7.5269999504089355
39,9.640999794006348,-5.485000133514404,0.328000009059906
42,-6.807000160217285,-8.885000228881836,1.225000023841858
45,-9.255000114440918,-8.859999656677246,5.370999813079834
48,-3.364000082015991,-8.03600025177002,8.83899974822998
51,-10.527999877929688,11.892000198364258,7.080999851226807
54,-10.055000305175781,-0.12300000339746475,6.395999908447266
57,-7.739999771118164,11.364999771118164,4.688000202178955
60,-5.025000095367432,11.41100025177002,5.2129998207092285
63,6.609000205993652,6.550000190734863,8.22599983215332
66,-0.6970000267028809,6.901000022888184,7.190000057220459
69,-6.635000228881836,12.510000228881836,10.434000015258789
72,-0.4659999907016754,10.375,8.045000076293945
75,1.809000015258789,9.3100004196167,6.85699987411499
78,-4.915999889373779,-6.808000087738037,0.515999972820282
81,9.437999725341797,-4.570000171661377,4.381999969482422
84,-0.4860000014305115,11.385000228881836,4.914000034332275
87,-1.8350000381469727,10.14900016784668,10.588000297546387
90,0.5619999766349792,7.238999843597412,12.350000381469727
93,-2.7019999027252197,10.262999534606934,6.068999767303467
96,-2.1470000743865967,12.680999755859375,-2.1459999084472656
99,3.7239999771118164,-6.9079999923706055,2.6589999198913574
102,5.689000129699707,12.286999702453613,-12.567999839782715
105,1.3370000123977661,-7.5980000495910645,4.114999771118164
108,3.0869998931884766,-3.197000026702881,-0.9459999799728394
111,7.077000141143799,-6.258999824523926,0.925000011920929
114,-1.3990000486373901,7.5289998054504395,10.164999961853027
117,4.859000205993652,10.763999938964844,-5.048999786376953
120,4.326000213623047,-7.043000221252441,-2.5350000858306885
123,5.2820000648498535,-9.010000228881836,1.7380000352859497
126,6.9720001220703125,-7.795000076293945,-2.058000087738037
129,12.324999809265137,-8.907999992370605,-3.075000047683716
132,-9.614999771118164,-5.131999969482422,-0.39899998903274536
135,-10.866000175476074,-6.749000072479248,1.597000002861023
138,10.265000343322754,-8.118000030517578,1.5160000324249268
141,8.348999977111816,-7.026000022888184,3.1989998817443848
144,6.013000011444092,10.71500015258789,4.294000148773193
147,7.599999904632568,12.185999870300293,-0.17100000381469727
150,-10.053000450134277,11.14799976348877,-3.3399999141693115
153,12.526000022888184,10.9399995803833,1.3530000448226929
156,9.461999893188477,11.661999702453613,1.9179999828338623
159,4.017000198364258,-6.202000141143799,0.04500000178813934
162,-10.11400032043457,-4.931000232696533,3.5969998836517334
165,-7.848999977111816,-4.8470001220703125,-4.02400016784668
168,-2.7839999198913574,-3.2660000324249268,-3.6679999828338623
171,-2.7679998874664307,-7.553999900817871,2.7200000286102295
174,-6.111000061035156,3.365999937057495,5.775000095367432
177,-9.574000358581543,-6.263000011444092,6.045000076293945
180,-7.047999858856201,-8.045000076293945,-1.6779999732971191
183,-7.175000190734863,11.045000076293945,-3.7679998874664307
186,-4.546000003814697,6.210000038146973,-6.256999969482422
189,0.9480000138282776,9.729000091552734,2.8510000705718994
192,-5.4730000495910645,-9.069999694824219,-3.5380001068115234
195,-8.272000312805176,-7.543000221252441,3.244999885559082
198,-3.7669999599456787,-7.241000175476074,-1.968999981880188
201,-4.798999786376953,10.569000244140625,0.0860000029206276
204,-2.2760000228881836,11.246999740600586,0.2329999953508377
207,-7.081999778747559,4.9029998779296875,3.184999942779541
210,-2.428999900817871,5.959000110626221,3.1419999599456787
213,6.110000133514404,-4.242000102996826,5.500999927520752
216,-0.800000011920929,-7.445000171661377,-3.9860000610351563
219,5.375999927520752,12.42300033569336,-8.494000434875488
222,8.852999687194824,-7.1570000648498535,-7.78000020980835
225,7.375999927520752,-8.107999801635742,-5.673999786376953
228,9.539999961853027,-8.821999549865723,-4.063000202178955
231,8.76099967956543,-5.96999979019165,-3.36899995803833
234,1.9630000591278076,11.21399974822998,-4.854000091552734
237,5.201000213623047,8.940999984741211,-9.88700008392334
240,11.182999610900879,7.802999973297119,-8.432000160217285
243,7.179999828338623,11.708999633789063,-6.485000133514404
246,5.894999980926514,12.295999526977539,-3.006999969482422
249,2.6540000438690186,-9.11299991607666,-3.0980000495910645
252,8.170999526977539,-4.538000106811523,-5.519999980926514
255,9.61299991607666,-4.619999885559082,-8.182999610900879
258,-6.50600004196167,-5.831999778747559,-9.279999732971191
261,-10.25100040435791,-6.170000076293945,-8.949000358581543
264,-8.37399959564209,-7.486000061035156,-4.519999980926514
267,11.647000312805176,-5.5320000648498535,-6.820000171661377
270,9.366999626159668,10.057000160217285,-8.579000473022461
273,11.305999755859375,12.23900032043457,-8.788000106811523
276,11.935999870300293,-8.61400032043457,-11.329000473022461
279,-8.303000450134277,-8.017000198364258,-8.819000244140625
282,-9.963000297546387,-8.755999565124512,-6.64300012588501
285,10.984999656677246,-8.538000106811523,-6.510000228881836
288,-8.458999633789063,-4.488999843597412,-7.5980000495910645
291,-2.36899995803833,-6.748000144958496,-7.480999946594238
294,2.0390000343322754,-7.389999866485596,-8.574999809265137
297,0.9610000252723694,-5.208000183105469,-4.861999988555908
300,-1.1519999504089355,-8.83899974822998,-6.191999912261963
303,-4.61899995803833,12.60099983215332,-7.208000183105469
306,-1.6720000505447388,-8.595000267028809,-12.232999801635742
309,-0.7889999747276306,-7.999000072479248,-9.854000091552734
312,-0.6129999756813049,12.062000274658203,-8.531999588012695
315,2.9779999256134033,9.72700023651123,-8.519000053405762
318,-2.2839999198913574,11.543999671936035,-4.705999851226807
321,-5.067999839782715,-7.39900016784668,-5.85699987411499
324,8.538999557495117,-7.070000171661377,8.819999694824219
327,8.626999855041504,12.90999984741211,13.154999732971191
330,2.9549999237060547,-9.1899995803833,-12.411999702453613
333,5.613999843597412,9.460000038146973,9.940999984741211
336,7.113999843597412,-7.76200008392334,-11.680999755859375
339,7.3520002365112305,10.913000106811523,-10.232999801635742
342,7.26200008392334,-5.973999977111816,13.013999938964844
345,-7.557000160217285,-5.052999973297119,9.005000114440918
348,-10.845999717712402,-6.611000061035156,11.890999794006348
351,-9.753999710083008,-6.894000053405762,-12.04699993133545
354,8.875,-5.51200008392334,-11.324999809265137
357,9.597000122070313,-7.828000068664551,-10.444999694824219
360,9.454000473022461,12.057000160217285,-11.616000175476074
363,12.22700023651123,-8.378000259399414,9.89799976348877
366,-9.062000274658203,12.003999710083008,9.404000282287598
369,-10.217000007629395,11.60099983215332,13.17199993133545
372,11.562000274658203,10.465999603271484,-12.413000106811523
375,12.048999786376953,8.052000045776367,12.895999908447266
378,-5.854000091552734,12.03499984741211,13.70300006866455
381,-4.4070000648498535,10.71500015258789,11.138999938964844
384,-4.502999782562256,-7.568999767303467,-9.135000228881836
387,1.9320000410079956,11.777000427246094,8.333999633789063
390,-4.251999855041504,-7.394999980926514,-12.357999801635742
393,-5.453000068664551,-7.2179999351501465,12.302000045776367
396,-7.923999786376953,10.526000022888184,-12.5
399,-6.234000205993652,8.762999534606934,10.468000411987305
402,3.242000102996826,12.027999877929688,10.670000076293945
405,2.686000108718872,10.62600040435791,12.967000007629395
408,-6.9770002365112305,12.833000183105469,-10.508999824523926
411,11.390999794006348,-4.593999862670898,-10.08899974822998
414,1.2890000343322754,-3.6670000553131104,-12.803000450134277
417,4.65500020980835,-6.315999984741211,11.704999923706055
420,-0.01899999938905239,-7.083000183105469,13.243000030517578
423,4.931000232696533,-7.461999893188477,-10.098999977111816
426,-0.33399999141693115,-7.422999858856201,1.7510000467300415
429,2.9260001182556152,12.246000289916992,-7.543000221252441
432,3.8919999599456787,-1.2009999752044678,6.160999774932861
435,6.3520002365112305,1.0399999618530273,8.6899995803833
438,11.319999694824219,-2.640000104904175,7.682000160217285
441,-9.369000434875488,-1.9240000247955322,12.857000350952148
444,7.328000068664551,-0.32600000500679016,4.13700008392334
447,8.562000274658203,7.791999816894531,10.168000221252441
450,-0.8019999861717224,-5.289999961853027,5.13100004196167
453,3.8299999237060547,-5.63700008392334,5.093999862670898
456,11.17300033569336,-3.555000066757202,2.4679999351501465
459,-6.241000175476074,1.3339999914169312,8.052000045776367
462,6.815000057220459,-0.9380000233650208,6.751999855041504
465,3.563999891281128,-2.430000066757202,11.397000312805176
468,9.074999809265137,1.8300000429153442,-1.121999979019165
471,11.593999862670898,-1.597000002861023,5.109000205993652
474,-8.96500015258789,0.13099999725818634,-0.0560000017285347
477,-4.0,5.0329999923706055,4.986000061035156
480,-4.6479997634887695,-3.184000015258789,9.267999649047852
483,-7.373000144958496,1.9889999628067017,12.282999992370605
486,-6.263000011444092,-5.7870001792907715,3.868000030517578
489,9.694000244140625,-4.827000141143799,7.178999900817871
492,-7.61899995803833,-1.0609999895095825,7.172999858856201
495,-3.4019999504089355,-3.7809998989105225,6.803999900817871
498,12.130999565124512,-2.489000082015991,10.972000122070313
501,11.206000328063965,-4.271999835968018,14.178999900817871
504,-2.7060000896453857,2.3310000896453857,6.061999797821045
507,-2.9649999141693115,-1.003000020980835,8.690999984741211
510,0.057999998331069946,2.0420000553131104,6.506999969482422
513,-1.2319999933242798,-2.186000108718872,4.910999774932861
516,3.867000102996826,0.09200000017881393,9.925999641418457
519,2.6040000915527344,-3.8429999351501465,7.535999774932861
522,-1.4609999656677246,-6.802999973297119,7.261000156402588
525,-7.110000133514404,-2.24399995803833,9.713000297546387
528,-6.583000183105469,-4.724999904632568,1.156999945640564
531,-4.314000129699707,10.199000358581543,2.7760000228881836
534,-6.89300012588501,-2.313999891281128,4.793000221252441
537,0.9010000228881836,-8.92300033569336,6.4019999504089355
540,0.9520000219345093,-3.4769999980926514,-7.3420000076293945
543,1.1419999599456787,5.142000198364258,0.6480000019073486
546,6.460999965667725,-0.0430000014603138,-1.4019999504089355
549,-0.9440000057220459,1.3329999446868896,1.1710000038146973
552,5.349999904632568,-0.6359999775886536,-3.6389999389648438
555,1.156999945640564,-2.6989998817443848,1.4429999589920044
558,6.775000095367432,3.2820000648498535,-1.1449999809265137
561,-10.829999923706055,-4.184000015258789,-4.747000217437744
564,11.496000289916992,-1.559000015258789,-4.564000129699707
567,-9.942000389099121,-1.4509999752044678,-3.065999984741211
570,8.454999923706055,-2.3329999446868896,2.950000047683716
573,6.136000156402588,-3.618000030517578,1.7730000019073486
576,8.531000137329102,-1.7920000553131104,-2.313999891281128
579,10.119000434875488,-3.744999885559082,-1.6929999589920044
582,12.527999877929688,-2.6570000648498535,-0.8519999980926514
585,10.638999938964844,-0.45899999141693115,-0.7940000295639038
588,-10.380000114440918,-0.7210000157356262,2.187999963760376
591,6.839000225067139,-8.605999946594238,4.5329999923706055
594,-8.630999565124512,1.9730000495910645,-5.464000225067139
597,-9.28600025177002,1.5329999923706055,-2.615999937057495
600,0.4779999852180481,0.6919999718666077,-1.1399999856948853
603,-3.5969998836517334,-5.11899995803833,4.1620001792907715
606,-4.014999866485596,0.8240000009536743,-3.5889999866485596
609,-10.031000137329102,2.0789999961853027,4.7179999351501465
612,-8.45300006866455,-2.6549999713897705,2.444999933242798
615,-7.132999897003174,-1.9639999866485596,0.24500000476837158
618,-3.859999895095825,3.3970000743865967,-2.0230000019073486
621,-2.11299991607666,-3.9260001182556152,2.196000099182129
624,-3.3269999027252197,-0.492000013589859,5.919000148773193
627,-7.302999973297119,-4.6579999923706055,6.186999797821045
630,4.107999801635742,1.9509999752044678,4.010000228881836
633,-1.0549999475479126,4.563000202178955,-1.4980000257492065
636,2.5439999103546143,4.14900016784668,7.756999969482422
639,2.881999969482422,-5.51200008392334,-6.802999973297119
642,-1.434000015258789,-1.2769999504089355,2.119999885559082
645,1.7869999408721924,-3.1480000019073486,4.267000198364258
648,2.0829999446868896,1.9839999675750732,-2.994999885559082
651,7.559999942779541,-2.9119999408721924,-8.409000396728516
654,11.786999702453613,-0.9700000286102295,-7.172999858856201
657,8.86400032043457,-0.8930000066757202,-6.955999851226807
660,4.239999771118164,1.565999984741211,-5.00600004196167
663,2.7820000648498535,-1.3650000095367432,-6.659999847412109
666,4.070000171661377,-0.9020000100135803,-9.300999641418457
669,4.919000148773193,-2.9019999504089355,-7.636000156402588
672,4.197000026702881,-4.922999858856201,-9.170999526977539
675,7.377999782562256,-2.0999999046325684,-4.7779998779296875
678,4.514999866485596,-3.4509999752044678,-3.1449999809265137
681,4.3429999351501465,-1.1920000314712524,0.19300000369548798
684,-9.503000259399414,4.09499979019165,-7.130000114440918
687,-10.741999626159668,1.871999979019165,-8.375
690,-6.288000106811523,1.4600000381469727,-9.253000259399414
693,-7.230999946594238,0.17900000512599945,-6.755000114440918
696,-4.570000171661377,-1.6430000066757202,-8.977999687194824
699,-5.328999996185303,-1.9529999494552612,-3.9719998836517334
702,4.934999942779541,-5.418000221252441,-4.941999912261963
705,-10.66100025177002,-2.302999973297119,-9.557000160217285
708,-7.998000144958496,-2.5869998931884766,-10.819000244140625
711,-9.229999542236328,-2.1540000438690186,-6.474999904632568
714,-7.625999927520752,-2.815999984741211,-2.3919999599456787
717,-10.255000114440918,-6.2769999504089355,-3.009000062942505
720,0.14000000059604645,3.930000066757202,-3.821000099182129
723,-1.7319999933242798,2.0929999351501465,-4.709000110626221
726,2.759000062942505,4.671000003814697,-9.121000289916992
729,-5.184000015258789,3.378000020980835,-6.97599983215332
732,2.5230000019073486,0.8600000143051147,0.6840000152587891
735,-1.0529999732971191,-1.0390000343322754,-3.203000068664551
738,-1.718999981880188,-5.375999927520752,-2.1510000228881836
741,-2.368000030517578,-4.406000137329102,-6.144000053405762
744,1.0149999856948853,-5.952000141143799,-11.322999954223633
747,-1.180999994277954,-3.3320000171661377,-11.812999725341797
750,1.2999999523162842,-2.7809998989105225,-3.0850000381469727
753,-0.5699999928474426,-5.015999794006348,0.4410000145435333
756,6.586999893188477,-3.2039999961853027,8.187000274658203
759,8.303999900817871,2.000999927520752,13.54800033569336
762,8.340999603271484,-0.09000000357627869,-10.890999794006348
765,7.741000175476074,-3.2880001068115234,12.760000228881836
768,5.303999900817871,-2.2079999446868896,13.465999603271484
771,0.7990000247955322,-2.367000102996826,12.116000175476074
774,11.267000198364258,-0.03500000014901161,11.847000122070313
777,10.027000427246094,-1.7510000467300415,13.83899974822998
780,-10.345000267028809,-0.7990000247955322,8.975000381469727
783,-1.1770000457763672,-2.875,10.043000221252441
786,-7.381999969482422,-0.13699999451637268,-12.04699993133545
789,7.682000160217285,-2.938999891281128,-11.076000213623047
792,10.833000183105469,-4.831999778747559,11.107999801635742
795,-7.880000114440918,-6.813000202178955,10.993000030517578
798,8.340999603271484,-4.380000114440918,10.008000373840332
801,10.84000015258789,0.6859999895095825,-12.571000099182129
804,-9.6899995803833,-4.103000164031982,-12.449999809265137
807,3.0799999237060547,-3.3010001182556152,-10.838000297546387
810,-6.821000099182129,-0.7170000076293945,12.152999877929688
813,-2.9010000228881836,-4.441999912261963,11.873000144958496
816,5.327000141143799,1.1430000066757202,-10.689000129699707
819,5.038000106811523,0.5529999732971191,12.300000190734863
822,-3.5169999599456787,-4.578999996185303,-12.588000297546387
825,-4.630000114440918,-0.8679999709129333,-13.010000228881836
828,-2.2130000591278076,0.7839999794960022,14.446999549865723
831,-2.755000114440918,12.434000015258789,12.312000274658203
834,-5.388999938964844,12.64799976348877,7.829999923706055
837,-2.2009999752044678,-7.0279998779296875,11.229999542236328
840,-6.059999942779541,-4.89300012588501,-6.229000091552734
843,-5.276000022888184,-3.177000045776367,-11.102999687194824
846,3.1640000343322754,1.1019999980926514,-12.482999801635742
849,2.5299999713897705,-8.20300006866455,12.192999839782715
852,-3.0409998893737793,1.2599999904632568,-9.956000328063965
855,3.569999933242798,-7.322000026702881,7.447000026702881
858,1.1410000324249268,-0.7860000133514404,5.908999919891357
861,-0.34299999475479126,-4.966000080108643,-9.121000289916992
864,10.767000198364258,6.461999893188477,11.270999908447266
867,4.335999965667725,-0.6620000004768372,3.4170000553131104
870,4.039000034332275,7.826000213623047,8.519000053405762
873,9.779000282287598,3.1419999599456787,5.697999954223633
876,12.407999992370605,5.749000072479248,8.491000175476074
879,11.404000282287598,-8.708999633789063,13.140999794006348
882,5.040999889373779,4.14900016784668,11.57800006866455
885,6.229000091552734,3.265000104904175,5.4670000076293945
888,8.633000373840332,1.909999966621399,3.2039999961853027
891,5.73799991607666,5.689000129699707,1.6859999895095825
894,-11.293999671936035,1.9850000143051147,10.074000358581543
897,-11.08899974822998,3.1710000038146973,12.428999900817871
900,-5.804999828338623,8.538000106811523,6.5980000495910645
903,-8.720999717712402,9.409000396728516,6.111999988555908
906,-6.261000156402588,9.437999725341797,-1.8530000448226929
909,-3.052000045776367,3.9769999980926514,8.303999900817871
912,-3.8289999961853027,6.203000068664551,9.281000137329102
915,-3.3929998874664307,7.289000034332275,6.590000152587891
918,-9.909000396728516,6.547999858856201,6.261000156402588
921,-7.434999942779541,1.2829999923706055,3.927999973297119
924,-6.848999977111816,5.914999961853027,7.23199987411499
927,-0.00800000037997961,4.748000144958496,3.309000015258789
930,-0.3490000069141388,-4.0920000076293945,7.742000102996826
933,11.822999954223633,3.065999984741211,7.585999965667725
936,6.566999912261963,5.9720001220703125,5.406000137329102
939,2.73799991607666,3.1489999294281006,-0.7620000243186951
942,3.428999900817871,8.229999542236328,0.6000000238418579
945,6.770999908447266,8.187999725341797,2.696000099182129
948,1.253000020980835,1.340999960899353,8.989999771118164
951,3.2320001125335693,6.493000030517578,2.7980000972747803
954,-4.316999912261963,1.871000051498413,9.923999786376953
957,-5.150000095367432,-0.5860000252723694,3.75600004196167
960,5.810999870300293,2.8440001010894775,1.9420000314712524
963,0.5230000019073486,4.5,5.98799991607666
966,7.002999782562256,2.309999942779541,11.20199966430664
969,-1.1950000524520874,0.36800000071525574,10.395000457763672
972,4.749000072479248,3.9820001125335693,-6.9019999504089355
975,0.6010000109672546,12.168999671936035,-1.7389999628067017
978,4.177999973297119,10.46500015258789,1.909000039100647
981,2.066999912261963,7.183000087738037,-3.621999979019165
984,3.316999912261963,5.86899995803833,-0.925000011920929
987,10.024999618530273,3.496000051498413,-3.430999994277954
990,8.612000465393066,11.362000465393066,-2.5850000381469727
993,11.598999977111816,9.659000396728516,-2.1519999504089355
996,9.946999549865723,8.225000381469727,-3.7869999408721924
999,11.845999717712402,6.456999778747559,-5.109000205993652
1002,12.001999855041504,9.187999725341797,3.6080000400543213
1005,9.279999732971191,9.262999534606934,3.3949999809265137
1008,6.857999801635742,6.051000118255615,-1.0180000066757202
1011,10.659000396728516,1.2380000352859497,-4.89300012588501
1014,-7.796000003814697,2.489000082015991,1.2280000448226929
1017,-10.729999542236328,4.014999866485596,-2.4119999408721924
1020,10.354999542236328,-0.47600001096725464,1.9140000343322754
1023,6.35099983215332,8.045000076293945,-4.855000019073486
1026,-5.867000102996826,7.938000202178955,-4.660999774932861
1029,-8.130999565124512,7.790999889373779,1.565999984741211
1032,-5.688000202178955,5.578000068664551,0.7680000066757202
1035,-8.246000289916992,10.36400032043457,1.8769999742507935
1038,-4.076000213623047,7.659999847412109,1.534000039100647
1041,-10.255999565124512,6.829999923706055,3.632999897003174
1044,-9.744000434875488,4.216000080108643,3.0320000648498535
1047,-4.692999839782715,2.74399995803833,0.6600000262260437
1050,-5.239999771118164,4.875999927520752,-4.038000106811523
1053,1.2029999494552612,2.3420000076293945,2.875
1056,-5.500999927520752,6.910999774932861,3.88100004196167
1059,-9.762999534606934,6.888999938964844,-1.4819999933242798
1062,-2.184000015258789,7.0920000076293945,-0.6959999799728394
1065,-4.5320000648498535,7.086999893188477,-2.38700008392334
1068,0.5590000152587891,7.436999797821045,-1.0889999866485596
1071,-3.378000020980835,1.090999960899353,2.3559999465942383
1074,0.2199999988079071,10.178999900817871,-0.014999999664723873
1077,6.046000003814697,8.314000129699707,0.050999999046325684
1080,3.0450000762939453,6.610000133514404,-7.388000011444092
1083,8.055000305175781,5.728000164031982,-12.173999786376953
1086,11.390999794006348,7.928999900817871,-11.154000282287598
1089,9.472000122070313,10.29699993133545,-5.734000205993652
1092,5.599999904632568,7.409999847412109,-7.401000022888184
1095,6.431000232696533,9.57699966430664,-2.3889999389648438
1098,8.58899974822998,1.9889999628067017,-6.953000068664551
1101,6.689000129699707,2.7929999828338623,-8.843000411987305
1104,9.041999816894531,4.271999835968018,-9.918999671936035
1107,7.854000091552734,5.841000080108643,-7.945000171661377
1110,8.848999977111816,5.830999851226807,-3.005000114440918
1113,6.195000171661377,3.546999931335449,-4.197000026702881
1116,-10.097999572753906,9.112000465393066,-7.85099983215332
1119,-9.520999908447266,11.527999877929688,-10.008999824523926
1122,-6.401000022888184,11.010000228881836,-8.503000259399414
1125,-8.779000282287598,5.230999946594238,0.49799999594688416
1128,-7.901000022888184,9.815999984741211,-6.355999946594238
1131,-10.850000381469727,11.003999710083008,-5.982999801635742
1134,9.539999961853027,4.300000190734863,-6.111999988555908
1137,-8.253999710083008,6.065999984741211,-8.593999862670898
1140,-1.5750000476837158,7.642000198364258,-8.496000289916992
1143,-6.068999767303467,2.3570001125335693,-3.872999906539917
1146,-0.27300000190734863,5.059000015258789,-8.1850004196167
1149,-9.512999534606934,5.8429999351501465,-3.927999973297119
1152,-4.124000072479248,8.527000427246094,-7.624000072479248
1155,-2.796999931335449,7.816999912261963,-10.869999885559082
1158,3.0889999866485596,5.961999893188477,-11.567000389099121
1161,0.3659999966621399,9.46500015258789,-8.166999816894531
1164,-0.6930000185966492,9.331000328063965,-5.169000148773193
1167,-4.551000118255615,10.357999801635742,-5.693999767303467
1170,-4.586999893188477,-0.7720000147819519,-6.334000110626221
1173,-2.813999891281128,3.515000104904175,-8.288000106811523
1176,-2.743000030517578,5.019999980926514,-10.498000144958496
1179,1.937000036239624,8.630000114440918,-5.841000080108643
1182,4.660999774932861,5.857999801635742,-4.6579999923706055
1185,1.3450000286102295,5.25600004196167,-5.980000019073486
1188,3.2769999504089355,8.024999618530273,12.395999908447266
1191,3.3489999771118164,5.9039998054504395,10.470000267028809
1194,5.754000186920166,7.449999809265137,-12.081999778747559
1197,12.178000450134277,10.055000305175781,10.85200023651123
1200,9.336000442504883,10.513999938964844,10.758000373840332
1203,10.361000061035156,4.519999980926514,13.442000389099121
1206,6.823999881744385,9.616000175476074,13.972000122070313
1209,-10.854000091552734,8.479000091552734,8.736000061035156
1212,-8.418000221252441,9.5649995803833,8.765999794006348
1215,-6.770999908447266,7.677999973297119,13.708999633789063
1218,-9.59000015258789,8.607999801635742,-10.746000289916992
1221,12.312000274658203,5.175000190734863,-11.324000358581543
1224,-8.762999534606934,1.5880000591278076,-10.255000114440918
1227,-9.684000015258789,0.6909999847412109,14.0
1230,-8.585000038146973,1.2860000133514404,9.845999717712402
1233,-9.031999588012695,3.5950000286102295,-12.793000221252441
1236,11.682000160217285,4.8420000076293945,-7.804999828338623
1239,10.390999794006348,1.8700000047683716,-10.005999565124512
1242,-4.741000175476074,9.503999710083008,14.281999588012695
1245,-2.390000104904175,8.215999603271484,13.468000411987305
1248,0.878000020980835,4.679999828338623,10.090999603271484
1251,-2.3469998836517334,11.494000434875488,-10.802000045776367
1254,1.9509999752044678,11.354000091552734,-10.690999984741211
1257,-4.5920000076293945,10.005999565124512,-10.156999588012695
1260,-8.708000183105469,6.3420000076293945,-12.48900032043457
1263,-5.505000114440918,6.291999816894531,11.592000007629395
1266,-2.065999984741211,2.4110000133514404,12.164999961853027
1269,0.4860000014305115,0.2800000011920929,13.78600025177002
1272,-5.10099983215332,3.696000099182129,11.774999618530273
1275,-8.190999984741211,7.129000186920166,-5.936999797821045
1278,0.6359999775886536,3.0,12.647000312805176
1281,5.973999977111816,7.451000213623047,11.722999572753906
1284,2.0209999084472656,8.545999526977539,-12.07800006866455
1287,3.315000057220459,3.7049999237060547,13.694999694824219
1290,7.895999908447266,5.058000087738037,11.491000175476074
1293,-1.7480000257492065,5.579999923706055,-12.956000328063965
