0,-0.41200000047683716,-3.9159998893737793,3.171999931335449
3,5.682000160217285,9.8149995803833,-12.64900016784668
6,8.1850004196167,-1.2489999532699585,-6.435999870300293
9,12.607000350952148,13.013999938964844,5.493000030517578
12,-3.0230000019073486,-5.322999954223633,-11.550999641418457
15,3.240999937057495,2.634999990463257,3.5199999809265137
18,3.5299999713897705,8.65999984741211,7.46999979019165
21,4.644999980926514,4.64900016784668,9.82699966430664
24,6.0980000495910645,9.427000045776367,8.647000312805176
27,7.823999881744385,-6.230000019073486,-12.670999526977539
30,9.402000427246094,4.859000205993652,10.576000213623047
33,8.753999710083008,12.692999839782715,10.647000312805176
36,-10.70199966430664,-5.283999919891357,5.8379998207092285
39,-9.871000289916992,-9.298999786376953,11.694000244140625
42,0.4390000104904175,-4.4770002365112305,5.896999835968018
45,-5.010000228881836,-8.088000297546387,9.779999732971191
48,4.238999843597412,-7.7779998779296875,-12.668999671936035
51,-9.437000274658203,10.574999809265137,9.609999656677246
54,-1.8539999723434448,0.527999997138977,-13.302000045776367
57,-9.940999984741211,10.251999855041504,4.801000118255615
60,-5.293000221252441,-6.0929999351501465,6.234000205993652
63,6.590000152587891,2.4159998893737793,7.9120001792907715
66,0.17599999904632568,12.267999649047852,13.345999717712402
69,-5.89900016784668,12.467000007629395,7.956999778747559
72,0.9409999847412109,11.539999961853027,-11.09000015258789
75,-10.717000007629395,2.4719998836517334,11.817999839782715
78,-6.9019999504089355,3.990999937057495,-0.843999981880188
81,-7.175000190734863,1.2829999923706055,2.1470000743865967
84,6.065999984741211,11.190999984741211,6.453000068664551
87,-2.549999952316284,11.571000099182129,11.930999755859375
90,10.956999778747559,10.12399959564209,-7.052000045776367
93,-8.928000450134277,11.277999877929688,7.071000099182129
96,7.658999919891357,-7.179999828338623,-2.2300000190734863
99,5.010000228881836,-7.822000026702881,3.9179999828338623
102,7.568999767303467,-8.513999938964844,-11.378000259399414
105,5.473999977111816,-8.13700008392334,8.847000122070313
108,8.446999549865723,2.365000009536743,11.487000465393066
111,-10.496999740600586,-4.048999786376953,8.454999923706055
114,1.9930000305175781,-5.460999965667725,13.696000099182129
117,5.681000232696533,7.5269999504089355,-8.675000190734863
120,7.986999988555908,-6.441999912261963,3.6570000648498535
123,4.090000152587891,1.4240000247955322,7.250999927520752
126,-7.710000038146973,-5.315999984741211,2.947999954223633
129,0.3330000042915344,-9.199000358581543,-1.5190000534057617
132,-1.2330000400543213,-6.138000011444092,-0.6330000162124634
135,-7.96999979019165,-6.2210001945495605,5.672999858856201
138,-1.430999994277954,-8.744999885559082,0.49000000953674316
141,12.314000129699707,-3.005000114440918,4.460999965667725
144,4.611999988555908,12.182000160217285,12.272000312805176
147,-10.36400032043457,-4.0320000648498535,-0.0860000029206276
150,-3.990000009536743,10.758999824523926,-7.142000198364258
153,11.696999549865723,5.318999767303467,3.88100004196167
156,12.251999855041504,-7.873000144958496,3.180000066757202
159,5.561999797821045,-6.827000141143799,-0.367000013589859
162,-5.414999961853027,3.2249999046325684,1.5770000219345093
165,-9.526000022888184,3.997999906539917,-1.309999942779541
168,-4.401000022888184,-1.5190000534057617,0.4959999918937683
171,7.26200008392334,-6.486000061035156,10.345999717712402
174,-1.6480000019073486,5.677999973297119,4.7129998207092285
177,-10.496000289916992,-0.5070000290870667,3.815000057220459
180,-6.427000045776367,10.720999717712402,0.8379999995231628
183,5.270999908447266,-8.760000228881836,-5.0920000076293945
186,-0.49900001287460327,-2.9639999866485596,-5.059999942779541
189,-0.4620000123977661,-6.306000232696533,7.705999851226807
192,-3.306999921798706,-3.1589999198913574,-4.065000057220459
195,-2.8429999351501465,9.331999778747559,1.1770000457763672
198,7.192999839782715,-9.717000007629395,-3.2950000762939453
201,0.5149999856948853,-7.385000228881836,4.679999828338623
204,-2.375,10.45199966430664,6.114999771118164
207,-2.7750000953674316,8.131999969482422,3.6549999713897705
210,5.7270002365112305,-0.061000000685453415,5.291999816894531
213,7.2129998207092285,3.2820000648498535,-11.475000381469727
216,2.5950000286102295,-8.116999626159668,2.8310000896453857
219,-4.784999847412109,11.118000030517578,-2.065000057220459
222,-6.210999965667725,-5.8520002365112305,-1.1720000505447388
225,-3.2039999961853027,-9.197999954223633,-1.6119999885559082
228,2.8010001182556152,-8.288999557495117,-0.004999999888241291
231,10.793999671936035,12.164999961853027,0.4390000104904175
234,7.203999996185303,-3.6579999923706055,4.004000186920166
237,-8.829999923706055,11.449999809265137,-3.7950000762939453
240,-10.314000129699707,7.665999889373779,3.7660000324249268
243,-9.302000045776367,-7.732999801635742,0.7549999952316284
246,8.406999588012695,10.331999778747559,1.1089999675750732
249,-11.184000015258789,-5.915999889373779,-2.9019999504089355
252,6.394999980926514,-0.5120000243186951,-4.343999862670898
255,-9.732000350952148,-1.3029999732971191,-2.9839999675750732
258,-7.184999942779541,-0.10700000077486038,-6.99399995803833
261,-7.589000225067139,-4.034999847412109,-4.888999938964844
264,1.1690000295639038,-5.672999858856201,2.0899999141693115
267,-1.4479999542236328,-2.88700008392334,-7.663000106811523
270,9.602999687194824,9.034000396728516,-4.818999767303467
273,11.157999992370605,7.486000061035156,-8.029999732971191
276,12.281999588012695,-6.90500020980835,11.725000381469727
279,-6.6020002365112305,-4.326000213623047,12.875
282,-8.201000213623047,-5.711999893188477,-8.711999893188477
285,-7.875999927520752,-8.663000106811523,-11.720000267028809
288,-7.079999923706055,1.1440000534057617,-0.8569999933242798
291,2.6059999465942383,-6.676000118255615,-2.321000099182129
294,6.230000019073486,-8.871999740600586,-8.741999626159668
297,10.824999809265137,-5.660999774932861,-0.6370000243186951
300,11.86299991607666,-1.8960000276565552,-1.2669999599456787
303,-7.318999767303467,-2.5230000019073486,-2.631999969482422
306,10.079999923706055,-7.53000020980835,-3.377000093460083
309,7.25,0.07599999755620956,-11.595999717712402
312,7.7170000076293945,-9.081000328063965,-6.313000202178955
315,7.4720001220703125,10.604999542236328,-5.76200008392334
318,6.843999862670898,12.812999725341797,-0.5659999847412109
321,-0.8169999718666077,-1.1100000143051147,-9.803999900817871
324,1.50600004196167,-2.6610000133514404,-11.015000343322754
327,6.416999816894531,9.076000213623047,11.96399974822998
330,11.133999824523926,-7.453999996185303,-5.949999809265137
333,5.23799991607666,-7.511000156402588,12.048999786376953
336,8.744999885559082,11.663000106811523,-10.378999710083008
339,-11.109000205993652,12.375,-12.949000358581543
342,9.885000228881836,-8.609999656677246,-8.71500015258789
345,-0.8240000009536743,-2.4820001125335693,11.560999870300293
348,-9.843000411987305,-5.565000057220459,-5.14900016784668
351,-4.275000095367432,-2.872999906539917,13.595999717712402
354,-3.9690001010894775,7.626999855041504,11.746999740600586
357,8.331999778747559,10.836000442504883,12.980999946594238
360,-4.880000114440918,10.437000274658203,12.394000053405762
363,8.965999603271484,9.456999778747559,8.836000442504883
366,-4.9019999504089355,10.5649995803833,9.581000328063965
369,-7.013000011444092,9.125,8.560999870300293
372,4.177000045776367,-3.122999906539917,13.387999534606934
375,-6.839000225067139,8.86299991607666,5.710999965667725
378,-0.5960000157356262,-4.119999885559082,-9.984000205993652
381,7.150000095367432,10.269000053405762,-8.6850004196167
384,-7.053999900817871,-9.258999824523926,-5.60699987411499
387,-0.02800000086426735,-8.118000030517578,9.673999786376953
390,-5.311999797821045,-7.090000152587891,-10.861000061035156
393,-0.3479999899864197,-7.803999900817871,-8.711999893188477
396,3.0169999599456787,9.539999961853027,-10.904999732971191
399,-7.25,-9.00100040435791,-8.678999900817871
402,-6.320000171661377,-7.88700008392334,12.277000427246094
405,8.571999549865723,-6.224999904632568,-9.322999954223633
408,-3.2890000343322754,-6.545000076293945,7.914999961853027
411,-7.835999965667725,-4.484000205993652,9.789999961853027
414,2.132999897003174,6.65500020980835,-8.269000053405762
417,5.015999794006348,1.809000015258789,-10.829999923706055
420,-3.0399999618530273,0.30399999022483826,-8.79699993133545
423,9.104000091552734,-1.378000020980835,-10.354000091552734
426,1.8700000047683716,1.61899995803833,5.742000102996826
429,4.698999881744385,7.015999794006348,-4.614999771118164
432,10.074999809265137,-7.330999851226807,13.246000289916992
435,-10.520999908447266,0.3970000147819519,-11.411999702453613
438,-2.2330000400543213,-7.033999919891357,2.686000108718872
441,-5.729000091552734,0.2669999897480011,-11.65999984741211
444,-6.677999973297119,4.377999782562256,9.17300033569336
447,7.284999847412109,4.302999973297119,-7.190000057220459
450,2.0169999599456787,1.8179999589920044,11.487000465393066
453,6.984000205993652,-3.8529999256134033,13.595999717712402
456,9.812000274658203,-3.947999954223633,5.38100004196167
459,-7.695000171661377,5.869999885559082,12.704999923706055
462,-8.121000289916992,0.7789999842643738,10.430000305175781
465,9.701000213623047,-2.0959999561309814,7.383999824523926
468,-7.570000171661377,1.7589999437332153,4.89300012588501
471,-5.1620001792907715,5.133999824523926,11.534000396728516
474,-3.88700008392334,-2.197999954223633,7.453999996185303
477,-4.142000198364258,6.73199987411499,6.098999977111816
480,1.2999999523162842,-1.7389999628067017,13.244000434875488
483,-6.813000202178955,10.373000144958496,-8.82800006866455
486,-6.64900016784668,-0.6970000267028809,13.005999565124512
489,-8.883000373840332,-2.940999984741211,12.072999954223633
492,-2.552000045776367,-1.5740000009536743,2.5769999027252197
495,-1.0980000495910645,1.472000002861023,-10.862000465393066
498,-10.130999565124512,-0.29600000381469727,12.071999549865723
501,-6.116000175476074,10.798999786376953,-4.421999931335449
504,0.25200000405311584,7.77400016784668,4.132999897003174
507,0.19699999690055847,3.072999954223633,7.415999889373779
510,-8.175000190734863,4.372000217437744,6.5370001792907715
513,2.510999917984009,2.805000066757202,9.02400016784668
516,-0.39899998903274536,0.45899999141693115,11.515999794006348
519,-10.031999588012695,1.9509999752044678,9.010000228881836
522,0.5809999704360962,-3.9700000286102295,9.38599967956543
525,-3.5490000247955322,2.499000072479248,11.954999923706055
528,-4.374000072479248,-5.791999816894531,3.696000099182129
531,-7.9039998054504395,-8.906000137329102,5.085000038146973
534,-3.5739998817443848,-5.61899995803833,10.432000160217285
537,8.180999755859375,-3.940999984741211,10.579999923706055
540,5.076000213623047,-6.104000091552734,-4.741000175476074
543,6.789999961853027,8.258000373840332,0.18299999833106995
546,10.522000312805176,8.02400016784668,0.6970000267028809
549,2.1489999294281006,4.874000072479248,5.14900016784668
552,3.3420000076293945,-0.02800000086426735,3.7360000610351563
555,11.282999992370605,3.055999994277954,-10.585000038146973
558,-8.979000091552734,10.442999839782715,2.2190001010894775
561,-8.586999893188477,-3.369999885559082,1.6649999618530273
564,9.312999725341797,-1.4520000219345093,-2.493000030517578
567,4.468999862670898,-1.8860000371932983,-7.138000011444092
570,11.074000358581543,0.6970000267028809,7.3429999351501465
573,-8.548999786376953,-1.444000005722046,7.254000186920166
576,-5.879000186920166,-6.947999954223633,1.4869999885559082
579,-6.4019999504089355,13.21399974822998,-0.07100000232458115
582,-6.375999927520752,-3.1710000038146973,-0.210999995470047
585,-5.506999969482422,-1.1670000553131104,4.9720001220703125
588,-3.9830000400543213,0.7850000262260437,1.9320000410079956
591,11.491999626159668,10.232000350952148,9.781999588012695
594,-6.580999851226807,6.197999954223633,-2.9210000038146973
597,11.552000045776367,0.5519999861717224,0.23800000548362732
600,-0.35199999809265137,-1.9129999876022339,-1.0010000467300415
603,-2.86899995803833,-6.947999954223633,12.869999885559082
606,1.8200000524520874,0.4569999873638153,0.972000002861023
609,-4.951000213623047,5.658999919891357,-0.5839999914169312
612,-3.0910000801086426,3.055000066757202,0.0689999982714653
615,2.73799991607666,-2.263000011444092,-4.559000015258789
618,0.3779999911785126,4.38700008392334,-1.0740000009536743
621,5.960000038146973,-3.5209999084472656,8.633000373840332
624,8.406999588012695,0.7760000228881836,9.335000038146973
627,-2.6089999675750732,5.875999927520752,13.446000099182129
630,7.616000175476074,3.7279999256134033,5.521999835968018
633,1.5299999713897705,2.7049999237060547,-3.069000005722046
636,5.3470001220703125,7.453000068664551,2.3450000286102295
639,6.164000034332275,-2.8540000915527344,-11.041000366210938
642,-0.4490000009536743,-0.0560000017285347,6.183000087738037
645,9.880000114440918,-7.440999984741211,10.038000106811523
648,-0.08799999952316284,-1.00600004196167,3.6459999084472656
651,-2.999000072479248,-7.686999797821045,-8.446999549865723
654,-7.355999946594238,7.136000156402588,10.255000114440918
657,8.272000312805176,-0.9020000100135803,5.375999927520752
660,-7.84499979019165,-1.2699999809265137,3.319999933242798
663,10.072999954223633,-7.423999786376953,1.4210000038146973
666,7.613999843597412,-4.880000114440918,-4.256999969482422
669,-10.095999717712402,12.26200008392334,-1.3539999723434448
672,1.312999963760376,0.20600000023841858,-1.6790000200271606
675,10.666999816894531,0.5090000033378601,3.01200008392334
678,7.526000022888184,-4.047999858856201,-1.4320000410079956
681,-0.9369999766349792,1.878000020980835,2.01200008392334
684,-8.300999641418457,8.812000274658203,-10.972999572753906
687,-9.27299976348877,4.241000175476074,-5.826000213623047
690,-5.797999858856201,2.7049999237060547,-8.654999732971191
693,11.491000175476074,1.2489999532699585,-3.9700000286102295
696,-7.486000061035156,8.638999938964844,-1.7649999856948853
699,0.24199999868869781,11.229999542236328,-6.388999938964844
702,-8.82699966430664,-6.0879998207092285,-1.5260000228881836
705,-9.656999588012695,-1.3819999694824219,-5.86299991607666
708,9.904999732971191,3.86899995803833,-2.747999906539917
711,-9.76099967956543,1.281000018119812,-1.6540000438690186
714,1.8209999799728394,-2.4609999656677246,0.8539999723434448
717,-3.6589999198913574,-3.190999984741211,4.5879998207092285
720,4.164999961853027,-1.0759999752044678,1.0570000410079956
723,1.8240000009536743,2.5490000247955322,-6.083000183105469
726,1.684000015258789,11.1899995803833,-8.505000114440918
729,3.0799999237060547,1.2610000371932983,-8.487000465393066
732,5.800000190734863,2.1489999294281006,2.746000051498413
735,4.9770002365112305,5.544000148773193,-1.715999960899353
738,1.8880000114440918,-2.563999891281128,7.239999771118164
741,-4.019999980926514,0.35100001096725464,-6.052000045776367
744,5.104000091552734,11.161999702453613,-10.218000411987305
747,10.031000137329102,1.2920000553131104,-7.250999927520752
750,2.671999931335449,-4.955999851226807,-0.10400000214576721
753,5.76200008392334,-0.2160000056028366,8.996000289916992
756,3.822999954223633,-4.22599983215332,-11.317999839782715
759,12.22700023651123,2.697999954223633,-6.005000114440918
762,-10.144000053405762,5.97599983215332,-3.0420000553131104
765,-11.411999702453613,-4.211999893188477,12.357000350952148
768,1.1009999513626099,5.632999897003174,-10.496999740600586
771,3.4800000190734863,9.36400032043457,-7.783999919891357
774,-5.449999809265137,12.550000190734863,-10.680000305175781
777,-4.208000183105469,-2.2839999198913574,-7.473999977111816
780,-7.982999801635742,6.4770002365112305,4.7789998054504395
783,-0.5339999794960022,-4.317999839782715,14.291000366210938
786,-1.7879999876022339,9.354000091552734,-7.145999908447266
789,10.26099967956543,-4.070000171661377,-10.27299976348877
792,-3.375999927520752,-2.744999885559082,10.407999992370605
795,-2.444000005722046,3.0360000133514404,7.013000011444092
798,3.931999921798706,-0.49900001287460327,-11.975000381469727
801,12.489999771118164,-8.3149995803833,-10.862000465393066
804,10.454999923706055,-0.9589999914169312,-5.111999988555908
807,12.085000038146973,-0.4740000069141388,-7.679999828338623
810,-4.843999862670898,5.39300012588501,-8.565999984741211
813,-3.2109999656677246,-9.512999534606934,-12.552000045776367
816,6.730000019073486,-1.3359999656677246,-8.788000106811523
819,10.642000198364258,-6.34499979019165,6.535999774932861
822,1.4450000524520874,0.8830000162124634,14.12600040435791
825,-8.605999946594238,3.197000026702881,-8.37399959564209
828,-5.388000011444092,-2.180999994277954,-9.930999755859375
831,5.9710001945495605,-5.4679999351501465,-9.293000221252441
834,4.625,-2.5940001010894775,6.511000156402588
837,9.958999633789063,-4.440999984741211,-5.672999858856201
840,1.965000033378601,-4.53000020980835,-5.635000228881836
843,-2.9079999923706055,-1.6469999551773071,-11.729000091552734
846,4.579999923706055,-4.576000213623047,-6.978000164031982
849,-0.2549999952316284,-5.255000114440918,-7.431000232696533
852,2.186000108718872,-1.534000039100647,-8.65999984741211
855,2.302999973297119,-3.8420000076293945,11.373000144958496
858,3.8420000076293945,3.9760000705718994,12.319999694824219
861,-4.85699987411499,-7.668000221252441,-3.686000108718872
864,9.307000160217285,5.705999851226807,-10.939000129699707
867,-10.64900016784668,7.2129998207092285,-0.12999999523162842
870,3.8519999980926514,9.949000358581543,5.010000228881836
873,-4.146999835968018,3.7909998893737793,-12.772000312805176
876,-10.420000076293945,4.3480000495910645,8.189000129699707
879,-9.545000076293945,-8.192000389099121,-5.823999881744385
882,8.979999542236328,1.7669999599456787,-13.093000411987305
885,3.2760000228881836,5.810999870300293,7.564000129699707
888,-8.317000389099121,1.7070000171661377,-12.168000221252441
891,12.246000289916992,8.284000396728516,7.2210001945495605
894,-10.845999717712402,9.281999588012695,-9.607000350952148
897,10.937999725341797,-0.3799999952316284,-12.604999542236328
900,-3.3559999465942383,6.0920000076293945,1.7070000171661377
903,7.823999881744385,9.065999984741211,3.7119998931884766
906,-3.4679999351501465,-5.663000106811523,-2.2119998931884766
909,-5.860000133514404,9.126999855041504,2.9660000801086426
912,2.0929999351501465,11.857000350952148,4.013000011444092
915,-2.252000093460083,10.869000434875488,8.984000205993652
918,-9.92300033569336,6.249000072479248,10.130999565124512
921,-4.892000198364258,2.246000051498413,4.730999946594238
924,-6.443999767303467,-2.989000082015991,8.086999893188477
927,2.5250000953674316,8.467000007629395,0.460999995470047
930,1.3350000381469727,2.8499999046325684,-10.833999633789063
933,7.620999813079834,7.4730000495910645,10.100000381469727
936,1.7730000019073486,3.1630001068115234,1.1829999685287476
939,4.333000183105469,11.961000442504883,-0.2840000092983246
942,8.560999870300293,11.140999794006348,5.263000011444092
945,6.073999881744385,-8.53600025177002,6.164000034332275
948,3.9110000133514404,8.741000175476074,10.901000022888184
951,4.704999923706055,8.354999542236328,-1.6160000562667847
954,-8.166000366210938,3.1480000019073486,12.661999702453613
957,-2.8519999980926514,5.040999889373779,9.038000106811523
960,6.047999858856201,12.552000045776367,2.299999952316284
963,-0.5860000252723694,5.77400016784668,7.495999813079834
966,-8.605999946594238,-4.244999885559082,-12.13599967956543
969,-3.7679998874664307,2.2660000324249268,-10.63599967956543
972,9.798999786376953,2.812999963760376,0.8659999966621399
975,4.441999912261963,-5.918000221252441,1.9639999866485596
978,-0.5419999957084656,12.440999984741211,5.209000110626221
981,-1.1160000562667847,5.880000114440918,-6.456999778747559
984,4.355000019073486,2.927999973297119,-2.371000051498413
987,-8.157999992370605,7.2220001220703125,0.9440000057220459
990,0.8730000257492065,10.581999778747559,-3.7039999961853027
993,-7.334000110626221,2.3989999294281006,-5.36299991607666
996,-11.057000160217285,10.116000175476074,0.5730000138282776
999,-1.3589999675750732,11.079999923706055,-2.1649999618530273
1002,9.062999725341797,4.915999889373779,7.697000026702881
1005,-10.107000350952148,0.8420000076293945,6.389999866485596
1008,-6.505000114440918,5.60099983215332,2.552000045776367
1011,6.961999893188477,3.125999927520752,0.31200000643730164
1014,-6.019000053405762,-0.2240000069141388,-3.683000087738037
1017,-3.7699999809265137,-0.33399999141693115,12.034000396728516
1020,11.892000198364258,2.7360000610351563,4.578000068664551
1023,9.272000312805176,11.315999984741211,-2.328000068664551
1026,0.3619999885559082,-7.324999809265137,-3.6019999980926514
1029,-0.2590000033378601,8.081000328063965,0.3529999852180481
1032,-0.4059999883174896,5.320000171661377,1.38100004196167
1035,-3.243000030517578,0.4359999895095825,6.357999801635742
1038,-1.0069999694824219,11.534000396728516,2.191999912261963
1041,11.487000465393066,5.646999835968018,6.589000225067139
1044,-4.863999843597412,8.772000312805176,-0.6470000147819519
1047,-2.1440000534057617,3.7279999256134033,-2.4830000400543213
1050,-5.070000171661377,8.16100025177002,-4.500999927520752
1053,0.08399999886751175,3.803999900817871,3.75
1056,-4.190999984741211,4.619999885559082,3.934000015258789
1059,11.279000282287598,4.545000076293945,-0.30000001192092896
1062,-2.2239999771118164,-7.764999866485596,-4.486000061035156
1065,-1.2549999952316284,8.097999572753906,-2.260999917984009
1068,11.753999710083008,11.810999870300293,-3.625
1071,2.989000082015991,7.230999946594238,3.6110000610351563
1074,2.4539999961853027,11.029999732971191,1.4789999723434448
1077,8.838000297546387,-8.395999908447266,5.502999782562256
1080,2.184999942779541,6.788000106811523,-3.1679999828338623
1083,8.0,4.047999858856201,-4.705999851226807
1086,-10.946999549865723,7.223999977111816,-5.5970001220703125
1089,11.706000328063965,12.517999649047852,-6.15500020980835
1092,9.494000434875488,6.88700008392334,3.140000104904175
1095,-7.25600004196167,-6.671999931335449,-4.4039998054504395
1098,5.184000015258789,0.8529999852180481,-0.7450000047683716
1101,1.7549999952316284,5.236000061035156,-5.4720001220703125
1104,7.796999931335449,8.277000427246094,-11.574000358581543
1107,8.291000366210938,8.847999572753906,-2.134000062942505
1110,7.491000175476074,6.710999965667725,-3.7860000133514404
1113,7.103000164031982,5.684000015258789,3.6740000247955322
1116,-9.552000045776367,-6.39900016784668,13.836999893188477
1119,-9.187000274658203,8.638999938964844,-4.0370001792907715
1122,-6.508999824523926,-4.624000072479248,-10.359999656677246
1125,-3.0899999141693115,3.2209999561309814,-5.435999870300293
1128,4.2220001220703125,9.949999809265137,-5.039000034332275
1131,-4.546000003814697,-9.038000106811523,-6.559999942779541
1134,8.456999778747559,1.4240000247955322,-4.452000141143799
1137,-8.34000015258789,9.269000053405762,-6.789000034332275
1140,1.0110000371932983,-8.602999687194824,-6.182000160217285
1143,-0.47600001096725464,8.012999534606934,-4.98799991607666
1146,8.967000007629395,2.8389999866485596,-9.01200008392334
1149,-3.447999954223633,-4.988999843597412,-7.764999866485596
1152,3.4660000801086426,10.961000442504883,-2.621000051498413
1155,1.6829999685287476,-8.343999862670898,-10.595000267028809
1158,5.896999835968018,11.807000160217285,9.970999717712402
1161,3.6470000743865967,-8.064000129699707,-7.3429999351501465
1164,4.151000022888184,-3.7360000610351563,4.000999927520752
1167,8.156999588012695,-6.367000102996826,-6.565000057220459
1170,-1.718999981880188,-3.5309998989105225,0.5479999780654907
1173,-1.503999948501587,6.664000034332275,-11.39799976348877
1176,0.859000027179718,10.00100040435791,12.163000106811523
1179,4.314000129699707,5.663000106811523,-7.051000118255615
1182,7.605000019073486,5.63700008392334,-0.8069999814033508
1185,12.003999710083008,-3.1440000534057617,-12.435999870300293
1188,11.118000030517578,7.394000053405762,9.79800033569336
1191,8.895000457763672,2.634999990463257,3.3589999675750732
1194,4.59499979019165,7.510000228881836,-11.21500015258789
1197,11.17300033569336,10.625,5.824999809265137
1200,-9.253000259399414,0.48100000619888306,-8.918000221252441
1203,11.008000373840332,-0.546999990940094,9.78499984741211
1206,10.902000427246094,-3.4170000553131104,10.144000053405762
1209,0.0560000017285347,-7.493000030517578,12.432000160217285
1212,-6.202000141143799,9.666000366210938,-12.503000259399414
1215,-1.8700000047683716,9.449999809265137,-12.055999755859375
1218,-11.104000091552734,-5.943999767303467,-7.814000129699707
1221,6.448999881744385,5.941999912261963,-12.300999641418457
1224,-7.4629998207092285,6.455999851226807,-6.380000114440918
1227,8.427000045776367,7.291999816894531,-8.868000030517578
1230,-9.449000358581543,6.5,-12.222999572753906
1233,-4.333000183105469,9.937999725341797,-10.32699966430664
1236,-3.3299999237060547,6.46999979019165,-2.9170000553131104
1239,11.675000190734863,-3.3399999141693115,-7.622000217437744
1242,-9.517999649047852,11.531000137329102,-7.697000026702881
1245,-0.10100000351667404,8.855999946594238,6.836999893188477
1248,2.197000026702881,7.045000076293945,11.95300006866455
1251,-5.894000053405762,-6.669000148773193,-7.505000114440918
1254,3.385999917984009,-6.5970001220703125,-9.654999732971191
1257,10.890999794006348,11.190999984741211,12.21500015258789
1260,-1.7860000133514404,9.027999877929688,11.246000289916992
1263,-1.1610000133514404,4.447000026702881,11.555000305175781
1266,1.4900000095367432,9.503000259399414,9.152000427246094
1269,3.6659998893737793,0.20999999344348907,-3.059999942779541
1272,-9.609999656677246,3.8589999675750732,-10.861000061035156
1275,-5.644999980926514,4.973999977111816,-5.098999977111816
1278,2.9790000915527344,5.718999862670898,-12.682000160217285
1281,10.354000091552734,9.522000312805176,-11.093999862670898
1284,-10.956000328063965,5.584000110626221,12.461000442504883
1287,6.610000133514404,4.270999908447266,12.503999710083008
1290,10.987000465393066,3.5810000896453857,13.630000114440918
1293,-2.757999897003174,7.389999866485596,-8.871999740600586
