0,8.244999885559082,-1.628999948501587,6.111999988555908
3,12.479000091552734,-5.0980000495910645,6.439000129699707
6,11.66100025177002,-4.236999988555908,3.7320001125335693
9,-7.442999839782715,-4.642000198364258,6.809999942779541
12,-7.914999961853027,-3.2200000286102295,9.204000473022461
15,-10.699999809265137,-3.431999921798706,8.470999717712402
18,10.678000450134277,12.201000213623047,6.802999973297119
21,-10.89799976348877,-8.347999572753906,6.769999980926514
24,-9.991999626159668,-9.621999740600586,4.361999988555908
27,-8.305999755859375,-7.205999851226807,6.499000072479248
30,-6.986000061035156,-8.303000450134277,8.819000244140625
33,10.529000282287598,-8.480999946594238,8.822999954223633
36,-2.171999931335449,-3.61899995803833,6.642000198364258
39,-8.102999687194824,-2.4590001106262207,5.03000020980835
42,-3.992000102996826,-3.7920000553131104,4.565999984741211
45,0.21400000154972076,-5.381999969482422,6.288000106811523
48,1.1260000467300415,-3.372999906539917,9.309000015258789
51,-1.9780000448226929,-3.802999973297119,9.380999565124512
54,-4.4670000076293945,-7.989999771118164,7.620999813079834
57,-5.059999942779541,-5.827000141143799,5.86899995803833
60,-4.421000003814697,-6.9730000495910645,3.378999948501587
63,1.8799999952316284,-7.360000133514404,6.8379998207092285
66,0.07900000363588333,-8.550000190734863,8.859999656677246
69,-2.375,-7.171000003814697,9.076000213623047
72,3.5179998874664307,-2.7039999961853027,7.664000034332275
75,1.5980000495910645,-4.914000034332275,3.9860000610351563
78,3.740000009536743,-3.0880000591278076,4.618000030517578
81,6.88100004196167,-4.526000022888184,5.426000118255615
84,6.711999893188477,-2.5789999961853027,8.491000175476074
87,4.607999801635742,-4.132999897003174,9.57800006866455
90,4.710999965667725,-7.769999980926514,6.517000198364258
93,2.25600004196167,-7.626999855041504,4.156000137329102
96,4.499000072479248,-7.708000183105469,2.4489998817443848
99,6.452000141143799,-6.968999862670898,4.4079999923706055
102,7.966000080108643,-7.716000080108643,9.39900016784668
105,5.179999828338623,-7.11299991607666,9.25
108,9.388999938964844,-3.7179999351501465,-2.4700000286102295
111,10.354000091552734,-4.426000118255615,0.11699999868869781
114,9.164999961853027,-3.5450000762939453,4.360000133514404
117,8.557999610900879,-8.269000053405762,-2.691999912261963
120,11.027999877929688,-6.801000118255615,1.1749999523162842
123,8.541000366210938,-6.794000148773193,2.4790000915527344
126,-10.635000228881836,-3.6500000953674316,0.11299999803304672
129,-9.289999961853027,-3.9719998836517334,-2.2249999046325684
132,-6.372000217437744,-3.1419999599456787,-2.1470000743865967
135,-5.807000160217285,-4.283999919891357,0.210999995470047
138,-6.925000190734863,-3.2269999980926514,2.5789999961853027
141,-9.317999839782715,-4.673999786376953,2.3940000534057617
144,-10.288000106811523,-7.519999980926514,0.25999999046325684
147,-9.312000274658203,-7.052000045776367,-2.250999927520752
150,-6.732999801635742,-7.921999931335449,-2.6019999980926514
153,-5.7270002365112305,-6.98799991607666,-0.2029999941587448
156,-6.749000072479248,-7.920000076293945,2.2309999465942383
159,-8.958999633789063,-7.105999946594238,3.752000093460083
162,-3.135999917984009,-3.7070000171661377,-0.06499999761581421
165,-1.6369999647140503,-4.781000137329102,-2.2269999980926514
168,0.7509999871253967,-3.4519999027252197,-2.5920000076293945
171,2.178999900817871,-4.140999794006348,-0.38199999928474426
174,0.527999997138977,-3.556999921798706,1.8569999933242798
177,-2.131999969482422,-4.269000053405762,2.4779999256134033
180,-3.0950000286102295,-8.097000122070313,-0.06499999761581421
183,-1.6169999837875366,-7.497000217437744,-2.3320000171661377
186,1.0959999561309814,-8.201000213623047,-2.5320000648498535
189,2.0989999771118164,-7.002999782562256,-0.3930000066757202
192,0.7440000176429749,-7.894000053405762,1.753000020980835
195,-2.0899999141693115,-6.942999839782715,2.130000114440918
198,4.313000202178955,-3.7109999656677246,-1.8980000019073486
201,7.929999828338623,-5.748000144958496,-1.2619999647140503
204,6.375,-3.562000036239624,-0.00800000037997961
207,4.50600004196167,-8.173999786376953,-0.2160000056028366
210,6.0,-7.4670000076293945,-2.3410000801086426
213,8.319999694824219,-4.10699987411499,1.9079999923706055
216,10.017999649047852,-3.372999906539917,-6.807000160217285
219,12.1899995803833,-3.993000030517578,-8.498000144958496
222,-8.970999717712402,-2.9509999752044678,-9.032999992370605
225,-8.456999778747559,-4.145999908447266,-6.638999938964844
228,-10.031000137329102,-3.1640000343322754,-4.749000072479248
231,11.097000122070313,-4.296999931335449,-4.36299991607666
234,10.156000137329102,-8.376999855041504,-7.001999855041504
237,11.97599983215332,-7.045000076293945,-8.960000038146973
240,-9.13599967956543,-7.973999977111816,-9.265999794006348
243,-8.527000427246094,-6.988999843597412,-6.815000057220459
246,-10.112000465393066,-8.015999794006348,-4.806000232696533
249,10.60099983215332,-7.413000106811523,-4.554999828338623
252,-5.581999778747559,-3.3289999961853027,-6.625999927520752
255,-4.1479997634887695,-4.264999866485596,-8.765000343322754
258,-1.6619999408721924,-3.24399995803833,-9.303000450134277
261,-0.6639999747276306,-3.9660000801086426,-6.6579999923706055
264,-2.249000072479248,-3.1600000858306885,-4.431000232696533
267,-4.665999889373779,-4.13700008392334,-4.159999847412109
270,-5.901000022888184,-8.133000373840332,-6.665999889373779
273,-4.184999942779541,-7.065999984741211,-8.741999626159668
276,-1.5199999809265137,-7.926000118255615,-9.152000427246094
279,-0.40799999237060547,-6.876999855041504,-6.638999938964844
282,-2.3239998817443848,-8.039999961853027,-4.939000129699707
285,-4.914999961853027,-7.038000106811523,-4.436999797821045
288,2.0420000553131104,-3.484999895095825,-6.9710001945495605
291,3.7279999256134033,-4.760000228881836,-8.888999938964844
294,6.539000034332275,-3.8480000495910645,-8.786999702453613
297,7.376999855041504,-4.701000213623047,-6.263999938964844
300,5.308000087738037,-3.796999931335449,-4.603000164031982
303,2.4200000762939453,-4.473999977111816,-4.4770002365112305
306,2.2300000190734863,-7.823999881744385,-7.065000057220459
309,3.9630000591278076,-7.449999809265137,-9.12600040435791
312,6.704999923706055,-8.255999565124512,-9.213000297546387
315,7.547999858856201,-7.451000213623047,-6.605999946594238
318,5.385000228881836,-8.286999702453613,-4.942999839782715
321,2.9130001068115234,-7.2870001792907715,-4.473999977111816
324,12.006999969482422,-3.115999937057495,11.208999633789063
327,-11.220999717712402,-4.281000137329102,13.98900032043457
330,10.916999816894531,-3.6740000247955322,-10.994999885559082
333,10.722999572753906,-8.678999900817871,11.569000244140625
336,12.621999740600586,-7.139999866485596,13.538000106811523
339,10.772000312805176,-7.914000034332275,-11.550000190734863
342,-8.661999702453613,-3.381999969482422,13.553000450134277
345,-6.9770002365112305,-4.206999778747559,11.515000343322754
348,-4.002999782562256,-3.3510000705718994,11.23900032043457
351,-3.6459999084472656,-4.184000015258789,13.822999954223633
354,-5.079999923706055,-3.303999900817871,-11.357999801635742
357,-7.7230000495910645,-4.275000095367432,-11.206999778747559
360,-8.484999656677246,-8.015999794006348,13.345999717712402
363,-6.640999794006348,-7.171000003814697,11.413000106811523
366,-3.953000068664551,-8.039999961853027,11.444000244140625
369,-3.1659998893737793,-6.934999942779541,13.829000473022461
372,-4.9039998054504395,-8.020999908447266,-11.524999618530273
375,-7.5370001792907715,-7.031000137329102,-11.45199966430664
378,-0.875,-3.4200000762939453,13.864999771118164
381,0.9959999918937683,-4.3520002365112305,11.920999526977539
384,4.015999794006348,-3.299999952316284,12.067999839782715
387,4.6519999504089355,-4.671999931335449,14.4350004196167
390,2.994999885559082,-3.296999931335449,-11.032999992370605
393,0.29100000858306885,-4.269999980926514,-10.932000160217285
396,-0.7670000195503235,-8.005000114440918,13.258000373840332
399,0.7919999957084656,-7.054999828338623,11.079999923706055
402,3.440999984741211,-8.166000366210938,11.194999694824219
405,4.269000053405762,-7.242000102996826,13.607999801635742
408,2.7829999923706055,-8.25100040435791,-11.628999710083008
411,0.10199999809265137,-7.3429999351501465,-11.364999771118164
414,7.355000019073486,-3.563999891281128,13.800000190734863
417,9.239999771118164,-3.8580000400543213,11.819000244140625
420,8.184000015258789,-4.208000183105469,-10.791999816894531
423,6.896999835968018,-7.836999893188477,13.618000030517578
426,8.663999557495117,-6.619999885559082,11.831000328063965
429,8.13599967956543,-6.919000148773193,-11.135000228881836
432,10.756999969482422,3.8959999084472656,4.947000026702881
435,-10.468000411987305,3.2869999408721924,6.5320000648498535
438,-9.196000099182129,4.107999801635742,4.228000164031982
441,-5.5279998779296875,2.888000011444092,6.923999786376953
444,-6.942999839782715,3.993000030517578,9.241000175476074
447,-9.78600025177002,3.553999900817871,9.159000396728516
450,9.824000358581543,0.6539999842643738,5.645999908447266
453,12.281999588012695,-1.0640000104904175,7.422999858856201
456,-10.631999969482422,-2.052999973297119,4.932000160217285
459,-5.502999782562256,-0.07800000160932541,7.178999900817871
462,-7.422999858856201,-0.640999972820282,9.100000381469727
465,-9.836999893188477,0.5139999985694885,9.182999610900879
468,-2.878000020980835,4.10699987411499,6.269000053405762
471,-5.877999782562256,2.509999990463257,4.285999774932861
474,-2.1540000438690186,5.0289998054504395,3.7079999446868896
477,2.1059999465942383,3.009000062942505,7.086999893188477
480,0.20600000023841858,4.01800012588501,9.069999694824219
483,-2.505000114440918,3.444999933242798,9.147000312805176
486,-2.9010000228881836,-0.9610000252723694,6.947999954223633
489,-7.034999847412109,0.1770000010728836,5.057000160217285
492,-3.8459999561309814,-0.6510000228881836,4.260000228881836
495,1.9290000200271606,0.1979999989271164,7.322000026702881
498,0.10899999737739563,-0.7649999856948853,9.199000358581543
501,-2.2899999618530273,0.671999990940094,9.001999855041504
504,4.689000129699707,3.86899995803833,6.925000190734863
507,1.7430000305175781,3.180999994277954,4.201000213623047
510,4.017000198364258,3.9709999561309814,2.6419999599456787
513,8.35099983215332,3.3410000801086426,6.256999969482422
516,7.863999843597412,3.9760000705718994,9.234999656677246
519,5.816999912261963,2.736999988555908,10.482000350952148
522,4.677000045776367,-0.42399999499320984,6.900000095367432
525,1.4479999542236328,0.3310000002384186,4.4720001220703125
528,3.934000015258789,-0.7979999780654907,3.2829999923706055
531,8.182999610900879,1.9459999799728394,3.3989999294281006
534,6.359000205993652,-0.0430000014603138,4.6579999923706055
537,5.639999866485596,-0.035999998450279236,9.4350004196167
540,8.746999740600586,4.11899995803833,-2.1429998874664307
543,9.118000030517578,2.493000030517578,0.3790000081062317
546,10.758999824523926,4.133999824523926,2.2230000495910645
549,8.958000183105469,-1.069000005722046,-1.8600000143051147
552,10.33899974822998,0.09700000286102295,0.26600000262260437
555,10.545999526977539,0.8009999990463257,3.0409998893737793
558,-10.619999885559082,3.5789999961853027,0.5090000033378601
561,-9.572999954223633,2.871999979019165,-2.078000068664551
564,-6.9679999351501465,4.177999973297119,-2.2699999809265137
567,-5.875999927520752,3.428999900817871,0.20000000298023224
570,-7.209000110626221,4.438000202178955,2.503999948501587
573,-10.553999900817871,2.2079999446868896,3.0260000228881836
576,-10.553000450134277,-0.8100000023841858,-0.0010000000474974513
579,-8.866999626159668,0.2150000035762787,-1.8009999990463257
582,-6.248000144958496,-0.3880000114440918,-2.3919999599456787
585,-5.754000186920166,0.5759999752044678,0.25200000405311584
588,-7.2179999351501465,-0.43299999833106995,2.4000000953674316
591,-9.89799976348877,-0.5370000004768372,2.7049999237060547
594,-3.2730000019073486,4.077000141143799,0.12399999797344208
597,-1.9880000352859497,3.1989998817443848,-2.184999942779541
600,0.5529999732971191,4.091000080108643,-2.5269999504089355
603,1.5369999408721924,3.2300000190734863,-0.1469999998807907
606,0.1809999942779541,4.164999961853027,2.0480000972747803
609,-3.640000104904175,2.7880001068115234,2.6080000400543213
612,-2.865000009536743,-0.7749999761581421,-0.1599999964237213
615,-1.5399999618530273,0.48899999260902405,-2.434999942779541
618,0.9729999899864197,-0.6579999923706055,-2.6579999923706055
621,2.013000011444092,0.5860000252723694,-0.3499999940395355
624,0.45500001311302185,-0.46299999952316284,1.9839999675750732
627,-2.2230000495910645,0.1469999998807907,2.2339999675750732
630,4.389999866485596,4.031000137329102,-0.003000000026077032
633,6.294000148773193,2.941999912261963,-1.5099999904632568
636,6.257999897003174,4.089000225067139,4.545000076293945
639,4.118000030517578,-0.7319999933242798,-1.8380000591278076
642,6.7230000495910645,0.8790000081062317,0.3400000035762787
645,4.88700008392334,-1.3109999895095825,0.7519999742507935
648,10.057000160217285,3.822000026702881,-6.794000148773193
651,11.753999710083008,2.8259999752044678,-9.010000228881836
654,-9.211000442504883,4.295000076293945,-9.36299991607666
657,-8.630000114440918,3.2070000171661377,-6.728000164031982
660,-10.27299976348877,4.275000095367432,-4.442999839782715
663,10.82800006866455,3.3589999675750732,-3.867000102996826
666,9.972999572753906,-0.5049999952316284,-6.315999984741211
669,11.534000396728516,0.06800000369548798,-8.680999755859375
672,-9.571000099182129,-0.3310000002384186,-9.354999542236328
675,-8.777999877929688,0.1850000023841858,-6.7210001945495605
678,-10.062000274658203,-0.5019999742507935,-4.422999858856201
681,10.965999603271484,0.375,-3.7809998989105225
684,-6.008999824523926,3.9730000495910645,-6.866000175476074
687,-4.478000164031982,3.056999921798706,-9.121999740600586
690,-1.847000002861023,4.136000156402588,-9.71399974822998
693,-0.6340000033378601,3.2699999809265137,-6.609000205993652
696,-2.5369999408721924,4.118000030517578,-4.833000183105469
699,-5.10699987411499,3.2190001010894775,-4.285999774932861
702,-6.005000114440918,-0.6230000257492065,-6.888999938964844
705,-4.564000129699707,0.3709999918937683,-9.137999534606934
708,-1.8890000581741333,-0.44999998807907104,-9.704999923706055
711,-0.7570000290870667,0.652999997138977,-7.255000114440918
714,-2.25,-0.27900001406669617,-5.076000213623047
717,-4.849999904632568,0.460999995470047,-4.682000160217285
720,2.1389999389648438,3.921999931335449,-6.465000152587891
723,3.7249999046325684,3.01200008392334,-8.562999725341797
726,6.459000110626221,3.818000078201294,-9.116000175476074
729,7.506999969482422,2.765000104904175,-6.684999942779541
732,5.589000225067139,3.7929999828338623,-4.425000190734863
735,2.812999963760376,3.316999912261963,-3.865999937057495
738,1.9140000343322754,-0.7360000014305115,-7.184999942779541
741,3.687999963760376,0.24300000071525574,-8.92300033569336
744,6.435999870300293,-1.0750000476837158,-8.842000007629395
747,7.13700008392334,0.04899999871850014,-6.396999835968018
750,5.313000202178955,-0.48500001430511475,-4.492000102996826
753,2.496000051498413,0.36000001430511475,-4.73199987411499
756,11.501999855041504,4.322999954223633,10.970000267028809
759,12.12600040435791,3.265000104904175,13.46399974822998
762,10.739999771118164,3.5989999771118164,-11.477999687194824
765,12.055999755859375,0.02199999988079071,11.529999732971191
768,-10.793999671936035,0.296999990940094,-13.10200023651123
771,10.774999618530273,-0.699999988079071,-11.420000076293945
774,-8.696000099182129,4.2270002365112305,13.373000144958496
777,-6.625,3.365999937057495,11.840999603271484
780,-4.0370001792907715,3.9769999980926514,11.288999557495117
783,-3.0850000381469727,3.1010000705718994,13.717000007629395
786,-4.99399995803833,4.084000110626221,-11.517999649047852
789,-7.591000080108643,3.2219998836517334,-11.40999984741211
792,-8.284000396728516,-0.503000020980835,13.414999961853027
795,-6.468999862670898,0.5019999742507935,11.480999946594238
798,-3.938999891281128,-0.6660000085830688,11.081999778747559
801,-3.2170000076293945,0.5059999823570251,13.534000396728516
804,-5.1579999923706055,-0.3959999978542328,-11.76099967956543
807,-7.736000061035156,0.5669999718666077,-11.232000350952148
810,-0.3540000021457672,4.021999835968018,13.708000183105469
813,0.8640000224113464,3.1440000534057617,11.447999954223633
816,3.444999933242798,4.186999797821045,11.39799976348877
819,4.425000190734863,3.0989999771118164,13.770999908447266
822,3.0380001068115234,3.7960000038146973,-11.086999893188477
825,0.3970000147819519,3.193000078201294,-10.937999725341797
828,-0.7160000205039978,-0.6589999794960022,13.62600040435791
831,1.187000036239624,0.2409999966621399,11.53499984741211
834,3.7090001106262207,-0.47999998927116394,11.211999893188477
837,4.7220001220703125,0.15399999916553497,13.812999725341797
840,2.88700008392334,-0.5199999809265137,-11.347999572753906
843,0.13300000131130219,0.5059999823570251,-11.302000045776367
846,6.980999946594238,3.9489998817443848,13.736000061035156
849,8.928999900817871,3.428999900817871,11.916999816894531
852,7.947000026702881,2.6600000858306885,-11.1899995803833
855,7.23199987411499,-0.6830000281333923,13.78499984741211
858,9.53499984741211,0.6690000295639038,12.206000328063965
861,8.156000137329102,-0.07500000298023224,-10.871999740600586
864,10.281000137329102,9.854999542236328,8.326000213623047
867,11.430000305175781,8.631999969482422,3.7809998989105225
870,-10.354000091552734,10.420999526977539,2.859999895095825
873,-7.058000087738037,10.571000099182129,7.521999835968018
876,-8.071999549865723,11.72599983215332,9.789999961853027
879,-10.3149995803833,10.744999885559082,10.859999656677246
882,9.194000244140625,7.480000019073486,7.126999855041504
885,11.104000091552734,6.482999801635742,5.439000129699707
888,-9.232999801635742,6.519999980926514,5.419000148773193
891,-8.321000099182129,8.144000053405762,7.683000087738037
894,-6.206999778747559,6.701000213623047,8.696999549865723
897,-10.72599983215332,8.730999946594238,9.041000366210938
900,-4.406000137329102,11.416000366210938,7.368000030517578
903,-4.205999851226807,10.699000358581543,4.547999858856201
906,1.6390000581741333,10.713000297546387,3.9189999103546143
909,1.7949999570846558,10.32800006866455,6.741000175476074
912,0.14900000393390656,11.253999710083008,8.89900016784668
915,-2.500999927520752,10.467000007629395,9.67199993133545
918,-3.753999948501587,6.520999908447266,7.0329999923706055
921,-5.067999839782715,7.630000114440918,4.685999870300293
924,1.8109999895095825,7.961999893188477,3.9679999351501465
927,2.4070000648498535,7.5929999351501465,6.860000133514404
930,0.14100000262260437,6.824999809265137,8.60099983215332
933,-2.5969998836517334,7.678999900817871,9.42300033569336
936,3.9809999465942383,11.730999946594238,7.177999973297119
939,6.410999774932861,11.081000328063965,6.188000202178955
942,6.465000152587891,12.279000282287598,3.562000036239624
945,9.769000053405762,10.871000289916992,4.421999931335449
948,7.545000076293945,11.939000129699707,9.17199993133545
951,4.9679999351501465,10.824000358581543,9.574000358581543
954,4.966000080108643,6.677999973297119,6.839000225067139
957,3.989000082015991,6.7769999504089355,2.555999994277954
960,6.400000095367432,6.913000106811523,4.434000015258789
963,7.956999778747559,8.984999656677246,5.289000034332275
966,7.756999969482422,6.6479997634887695,9.338000297546387
969,5.290999889373779,7.9679999351501465,9.185999870300293
972,9.279000282287598,11.47700023651123,-2.1740000247955322
975,10.258999824523926,11.371000289916992,0.4560000002384186
978,9.027999877929688,-9.552000045776367,2.6010000705718994
981,8.718999862670898,7.0879998207092285,-2.055000066757202
984,8.907999992370605,8.664999961853027,0.6899999976158142
987,10.86400032043457,6.84499979019165,1.5169999599456787
990,-10.479000091552734,11.734000205993652,0.4309999942779541
993,-9.07699966430664,10.725000381469727,-1.8309999704360962
996,-6.497000217437744,11.736000061035156,-2.056999921798706
999,-5.64900016784668,10.29800033569336,0.19300000369548798
1002,-6.113999843597412,11.524999618530273,2.611999988555908
1005,-7.390999794006348,11.588000297546387,5.118000030517578
1008,-10.092000007629395,6.502999782562256,0.5230000019073486
1011,-9.631999969482422,7.888000011444092,-1.8980000019073486
1014,-6.932000160217285,6.980000019073486,-2.7019999027252197
1017,-6.039000034332275,7.4629998207092285,-0.15700000524520874
1020,-6.586999893188477,7.035999774932861,2.305999994277954
1023,-9.227999687194824,7.644000053405762,2.7699999809265137
1026,-3.0969998836517334,11.508999824523926,0.03400000184774399
1029,-1.7380000352859497,10.734999656677246,-2.181999921798706
1032,0.8169999718666077,11.269000053405762,-2.562000036239624
1035,1.7960000038146973,10.04800033569336,-0.22100000083446503
1038,0.09000000357627869,11.305000305175781,1.6100000143051147
1041,-2.260999917984009,10.595999717712402,2.6040000915527344
1044,-3.2679998874664307,6.926000118255615,-0.257999986410141
1047,-1.9500000476837158,8.003000259399414,-2.3989999294281006
1050,0.7059999704360962,6.900000095367432,-2.865000009536743
1053,1.7000000476837158,7.389999866485596,-0.35899999737739563
1056,0.10100000351667404,7.066999912261963,1.9450000524520874
1059,-2.7850000858306885,7.754000186920166,2.2690000534057617
1062,4.473999977111816,11.472999572753906,-0.2630000114440918
1065,6.498000144958496,10.305999755859375,-2.0840001106262207
1068,4.077000141143799,11.42300033569336,2.627000093460083
1071,4.380000114440918,6.86899995803833,-0.3479999899864197
1074,6.046999931335449,7.593999862670898,-2.2769999504089355
1077,6.381999969482422,9.262999534606934,2.263000011444092
1080,9.88599967956543,11.423999786376953,-6.451000213623047
1083,11.605999946594238,10.531000137329102,-8.762999534606934
1086,-9.437000274658203,11.678000450134277,-8.718000411987305
1089,-8.458999633789063,10.696999549865723,-6.375
1092,-9.90999984741211,11.692000389099121,-4.2779998779296875
1095,10.99899959564209,10.755000114440918,-4.063000202178955
1098,10.16100025177002,6.46999979019165,-6.765999794006348
1101,11.48900032043457,7.553999900817871,-9.25
1104,-9.236000061035156,7.052000045776367,-9.479999542236328
1107,-8.819999694824219,7.839000225067139,-6.677000045776367
1110,-10.262999534606934,7.068999767303467,-4.373000144958496
1113,10.51200008392334,7.85699987411499,-4.438000202178955
1116,-5.98199987411499,11.62600040435791,-6.711999893188477
1119,-4.151000022888184,10.70199966430664,-8.682000160217285
1122,-1.36899995803833,11.644000053405762,-9.105999946594238
1125,-0.10000000149011612,10.532999992370605,-6.9029998779296875
1128,-2.5889999866485596,11.602999687194824,-4.7129998207092285
1131,-5.244999885559082,10.37399959564209,-4.38100004196167
1134,-6.406000137329102,6.630000114440918,-7.140999794006348
1137,-4.269999980926514,7.546999931335449,-8.670999526977539
1140,-1.6269999742507935,7.017000198364258,-9.427000045776367
1143,-0.48899999260902405,7.8429999351501465,-7.0269999504089355
1146,-2.3420000076293945,7.124000072479248,-4.923999786376953
1149,-5.224999904632568,7.553999900817871,-4.785999774932861
1152,2.2920000553131104,11.836999893188477,-6.671999931335449
1155,4.053999900817871,10.368000030517578,-8.380000114440918
1158,6.510000228881836,11.34000015258789,-8.984000205993652
1161,7.427000045776367,10.246000289916992,-6.4039998054504395
1164,5.485000133514404,11.218999862670898,-4.590000152587891
1167,2.808000087738037,10.454999923706055,-4.302000045776367
1170,2.114000082015991,6.703999996185303,-6.916999816894531
1173,3.9739999771118164,7.664000034332275,-8.786999702453613
1176,6.617000102996826,6.823999881744385,-9.229999542236328
1179,7.386000156402588,7.541999816894531,-6.63700008392334
1182,5.290999889373779,6.547999858856201,-4.705999851226807
1185,2.7070000171661377,7.748000144958496,-4.506999969482422
1188,10.741999626159668,11.151000022888184,10.687000274658203
1191,-10.883000373840332,10.677000045776367,13.944999694824219
1194,10.824999809265137,11.758999824523926,-11.133999824523926
1197,11.633999824523926,7.232999801635742,11.027999877929688
1200,12.206000328063965,7.992000102996826,13.51200008392334
1203,10.689000129699707,6.710000038146973,-11.706000328063965
1206,-8.472999572753906,11.741999626159668,14.041000366210938
1209,-6.735000133514404,10.668999671936035,11.970000267028809
1212,-3.944000005722046,11.432999610900879,11.904999732971191
1215,-3.11899995803833,10.303000450134277,14.314000129699707
1218,-4.986999988555908,11.536999702453613,-11.206000328063965
1221,-7.644000053405762,10.755999565124512,-10.746999740600586
1224,-8.722999572753906,7.308000087738037,13.161999702453613
1227,-6.7129998207092285,7.97599983215332,11.571999549865723
1230,-3.88100004196167,6.756999969482422,11.63700008392334
1233,-3.066999912261963,7.559000015258789,-12.958999633789063
1236,-5.058000087738037,6.791999816894531,-11.279999732971191
1239,-7.610000133514404,7.995999813079834,-11.326000213623047
1242,-0.6039999723434448,11.631999969482422,13.75100040435791
1245,0.6240000128746033,10.715999603271484,11.635000228881836
1248,3.3540000915527344,11.32800006866455,11.725000381469727
1251,4.453000068664551,10.378999710083008,14.152000427246094
1254,3.058000087738037,11.260000228881836,-10.911999702453613
1257,0.3880000114440918,10.392000198364258,-11.012999534606934
1260,-0.27799999713897705,6.729000091552734,13.57699966430664
1263,0.8240000009536743,8.022000312805176,11.182000160217285
1266,3.4570000171661377,6.890999794006348,10.92300033569336
1269,4.105000019073486,7.494999885559082,13.616000175476074
1272,2.9830000400543213,6.8520002365112305,-11.241999626159668
1275,0.4259999990463257,7.607999801635742,-11.041999816894531
1278,7.197999954223633,11.743000030517578,13.982999801635742
1281,8.135000228881836,10.493000030517578,11.663999557495117
1284,8.206000328063965,10.506999969482422,-10.920999526977539
1287,7.086999893188477,6.758999824523926,13.704999923706055
1290,8.979000091552734,7.796000003814697,11.567000389099121
1293,8.25,7.853000164031982,-11.220000267028809
