0,-1.2769999504089355,-9.142000198364258,3.6040000915527344
3,9.154999732971191,10.564000129699707,9.638999938964844
6,6.890999794006348,-5.195000171661377,9.378999710083008
9,11.425999641418457,-8.845000267028809,7.5879998207092285
12,-4.682000160217285,-5.177999973297119,10.657999992370605
15,4.635000228881836,2.9200000762939453,7.079999923706055
18,6.85699987411499,9.472999572753906,5.646999835968018
21,6.394000053405762,9.378999710083008,8.383999824523926
24,10.640999794006348,11.635000228881836,5.526000022888184
27,7.0289998054504395,-7.5289998054504395,7.814000129699707
30,-10.449999809265137,9.765999794006348,6.10099983215332
33,4.691999912261963,8.458000183105469,4.173999786376953
36,-11.02400016784668,-6.454999923706055,7.644000053405762
39,10.541000366210938,-4.0269999504089355,1.2480000257492065
42,-6.651000022888184,13.048999786376953,1.156000018119812
45,-7.620999813079834,-9.220000267028809,5.668000221252441
48,-2.818000078201294,-7.238999843597412,9.833999633789063
51,-9.86299991607666,12.392999649047852,6.763999938964844
54,-9.482000350952148,0.5009999871253967,6.343999862670898
57,-5.761000156402588,10.95300006866455,5.113999843597412
60,-3.3550000190734863,11.977999687194824,6.353000164031982
63,5.640999794006348,7.138000011444092,7.064000129699707
66,0.10400000214576721,7.2779998779296875,7.295000076293945
69,-6.994999885559082,-9.067999839782715,10.829000473022461
72,0.9679999947547913,11.53600025177002,6.802000045776367
75,3.694000005722046,12.300999641418457,4.348999977111816
78,-4.7220001220703125,-7.711999893188477,-0.16899999976158142
81,9.630999565124512,-3.990000009536743,4.783999919891357
84,0.40700000524520874,-8.465999603271484,5.59499979019165
87,-2.2269999980926514,10.593999862670898,9.01200008392334
90,-0.2280000001192093,9.144000053405762,11.505999565124512
93,-1.6369999647140503,10.041000366210938,6.099999904632568
96,0.014999999664723873,-8.300000190734863,-0.8519999980926514
99,4.269000053405762,-7.215000152587891,3.5280001163482666
102,5.521999835968018,-9.795999526977539,12.52299976348877
105,3.427000045776367,-7.406000137329102,6.879000186920166
108,4.1020002365112305,-4.123000144958496,-2.0759999752044678
111,8.09000015258789,-5.308000087738037,1.1260000467300415
114,0.22100000083446503,9.484000205993652,8.845000267028809
117,5.163000106811523,9.777000427246094,-1.9229999780654907
120,4.979000091552734,-7.5320000648498535,-2.134000062942505
123,6.796999931335449,11.262999534606934,2.308000087738037
126,7.682000160217285,-8.189000129699707,-1.5850000381469727
129,11.32699966430664,12.565999984741211,-1.7760000228881836
132,-9.277000427246094,-5.432000160217285,-0.19900000095367432
135,-10.567999839782715,-5.60099983215332,2.2799999713897705
138,11.36400032043457,-7.729000091552734,2.5959999561309814
141,8.98799991607666,-6.428999900817871,3.5
144,7.863999843597412,12.024999618530273,5.03000020980835
147,7.10099983215332,11.609999656677246,-1.1619999408721924
150,11.833999633789063,9.913000106811523,-1.5789999961853027
153,-10.340999603271484,-9.147000312805176,0.9179999828338623
156,-10.701000213623047,12.187999725341797,3.6540000438690186
159,4.465000152587891,-7.794000148773193,0.8999999761581421
162,-8.395000457763672,-4.922999858856201,3.805000066757202
165,-6.913000106811523,-5.170000076293945,-4.500999927520752
168,-5.061999797821045,-6.666999816894531,-2.9539999961853027
171,-3.246999979019165,-7.6539998054504395,2.1610000133514404
174,-5.158999919891357,3.2730000019073486,5.511000156402588
177,-8.527000427246094,-5.88100004196167,6.545000076293945
180,-8.543000221252441,-8.845999717712402,-1.0789999961853027
183,-8.255000114440918,11.461999893188477,-2.687999963760376
186,-3.4019999504089355,6.60699987411499,-3.0
189,3.7230000495910645,11.550999641418457,1.593999981880188
192,-5.75600004196167,12.003999710083008,-3.5799999237060547
195,-8.4399995803833,-8.428000450134277,3.174999952316284
198,-2.5980000495910645,-8.456999778747559,-1.5709999799728394
201,-2.509999990463257,10.772000312805176,-0.09600000083446503
204,-0.41600000858306885,12.352999687194824,1.1130000352859497
207,-6.291999816894531,5.6020002365112305,1.9579999446868896
210,-0.9480000138282776,6.925000190734863,1.5989999771118164
213,7.156000137329102,-4.013000011444092,6.688000202178955
216,2.3919999599456787,-6.164000034332275,-4.520999908447266
219,5.9670000076293945,11.663999557495117,-7.993000030517578
222,9.39900016784668,-7.117000102996826,-8.501999855041504
225,7.565999984741211,-8.133999824523926,-6.7270002365112305
228,9.282999992370605,12.902999877929688,-3.5429999828338623
231,8.6899995803833,-5.460999965667725,-1.4869999885559082
234,3.809000015258789,11.095999717712402,-6.169000148773193
237,4.460000038146973,8.961999893188477,-9.895999908447266
240,9.947999954223633,9.744999885559082,-8.147000312805176
243,7.5970001220703125,11.89799976348877,-5.651000022888184
246,5.7789998054504395,12.265999794006348,-3.5829999446868896
249,3.61899995803833,-8.762999534606934,-4.501999855041504
252,7.864999771118164,-3.6619999408721924,-7.349999904632568
255,10.515000343322754,-4.061999797821045,-7.776000022888184
258,-7.111999988555908,-4.96999979019165,-10.506999969482422
261,-9.109999656677246,-6.4670000076293945,-7.517000198364258
264,-8.369999885559082,-7.466000080108643,-3.749000072479248
267,-11.402000427246094,-6.230000019073486,-6.048999786376953
270,10.157999992370605,12.435999870300293,-7.5370001792907715
273,12.201000213623047,-8.347999572753906,-8.687999725341797
276,-9.293999671936035,-9.211000442504883,-10.237000465393066
279,-7.644000053405762,-8.715999603271484,-6.710999965667725
282,-9.569999694824219,12.715999603271484,-4.986999988555908
285,11.482000350952148,-9.043999671936035,-5.330999851226807
288,-6.8460001945495605,-4.992000102996826,-7.880000114440918
291,-1.781999945640564,-7.868000030517578,-8.3100004196167
294,1.6030000448226929,-6.815999984741211,-7.142000198364258
297,3.010999917984009,-3.630000114440918,-5.579999923706055
300,0.597000002861023,-9.359999656677246,-6.818999767303467
303,-3.3489999771118164,12.626999855041504,-6.915999889373779
306,-3.6730000972747803,-8.984999656677246,-11.423999786376953
309,0.11500000208616257,-9.736000061035156,-10.156999588012695
312,-1.871999979019165,11.065999984741211,-8.711000442504883
315,1.8109999895095825,9.77299976348877,-9.663000106811523
318,-0.30399999022483826,11.687999725341797,-4.474999904632568
321,-5.301000118255615,-8.411999702453613,-5.239999771118164
324,9.286999702453613,-8.765999794006348,9.14900016784668
327,9.559000015258789,-8.92300033569336,11.979000091552734
330,3.053999900817871,-8.859000205993652,-11.190999984741211
333,6.323999881744385,11.531999588012695,9.991000175476074
336,8.428000450134277,13.045000076293945,-12.46500015258789
339,6.577000141143799,10.692000389099121,-10.541999816894531
342,8.020000457763672,-6.901000022888184,11.163000106811523
345,-7.750999927520752,-4.104000091552734,8.282999992370605
348,-9.022000312805176,-6.113999843597412,12.821000099182129
351,-9.071999549865723,-6.561999797821045,-11.585000038146973
354,11.918999671936035,-6.964000225067139,-12.607999801635742
357,10.34000015258789,-8.324999809265137,-10.75
360,8.722999572753906,10.16100025177002,-12.303999900817871
363,-9.975000381469727,-7.172999858856201,10.12399959564209
366,-9.059000015258789,12.244000434875488,9.3149995803833
369,-10.548999786376953,11.345000267028809,12.430000305175781
372,11.718000411987305,10.204999923706055,-12.506999969482422
375,12.357999801635742,7.389999866485596,-12.081000328063965
378,-6.5960001945495605,12.298999786376953,-11.87600040435791
381,-5.063000202178955,11.35099983215332,11.098999977111816
384,-3.7880001068115234,-5.564000129699707,-9.013999938964844
387,0.8560000061988831,-8.987000465393066,9.411999702453613
390,-5.243000030517578,-6.900000095367432,-11.378999710083008
393,-6.553999900817871,-7.741000175476074,13.303000450134277
396,-8.637999534606934,9.071999549865723,12.618000030517578
399,-6.460000038146973,8.996999740600586,11.130999565124512
402,0.4749999940395355,11.458999633789063,12.628000259399414
405,3.005000114440918,10.380000114440918,13.684000015258789
408,-6.695000171661377,-9.343000411987305,-9.329000473022461
411,-11.140999794006348,-5.525000095367432,-9.246000289916992
414,-0.09000000357627869,-6.211999893188477,-11.140999794006348
417,3.121999979019165,-3.200000047683716,7.2230000495910645
420,0.8399999737739563,-8.090999603271484,-12.854999542236328
423,5.784999847412109,12.960000038146973,-11.95199966430664
426,1.4329999685287476,-6.605000019073486,3.9670000076293945
429,3.194999933242798,12.461000442504883,-8.59000015258789
432,3.753999948501587,0.5669999718666077,5.7779998779296875
435,4.61299991607666,0.28600001335144043,8.72599983215332
438,11.581999778747559,-1.3890000581741333,6.947000026702881
441,-7.309999942779541,-4.093999862670898,11.819000244140625
444,6.453999996185303,-0.8730000257492065,5.0370001792907715
447,8.390000343322754,5.730999946594238,11.4399995803833
450,1.6269999742507935,-3.9560000896453857,5.00600004196167
453,4.72599983215332,-5.026000022888184,5.931000232696533
456,10.269000053405762,-1.1690000295639038,1.628000020980835
459,-5.3520002365112305,1.7799999713897705,8.083999633789063
462,6.183000087738037,-1.5420000553131104,7.789999961853027
465,3.369999885559082,-3.8259999752044678,10.050000190734863
468,10.463000297546387,2.6449999809265137,0.07599999755620956
471,12.277000427246094,0.11800000071525574,4.491000175476074
474,-8.595999717712402,1.225000023841858,-1.246000051498413
477,-2.677999973297119,4.386000156402588,4.571000099182129
480,-3.440000057220459,-3.2170000076293945,8.793000221252441
483,-7.046999931335449,3.2049999237060547,11.435999870300293
486,-6.306000232696533,-6.379000186920166,3.321000099182129
489,11.151000022888184,-4.118000030517578,7.191999912261963
492,-7.136000156402588,-0.1940000057220459,7.421000003814697
495,-2.5360000133514404,-3.8589999675750732,5.4679999351501465
498,-10.39799976348877,-3.4739999771118164,8.902999877929688
501,12.418000221252441,-3.7109999656677246,13.625
504,-1.746000051498413,2.7070000171661377,6.434000015258789
507,-3.171999931335449,-0.46299999952316284,8.88700008392334
510,0.8610000014305115,3.4240000247955322,6.125999927520752
513,-0.45500001311302185,-1.8969999551773071,5.316999912261963
516,2.052000045776367,1.159000039100647,10.619000434875488
519,0.8429999947547913,-0.675000011920929,8.736000061035156
522,-1.1419999599456787,-4.86899995803833,9.17199993133545
525,-6.626999855041504,-2.13100004196167,9.843999862670898
528,-6.460000038146973,-5.554999828338623,-0.44999998807907104
531,-3.2160000801086426,11.4350004196167,3.24399995803833
534,-6.533999919891357,-2.236999988555908,5.322000026702881
537,0.31200000643730164,-6.6529998779296875,7.666999816894531
540,2.015000104904175,-0.9200000166893005,-4.894000053405762
543,2.5,5.603000164031982,0.7609999775886536
546,7.230999946594238,-0.34700000286102295,-0.9869999885559082
549,-0.12800000607967377,0.7269999980926514,1.2730000019073486
552,6.7129998207092285,-1.7730000019073486,-3.3289999961853027
555,1.5529999732971191,-3.989000082015991,0.8320000171661377
558,7.317999839782715,2.5810000896453857,-1.1619999408721924
561,-10.270000457763672,-3.7679998874664307,-4.927000045776367
564,-10.559000015258789,-1.1089999675750732,-4.658999919891357
567,-8.237000465393066,-1.496000051498413,-1.968000054359436
570,8.079000473022461,-2.381999969482422,3.1649999618530273
573,6.159999847412109,-3.5490000247955322,1.694000005722046
576,9.604000091552734,-1.7050000429153442,-1.5260000228881836
579,11.25,-4.13100004196167,-1.718000054359436
582,-9.895999908447266,-2.8459999561309814,-0.24199999868869781
585,11.850000381469727,1.1069999933242798,1.9850000143051147
588,-9.274999618530273,0.23999999463558197,1.3559999465942383
591,6.672999858856201,-7.673999786376953,4.830999851226807
594,-9.6899995803833,1.774999976158142,-5.827000141143799
597,-8.901000022888184,3.114000082015991,-3.4230000972747803
600,0.6759999990463257,1.3660000562667847,-1.305999994277954
603,-3.561000108718872,-5.0879998207092285,3.1659998893737793
606,-3.556999921798706,1.8359999656677246,-3.9600000381469727
609,-8.729999542236328,1.9739999771118164,4.204999923706055
612,-7.980999946594238,-2.246999979019165,2.930999994277954
615,-6.445000171661377,-2.805999994277954,-0.2750000059604645
618,-1.468999981880188,3.0429999828338623,-1.218000054359436
621,-0.3240000009536743,-5.059999942779541,2.878999948501587
624,-2.9049999713897705,0.16200000047683716,6.010000228881836
627,-5.368000030517578,-4.122000217437744,7.119999885559082
630,3.493000030517578,1.3849999904632568,2.4240000247955322
633,0.7440000176429749,5.895999908447266,-1.4490000009536743
636,2.2829999923706055,2.938999891281128,8.454000473022461
639,4.320000171661377,-5.27400016784668,-7.329999923706055
642,0.35100001096725464,-1.9709999561309814,2.4010000228881836
645,3.6740000247955322,-3.992000102996826,2.947999954223633
648,3.2690000534057617,1.8079999685287476,-2.3340001106262207
651,7.454999923706055,-1.690999984741211,-9.829999923706055
654,11.336999893188477,-1.031000018119812,-9.020000457763672
657,9.03499984741211,-0.0560000017285347,-8.092000007629395
660,5.38100004196167,0.546999990940094,-3.566999912261963
663,4.551000118255615,-0.06800000369548798,-6.158999919891357
666,2.9119999408721924,-2.5339999198913574,-9.866999626159668
669,5.209000110626221,-2.561000108718872,-8.069999694824219
672,3.0199999809265137,-6.053999900817871,-9.552000045776367
675,8.194000244140625,-1.4529999494552612,-5.742000102996826
678,6.666999816894531,-4.421999931335449,-2.930999994277954
681,4.765999794006348,-1.9639999866485596,-0.460999995470047
684,-10.144000053405762,3.2320001125335693,-8.586000442504883
687,-11.064000129699707,1.1399999856948853,-10.125
690,-6.979000091552734,1.7929999828338623,-9.539999961853027
693,-7.381999969482422,-0.28299999237060547,-7.945000171661377
696,-4.794000148773193,-0.8379999995231628,-8.09000015258789
699,-4.5960001945495605,-0.6600000262260437,-5.294000148773193
702,6.888000011444092,-5.834000110626221,-5.455999851226807
705,-10.251999855041504,-2.994999885559082,-9.086999893188477
708,-7.611000061035156,-2.2920000553131104,-10.423999786376953
711,-8.482999801635742,-2.740999937057495,-7.125
714,-7.138000011444092,-2.2160000801086426,-4.464000225067139
717,-10.37600040435791,-5.5960001945495605,-2.9070000648498535
720,1.5240000486373901,2.065999984741211,-4.255000114440918
723,-1.0190000534057617,1.1230000257492065,-4.824999809265137
726,-0.40799999237060547,5.98799991607666,-8.682000160217285
729,0.15000000596046448,-0.5130000114440918,-6.9670000076293945
732,2.930999994277954,-0.257999986410141,0.47999998927116394
735,0.08399999886751175,-0.7749999761581421,-3.0250000953674316
738,-2.7890000343322754,-5.4019999504089355,-2.075000047683716
741,-2.4030001163482666,-4.453000068664551,-4.638999938964844
744,-0.9440000057220459,-5.4730000495910645,-6.955999851226807
747,-1.2059999704360962,-4.229000091552734,-9.420999526977539
750,-0.02800000086426735,-3.566999912261963,-3.5980000495910645
753,-0.15700000524520874,-5.4730000495910645,-1.0290000438690186
756,5.964000225067139,-2.6619999408721924,10.350000381469727
759,7.877999782562256,1.309999942779541,12.878000259399414
762,7.433000087738037,0.023000000044703484,-11.899999618530273
765,8.282999992370605,-3.109999895095825,12.144000053405762
768,2.4230000972747803,-3.2070000171661377,12.5600004196167
771,-0.07800000160932541,-3.6610000133514404,-12.305000305175781
774,-10.71500015258789,-1.2610000371932983,10.560999870300293
777,10.720999717712402,-1.7089999914169312,12.897000312805176
780,-11.345000267028809,0.9049999713897705,8.272000312805176
783,-2.1600000858306885,-2.5139999389648438,11.986000061035156
786,-7.198999881744385,-0.3310000002384186,14.015000343322754
789,6.400000095367432,-2.3989999294281006,-13.29699993133545
792,11.432999610900879,-5.059999942779541,11.348999977111816
795,-7.360000133514404,-6.664999961853027,9.581000328063965
798,9.545999526977539,-3.450000047683716,9.616999626159668
801,10.520000457763672,1.125,13.593999862670898
804,-8.486000061035156,-3.068000078201294,14.36400032043457
807,2.7019999027252197,-4.357999801635742,-11.911999702453613
810,-4.949999809265137,-2.6080000400543213,11.916000366210938
813,-2.8399999141693115,-4.982999801635742,13.166999816894531
816,3.61299991607666,0.039000000804662704,-9.126999855041504
819,3.3329999446868896,-0.40400001406669617,12.293999671936035
822,-3.0959999561309814,-4.394999980926514,-11.333999633789063
825,-4.498000144958496,-0.8849999904632568,-13.08899974822998
828,-2.361999988555908,0.8999999761581421,-11.892000198364258
831,-3.743000030517578,-9.315999984741211,12.79699993133545
834,-3.9010000228881836,-9.619000434875488,8.918000221252441
837,-1.680999994277954,-7.363999843597412,12.527999877929688
840,-4.453000068664551,-5.40500020980835,-6.388999938964844
843,-4.8379998207092285,-2.2869999408721924,-10.600000381469727
846,2.51200008392334,0.8920000195503235,-12.281999588012695
849,5.25600004196167,-8.232999801635742,9.781999588012695
852,-4.396999835968018,1.0709999799728394,-10.173999786376953
855,2.884000062942505,-6.5960001945495605,9.715999603271484
858,0.9829999804496765,0.2720000147819519,6.254000186920166
861,0.35100001096725464,-1.7829999923706055,-9.484000205993652
864,10.760000228881836,4.248000144958496,11.239999771118164
867,4.203999996185303,-1.4919999837875366,3.6500000953674316
870,3.9049999713897705,7.334000110626221,9.274999618530273
873,9.52299976348877,4.455999851226807,6.942999839782715
876,11.782999992370605,5.613999843597412,9.104000091552734
879,11.97700023651123,-9.265000343322754,10.616000175476074
882,3.5920000076293945,5.257999897003174,11.427000045776367
885,6.8979997634887695,2.7790000438690186,5.236999988555908
888,7.140999794006348,1.031000018119812,3.2160000801086426
891,9.401000022888184,5.23199987411499,0.652999997138977
894,-10.321000099182129,3.2769999504089355,9.125
897,-10.902000427246094,2.75600004196167,12.26099967956543
900,-5.730999946594238,7.583000183105469,6.132999897003174
903,-7.72599983215332,9.526000022888184,6.684999942779541
906,-7.420000076293945,9.239999771118164,0.7310000061988831
909,-1.4759999513626099,3.7780001163482666,8.824000358581543
912,-2.124000072479248,6.3480000495910645,8.6850004196167
915,-3.4639999866485596,8.461000442504883,7.5269999504089355
918,-9.307000160217285,4.50600004196167,5.120999813079834
921,-6.942999839782715,0.9110000133514404,2.555999994277954
924,-6.914000034332275,5.067999839782715,6.4019999504089355
927,-0.10400000214576721,5.448999881744385,3.8289999961853027
930,0.28700000047683716,-2.9519999027252197,10.668999671936035
933,12.074999809265137,5.776000022888184,6.354000091552734
936,7.353000164031982,5.4039998054504395,5.677000045776367
939,4.375,4.315000057220459,-0.5720000267028809
942,3.8340001106262207,8.095999717712402,1.5850000381469727
945,8.36299991607666,7.625999927520752,4.289000034332275
948,0.6050000190734863,3.4769999980926514,10.791000366210938
951,2.3420000076293945,9.913999557495117,4.236999988555908
954,-3.693000078201294,2.0360000133514404,10.12399959564209
957,-4.829999923706055,-0.5400000214576721,3.9769999980926514
960,6.054999828338623,2.674999952316284,1.2510000467300415
963,0.5199999809265137,8.008000373840332,4.61899995803833
966,5.494999885559082,1.3389999866485596,11.47700023651123
969,-1.1549999713897705,0.08500000089406967,10.885000228881836
972,4.790999889373779,3.446000099182129,-6.715000152587891
975,1.753999948501587,12.944000244140625,-2.7109999656677246
978,6.242000102996826,8.906000137329102,0.49399998784065247
981,3.194000005722046,6.482999801635742,-3.802000045776367
984,5.451000213623047,6.428999900817871,-2.0899999141693115
987,11.770999908447266,3.4839999675750732,-2.134000062942505
990,9.194000244140625,9.460000038146973,-0.5590000152587891
993,-9.895999908447266,10.46399974822998,0.5690000057220459
996,9.923999786376953,7.316999912261963,-3.9489998817443848
999,12.720000267028809,7.120999813079834,-4.181000232696533
1002,-10.607999801635742,9.156999588012695,3.309000015258789
1005,10.692000389099121,8.61299991607666,5.164999961853027
1008,8.354999542236328,5.007999897003174,-1.809000015258789
1011,10.27299976348877,-0.7940000295639038,-4.077000141143799
1014,-6.144999980926514,2.2320001125335693,-0.9819999933242798
1017,-9.77400016784668,5.573999881744385,-2.260999917984009
1020,9.479999542236328,0.1850000023841858,4.835999965667725
1023,4.9670000076293945,9.086000442504883,-4.816999912261963
1026,-6.831999778747559,8.437000274658203,-2.193000078201294
1029,-6.145999908447266,5.999000072479248,-0.8899999856948853
1032,-3.3469998836517334,5.913000106811523,-0.057999998331069946
1035,-5.877999782562256,10.88599967956543,2.4570000171661377
1038,-2.4040000438690186,8.770999908447266,3.312000036239624
1041,-8.76200008392334,7.270999908447266,3.4600000381469727
1044,-5.2170000076293945,3.000999927520752,2.680000066757202
1047,-3.6489999294281006,3.2360000610351563,0.40700000524520874
1050,-1.2699999809265137,4.999000072479248,-3.0789999961853027
1053,1.2319999933242798,3.2780001163482666,2.059000015258789
1056,-4.185999870300293,6.671999931335449,3.8410000801086426
1059,-9.291000366210938,7.3979997634887695,-0.0010000000474974513
1062,0.7149999737739563,8.720999717712402,-0.8149999976158142
1065,-2.0360000133514404,8.435999870300293,-1.1640000343322754
1068,0.9129999876022339,9.651000022888184,1.8079999685287476
1071,-2.9790000915527344,0.9200000166893005,1.9179999828338623
1074,2.806999921798706,10.723999977111816,-1.2419999837875366
1077,8.411999702453613,7.5229997634887695,1.5509999990463257
1080,3.0369999408721924,5.605999946594238,-7.343999862670898
1083,7.203999996185303,5.190999984741211,-10.243000030517578
1086,8.88599967956543,7.210999965667725,-9.303000450134277
1089,9.38599967956543,9.902000427246094,-5.2779998779296875
1092,4.791999816894531,7.633999824523926,-7.183000087738037
1095,7.926000118255615,7.7179999351501465,-2.430999994277954
1098,7.679999828338623,1.9199999570846558,-6.784999847412109
1101,5.650000095367432,1.8739999532699585,-8.92300033569336
1104,7.849999904632568,2.609999895095825,-10.588000297546387
1107,7.642000198364258,6.427000045776367,-6.7729997634887695
1110,9.937999725341797,4.414000034332275,-3.8499999046325684
1113,7.438000202178955,2.263000011444092,-4.043000221252441
1116,-11.036999702453613,9.154000282287598,-8.82800006866455
1119,-9.550999641418457,10.588000297546387,-10.838000297546387
1122,-5.935999870300293,11.26200008392334,-6.248000144958496
1125,-4.793000221252441,4.084000110626221,-2.7309999465942383
1128,-8.567000389099121,9.850000381469727,-4.895999908447266
1131,12.420000076293945,9.763999938964844,-4.394999980926514
1134,9.579999923706055,4.320000171661377,-6.745999813079834
1137,-6.855999946594238,6.868000030517578,-8.026000022888184
1140,-7.343999862670898,3.819000005722046,-7.7789998054504395
1143,-6.284999847412109,3.490999937057495,-4.959000110626221
1146,-0.8619999885559082,6.230999946594238,-5.5329999923706055
1149,-8.36400032043457,7.3460001945495605,-5.701000213623047
1152,-3.677999973297119,8.70199966430664,-5.571000099182129
1155,-4.215000152587891,6.486999988555908,-8.461000442504883
1158,2.3399999141693115,6.567999839782715,-9.949999809265137
1161,-0.5189999938011169,8.805999755859375,-8.248000144958496
1164,-0.9919999837875366,9.168000221252441,-5.35699987411499
1167,-3.0999999046325684,12.152000427246094,-3.865999937057495
1170,-4.36899995803833,3.313999891281128,-6.491000175476074
1173,-4.1479997634887695,3.740000009536743,-9.13700008392334
1176,-2.3310000896453857,6.228000164031982,-10.84000015258789
1179,1.2619999647140503,8.689000129699707,-3.5420000553131104
1182,6.322999954223633,4.892000198364258,-4.570000171661377
1185,1.6640000343322754,4.519000053405762,-5.324999809265137
1188,4.238999843597412,8.602999687194824,12.25
1191,1.6720000505447388,7.515999794006348,12.095000267028809
1194,5.090000152587891,6.539999961853027,-11.442000389099121
1197,-11.170999526977539,8.020000457763672,12.425000190734863
1200,9.66100025177002,7.951000213623047,10.449999809265137
1203,7.005000114440918,3.684000015258789,-13.057999610900879
1206,6.818999767303467,9.934000015258789,13.062999725341797
1209,-10.666000366210938,8.012999534606934,9.791999816894531
1212,-8.470999717712402,9.543999671936035,9.234000205993652
1215,-6.353000164031982,6.90500020980835,-12.600000381469727
1218,-7.9710001945495605,8.303000450134277,-9.916000366210938
1221,11.107000350952148,5.677000045776367,-10.348999977111816
1224,-8.755000114440918,1.3569999933242798,-11.635000228881836
1227,-8.680000305175781,0.7910000085830688,11.555000305175781
1230,-7.49399995803833,3.6389999389648438,8.8149995803833
1233,-8.696999549865723,3.6089999675750732,13.65999984741211
1236,12.20199966430664,5.420000076293945,-7.47599983215332
1239,10.486000061035156,2.7009999752044678,-11.098999977111816
1242,-4.129000186920166,10.10200023651123,13.470000267028809
1245,-3.1540000438690186,8.788999557495117,11.140999794006348
1248,-1.746999979019165,5.567999839782715,12.425999641418457
1251,-4.118000030517578,9.333999633789063,-8.553000450134277
1254,-1.5670000314712524,12.154999732971191,-12.527999877929688
1257,-6.520999908447266,9.597999572753906,-12.15999984741211
1260,-8.89799976348877,6.0289998054504395,-12.111000061035156
1263,-4.559999942779541,6.744999885559082,12.61299991607666
1266,-1.402999997138977,2.003000020980835,12.795000076293945
1269,0.02800000086426735,-0.4779999852180481,-11.746000289916992
1272,-4.185999870300293,4.063000202178955,11.95300006866455
1275,-5.860000133514404,7.466000080108643,-4.4679999351501465
1278,0.8080000281333923,4.215000152587891,13.442999839782715
1281,7.191999912261963,6.826000213623047,13.654000282287598
1284,1.8949999809265137,8.324000358581543,-11.87399959564209
1287,3.694999933242798,3.734999895095825,13.951000213623047
1290,6.13100004196167,4.136000156402588,11.505999565124512
1293,-0.1889999955892563,6.4730000495910645,-12.595999717712402
