0,7.179999828338623,-1.128999948501587,5.605000019073486
3,10.829999923706055,-4.105999946594238,6.447000026702881
6,11.446000099182129,-3.1679999828338623,3.875999927520752
9,-7.923999786376953,-4.6579999923706055,7.203999996185303
12,-8.85200023651123,-2.947999954223633,9.086000442504883
15,12.109999656677246,-2.931999921798706,8.625
18,11.104000091552734,12.279000282287598,6.234000205993652
21,10.98900032043457,-6.770999908447266,5.723999977111816
24,-10.52400016784668,-8.26099967956543,5.1579999923706055
27,-9.088000297546387,-7.366000175476074,7.163000106811523
30,-7.379000186920166,-8.597999572753906,9.012999534606934
33,9.916999816894531,-7.869999885559082,7.942999839782715
36,-3.806999921798706,-3.621999979019165,6.940000057220459
39,-8.053999900817871,-3.115999937057495,4.877999782562256
42,-2.0339999198913574,-3.0480000972747803,4.921000003814697
45,0.33500000834465027,-4.269999980926514,5.482999801635742
48,-0.25999999046325684,-3.0739998817443848,9.38700008392334
51,-2.8340001106262207,-4.59499979019165,9.28600025177002
54,-5.263999938964844,-8.355999946594238,7.281000137329102
57,-5.461999893188477,-5.728000164031982,6.105999946594238
60,-5.328000068664551,-5.8470001220703125,3.3570001125335693
63,0.9229999780654907,-6.790999889373779,6.360000133514404
66,-0.492000013589859,-8.154000282287598,8.498000144958496
69,-3.4519999027252197,-7.458000183105469,9.02400016784668
72,1.7610000371932983,-2.9210000038146973,7.373000144958496
75,1.5800000429153442,-4.34499979019165,3.052999973297119
78,3.9089999198913574,-3.0840001106262207,2.693000078201294
81,5.078000068664551,-4.831999778747559,4.52400016784668
84,4.993000030517578,-2.8310000896453857,6.375999927520752
87,3.8399999141693115,-4.175000190734863,8.472999572753906
90,3.3469998836517334,-8.043999671936035,6.709000110626221
93,1.3569999933242798,-6.946000099182129,3.494999885559082
96,3.6050000190734863,-8.026000022888184,2.197000026702881
99,5.070000171661377,-7.566999912261963,4.551000118255615
102,7.168000221252441,-8.258999824523926,8.894000053405762
105,4.761000156402588,-6.7179999351501465,8.734999656677246
108,8.875,-3.2820000648498535,-2.006999969482422
111,9.666000366210938,-4.807000160217285,0.10400000214576721
114,8.706000328063965,-3.2750000953674316,4.7220001220703125
117,8.505000114440918,-7.789999961853027,-2.121000051498413
120,9.569999694824219,-7.426000118255615,0.32100000977516174
123,9.668000221252441,-6.869999885559082,3.069000005722046
126,12.244999885559082,-3.4719998836517334,0.023000000044703484
129,-9.947999954223633,-3.9630000591278076,-2.242000102996826
132,-7.328000068664551,-3.2160000801086426,-2.742000102996826
135,-6.166999816894531,-4.53000020980835,-0.43700000643730164
138,-7.334000110626221,-4.051000118255615,2.1589999198913574
141,-10.1899995803833,-4.446000099182129,2.384000062942505
144,12.284000396728516,-7.75,-0.11599999666213989
147,-9.946999549865723,-7.041999816894531,-2.371999979019165
150,-7.644999980926514,-8.39900016784668,-2.940999984741211
153,-6.408999919891357,-7.3480000495910645,-0.5139999985694885
156,-7.39900016784668,-7.672999858856201,2.118000030517578
159,-10.105999946594238,-7.204999923706055,2.5
162,-3.440999984741211,-3.3559999465942383,-0.3889999985694885
165,-2.380000114440918,-4.425000190734863,-2.934999942779541
168,0.23199999332427979,-3.372999906539917,-3.0940001010894775
171,1.4279999732971191,-4.09499979019165,-0.6629999876022339
174,0.10700000077486038,-2.746999979019165,1.4259999990463257
177,-2.2690000534057617,-3.816999912261963,2.13100004196167
180,-3.763000011444092,-8.050000190734863,-0.7070000171661377
183,-2.1070001125335693,-7.093999862670898,-2.7100000381469727
186,0.5879999995231628,-7.675000190734863,-3.002000093460083
189,1.2070000171661377,-6.789000034332275,-0.34200000762939453
192,-0.5009999871253967,-7.7829999923706055,1.5149999856948853
195,-3.01200008392334,-6.453999996185303,1.815000057220459
198,3.930000066757202,-3.8550000190734863,-1.9980000257492065
201,6.935999870300293,-5.591000080108643,-0.7070000171661377
204,5.333000183105469,-3.503999948501587,0.29499998688697815
207,3.627000093460083,-8.017999649047852,-0.5460000038146973
210,5.23799991607666,-7.1479997634887695,-2.565999984741211
213,7.443999767303467,-5.145999908447266,3.114000082015991
216,9.258999824523926,-3.3359999656677246,-6.828000068664551
219,10.682000160217285,-4.038000106811523,-9.130000114440918
222,-10.383999824523926,-3.118000030517578,-9.470000267028809
225,-9.706000328063965,-4.176000118255615,-7.067999839782715
228,-10.932000160217285,-3.1110000610351563,-4.638000011444092
231,9.97599983215332,-4.056000232696533,-4.228000164031982
234,9.100000381469727,-8.024999618530273,-7.117000102996826
237,10.680000305175781,-6.830999851226807,-9.217000007629395
240,-10.111000061035156,-7.75,-9.1850004196167
243,-9.154999732971191,-6.932000160217285,-6.5
246,-10.993000030517578,-8.10099983215332,-4.546999931335449
249,9.838000297546387,-6.980999946594238,-4.413000106811523
252,-6.965000152587891,-3.2820000648498535,-6.915999889373779
255,-5.322999954223633,-4.054999828338623,-9.008999824523926
258,-2.6059999465942383,-3.2799999713897705,-9.52299976348877
261,-1.4869999885559082,-4.5980000495910645,-7.254000186920166
264,-3.125999927520752,-3.569999933242798,-5.311999797821045
267,-5.695000171661377,-4.485000133514404,-4.671999931335449
270,-6.385000228881836,-7.97599983215332,-7.131999969482422
273,-5.01800012588501,-6.919000148773193,-9.267999649047852
276,-2.2820000648498535,-8.060999870300293,-9.710000038146973
279,-1.2869999408721924,-7.239999771118164,-7.181000232696533
282,-2.943000078201294,-8.552000045776367,-5.111000061035156
285,-5.159999847412109,-7.296000003814697,-4.440000057220459
288,0.9200000166893005,-3.3940000534057617,-7.684999942779541
291,3.2699999809265137,-4.385000228881836,-8.972000122070313
294,5.697999954223633,-3.1419999599456787,-9.3149995803833
297,6.541999816894531,-3.940000057220459,-6.800000190734863
300,4.683000087738037,-3.500999927520752,-4.914999961853027
303,1.975000023841858,-3.9489998817443848,-5.078999996185303
306,1.3650000095367432,-8.041000366210938,-7.5269999504089355
309,3.2750000953674316,-7.263999938964844,-9.258000373840332
312,5.88100004196167,-7.928999900817871,-9.291999816894531
315,6.7769999504089355,-6.823999881744385,-6.692999839782715
318,4.60099983215332,-7.328999996185303,-5.054999828338623
321,1.8450000286102295,-6.802000045776367,-5.249000072479248
324,11.390999794006348,-2.8970000743865967,11.265000343322754
327,12.088000297546387,-4.228000164031982,13.57699966430664
330,10.189000129699707,-3.256999969482422,-11.83899974822998
333,10.48900032043457,-8.055999755859375,10.673999786376953
336,12.031000137329102,-7.190999984741211,13.121999740600586
339,10.041000366210938,-7.688000202178955,-11.925000190734863
342,-9.036999702453613,-3.2330000400543213,13.413000106811523
345,-7.416999816894531,-3.944999933242798,11.220000267028809
348,-4.763999938964844,-3.252000093460083,10.786999702453613
351,-4.09499979019165,-4.043000221252441,13.5
354,-5.859000205993652,-3.5850000381469727,-11.64799976348877
357,-8.529999732971191,-4.124000072479248,-11.307999610900879
360,-8.812000274658203,-7.743000030517578,13.322999954223633
363,-7.122000217437744,-6.9120001792907715,11.246000289916992
366,-4.73799991607666,-8.029999732971191,11.402999877929688
369,-3.7279999256134033,-6.769999980926514,13.670999526977539
372,-5.474999904632568,-8.121999740600586,-11.725000381469727
375,-8.324999809265137,-6.985000133514404,-11.295000076293945
378,-1.3040000200271606,-3.1740000247955322,13.767000198364258
381,0.6000000238418579,-4.288000106811523,11.871000289916992
384,2.9649999141693115,-3.1659998893737793,10.904000282287598
387,3.884999990463257,-3.9179999828338623,13.42199993133545
390,2.371000051498413,-3.5,-11.486000061035156
393,-0.35100001096725464,-4.048999786376953,-10.98900032043457
396,-1.2280000448226929,-8.130999565124512,13.720999717712402
399,0.3160000145435333,-7.11299991607666,11.519000053405762
402,3.239000082015991,-7.585999965667725,10.802000045776367
405,3.6760001182556152,-6.7170000076293945,13.27299976348877
408,2.4079999923706055,-7.77400016784668,-11.836000442504883
411,-0.013000000268220901,-6.939000129699707,-11.267000198364258
414,6.732999801635742,-3.3359999656677246,13.241999626159668
417,8.835000038146973,-3.9660000801086426,11.677000045776367
420,7.535999774932861,-3.9660000801086426,-11.279000282287598
423,6.238999843597412,-7.732999801635742,13.392999649047852
426,7.9039998054504395,-6.820000171661377,11.098999977111816
429,7.386000156402588,-6.890999794006348,-11.342000007629395
432,10.354000091552734,4.235000133514404,4.044000148773193
435,-10.234999656677246,2.990000009536743,6.5879998207092285
438,-8.208999633789063,4.065000057220459,4.908999919891357
441,-6.4029998779296875,3.2339999675750732,6.775000095367432
444,-7.607999801635742,4.002999782562256,9.104000091552734
447,-10.407999992370605,3.8469998836517334,9.175999641418457
450,9.366999626159668,0.5450000166893005,5.941999912261963
453,11.5,-0.6179999709129333,7.247000217437744
456,-10.675999641418457,-1.1039999723434448,4.857999801635742
459,-6.664000034332275,0.4050000011920929,7.060999870300293
462,-8.253999710083008,-0.1599999964237213,9.234999656677246
465,-10.855999946594238,0.9860000014305115,9.13700008392334
468,-4.0960001945495605,4.361999988555908,5.8460001945495605
471,-6.6529998779296875,1.6269999742507935,3.2320001125335693
474,-2.632999897003174,4.771999835968018,3.431999921798706
477,1.5230000019073486,3.128999948501587,6.802999973297119
480,-0.5199999809265137,3.9159998893737793,8.675000190734863
483,-3.569999933242798,3.3359999656677246,8.477999687194824
486,-4.288000106811523,-0.8840000033378601,6.730000019073486
489,-7.169000148773193,-0.5849999785423279,4.677999973297119
492,-2.2760000228881836,-0.04399999976158142,5.170000076293945
495,0.6890000104904175,0.6190000176429749,6.415999889373779
498,-0.7099999785423279,-0.17000000178813934,8.815999984741211
501,-3.2860000133514404,0.6349999904632568,8.762999534606934
504,4.078999996185303,4.355999946594238,6.591000080108643
507,1.5540000200271606,3.6989998817443848,4.025000095367432
510,3.0989999771118164,5.616000175476074,2.372999906539917
513,8.722000122070313,3.4839999675750732,5.927999973297119
516,7.8379998207092285,3.802999973297119,8.729999542236328
519,5.0929999351501465,3.260999917984009,8.916999816894531
522,3.0850000381469727,-0.7200000286102295,6.093999862670898
525,1.625,0.8769999742507935,3.625
528,3.5230000019073486,-0.3160000145435333,2.1519999504089355
531,6.927999973297119,2.2869999408721924,4.044000148773193
534,4.982999801635742,0.35600000619888306,4.355000019073486
537,3.867000102996826,0.7210000157356262,8.3100004196167
540,8.541999816894531,4.581999778747559,-2.3949999809265137
543,8.85200023651123,3.130000114440918,-0.11500000208616257
546,10.430000305175781,4.868000030517578,1.3029999732971191
549,9.14900016784668,-0.33399999141693115,-1.7940000295639038
552,10.17300033569336,0.8349999785423279,0.5419999957084656
555,9.425999641418457,1.4869999885559082,3.187000036239624
558,-10.833000183105469,4.36299991607666,0.21799999475479126
561,-9.928999900817871,3.4049999713897705,-2.1630001068115234
564,-7.181000232696533,3.690000057220459,-2.6710000038146973
567,-6.375,3.0439999103546143,0.07500000298023224
570,-7.7230000495910645,4.131999969482422,2.130000114440918
573,-10.291000366210938,2.746000051498413,2.299999952316284
576,12.508000373840332,-0.6930000185966492,-0.14000000059604645
579,-9.788999557495117,0.546999990940094,-2.3980000019073486
582,-7.1570000648498535,-0.36500000953674316,-2.4769999980926514
585,-5.909999847412109,0.17399999499320984,0.17900000512599945
588,-7.624000072479248,-1.1640000343322754,1.88100004196167
591,-10.177000045776367,0.07599999755620956,2.316999912261963
594,-3.9040000438690186,4.105999946594238,0.0729999989271164
597,-2.4679999351501465,3.556999921798706,-2.2119998931884766
600,0.15700000524520874,4.254000186920166,-2.734999895095825
603,1.156000018119812,3.3970000743865967,-0.36500000953674316
606,-0.4050000011920929,4.1539998054504395,1.9110000133514404
609,-4.046999931335449,2.578000068664551,2.505000114440918
612,-3.263000011444092,-0.5509999990463257,-0.20600000023841858
615,-2.6500000953674316,0.6940000057220459,-2.565999984741211
618,0.054999999701976776,-0.4729999899864197,-3.2100000381469727
621,1.2740000486373901,0.6420000195503235,-0.9990000128746033
624,0.11599999666213989,-0.05900000035762787,1.3250000476837158
627,-2.4769999980926514,0.5,2.203000068664551
630,3.690999984741211,4.751999855041504,-0.11400000005960464
633,5.671000003814697,3.88100004196167,-1.809999942779541
636,5.159999847412109,4.335000038146973,3.821000099182129
639,3.4149999618530273,-1.0720000267028809,-2.447999954223633
642,6.4120001792907715,1.6579999923706055,-0.4390000104904175
645,5.015999794006348,-0.7799999713897705,-0.16200000047683716
648,9.128000259399414,4.709000110626221,-6.660999774932861
651,10.967000007629395,3.427000045776367,-8.86400032043457
654,-10.133000373840332,4.714000225067139,-9.131999969482422
657,-9.512999534606934,3.453000068664551,-6.683000087738037
660,-11.081999778747559,4.372000217437744,-4.629000186920166
663,10.03600025177002,3.2990000247955322,-4.381999969482422
666,9.357999801635742,-0.5519999861717224,-6.736999988555908
669,10.871000289916992,0.4090000092983246,-8.720999717712402
672,-9.996999740600586,-0.367000013589859,-9.263999938964844
675,-9.229999542236328,0.7129999995231628,-6.752999782562256
678,-10.970999717712402,-0.27900001406669617,-4.801000118255615
681,10.157999992370605,0.5879999995231628,-4.27400016784668
684,-6.688000202178955,4.078000068664551,-7.150000095367432
687,-4.866000175476074,3.140000104904175,-9.286999702453613
690,-2.055999994277954,3.9839999675750732,-9.324000358581543
693,-0.9769999980926514,2.9059998989105225,-6.834000110626221
696,-2.6579999923706055,3.878999948501587,-4.822000026702881
699,-5.500999927520752,2.9179999828338623,-5.040999889373779
702,-6.886000156402588,-0.5099999904632568,-7.271999835968018
705,-4.998000144958496,0.34599998593330383,-9.347000122070313
708,-2.200000047683716,-0.5619999766349792,-9.736000061035156
711,-1.49399995803833,0.3199999928474426,-7.242000102996826
714,-3.1440000534057617,-0.7799999713897705,-5.050000190734863
717,-5.640999794006348,0.15800000727176666,-4.796000003814697
720,1.9670000076293945,3.8269999027252197,-7.071000099182129
723,3.4590001106262207,3.313999891281128,-9.390000343322754
726,6.285999774932861,3.88700008392334,-9.067000389099121
729,6.770999908447266,3.3459999561309814,-6.446000099182129
732,4.7270002365112305,3.9119999408721924,-4.576000213623047
735,2.125999927520752,3.0420000553131104,-4.380000114440918
738,1.1690000295639038,-0.45500001311302185,-7.678999900817871
741,3.2780001163482666,0.3190000057220459,-9.211999893188477
744,6.045000076293945,0.007000000216066837,-9.102999687194824
747,6.685999870300293,0.4519999921321869,-6.5269999504089355
750,4.355000019073486,-0.7070000171661377,-5.020999908447266
753,1.7690000534057617,0.30300000309944153,-5.135000228881836
756,10.942000389099121,4.295000076293945,11.001999855041504
759,11.779999732971191,3.421999931335449,13.50100040435791
762,9.670999526977539,4.228000164031982,-11.973999977111816
765,11.069000244140625,-0.08699999749660492,11.23799991607666
768,11.883999824523926,0.6129999756813049,13.859999656677246
771,10.168000221252441,0.10199999809265137,-11.270000457763672
774,-9.07800006866455,4.0929999351501465,13.194999694824219
777,-6.940999984741211,3.437000036239624,11.732000350952148
780,-4.3429999351501465,3.7260000705718994,11.232999801635742
783,-3.690000057220459,3.627000093460083,13.97700023651123
786,-5.685999870300293,4.25,-11.494000434875488
789,-8.526000022888184,3.867000102996826,-11.232000350952148
792,-9.166000366210938,-0.3490000069141388,13.50100040435791
795,-7.309000015258789,0.7179999947547913,11.680000305175781
798,-4.677999973297119,0.11100000143051147,11.090999603271484
801,-4.019999980926514,0.09200000017881393,13.753999710083008
804,-5.675000190734863,-0.9210000038146973,-11.604000091552734
807,-8.380000114440918,0.593999981880188,-11.27400016784668
810,-1.093999981880188,4.6579999923706055,13.682000160217285
813,0.35199999809265137,3.134999990463257,11.229999542236328
816,2.884999990463257,4.175000190734863,10.857999801635742
819,3.880000114440918,3.1530001163482666,13.515000343322754
822,2.3389999866485596,4.427999973297119,-11.6899995803833
825,-0.1080000028014183,3.055999994277954,-11.093999862670898
828,-1.2419999837875366,-0.34299999475479126,13.687000274658203
831,0.07699999958276749,0.30300000309944153,11.395999908447266
834,2.864000082015991,-0.3400000035762787,10.840999603271484
837,3.950000047683716,0.3190000057220459,13.343999862670898
840,2.753000020980835,-0.7020000219345093,-11.730999946594238
843,0.18700000643730164,0.23800000548362732,-11.210000038146973
846,6.245999813079834,4.366000175476074,13.289999961853027
849,8.303999900817871,3.4049999713897705,11.40999984741211
852,7.181000232696533,3.184000015258789,-11.505000114440918
855,6.5329999923706055,-0.4659999907016754,13.3149995803833
858,8.465999603271484,0.6060000061988831,11.550000190734863
861,7.440999984741211,0.47099998593330383,-11.380000114440918
864,10.482000350952148,9.70199966430664,7.926000118255615
867,11.199999809265137,9.140999794006348,3.494999885559082
870,-10.75,11.416999816894531,3.0439999103546143
873,-7.670000076293945,10.293000221252441,7.080999851226807
876,-8.359000205993652,11.248000144958496,9.574000358581543
879,-10.824000358581543,10.829999923706055,10.82699966430664
882,9.425000190734863,7.525000095367432,6.672999858856201
885,11.199000358581543,6.692999839782715,4.736000061035156
888,-9.809000015258789,6.311999797821045,5.291999816894531
891,-9.347000122070313,7.984000205993652,7.5929999351501465
894,-7.244999885559082,6.7870001792907715,8.670000076293945
897,12.322999954223633,8.302000045776367,9.539999961853027
900,-5.01200008392334,11.267000198364258,6.578999996185303
903,-5.238999843597412,10.437000274658203,3.9590001106262207
906,1.222000002861023,11.013999938964844,4.146999835968018
909,0.9520000219345093,10.244000434875488,6.736999988555908
912,-0.41200000047683716,11.383999824523926,9.031000137329102
915,-3.1040000915527344,10.562000274658203,9.430000305175781
918,-4.761000156402588,6.864999771118164,7.045000076293945
921,-5.146999835968018,7.769000053405762,4.4029998779296875
924,0.699999988079071,6.565999984741211,3.9719998836517334
927,1.1929999589920044,7.39900016784668,6.909999847412109
930,-0.652999997138977,6.789999961853027,8.861000061035156
933,-3.2899999618530273,7.566999912261963,9.20199966430664
936,3.2690000534057617,11.741000175476074,7.309000015258789
939,5.300000190734863,10.505000114440918,5.696000099182129
942,5.973999977111816,12.392000198364258,3.8929998874664307
945,9.498000144958496,10.909000396728516,4.526000022888184
948,7.294000148773193,11.54699993133545,8.381999969482422
951,4.826000213623047,10.223999977111816,9.105999946594238
954,3.861999988555908,7.046999931335449,6.229000091552734
957,2.8540000915527344,8.392999649047852,3.6050000190734863
960,5.8379998207092285,6.98799991607666,4.314000129699707
963,7.546999931335449,9.01200008392334,5.159999847412109
966,7.9679999351501465,6.716000080108643,8.803999900817871
969,5.263999938964844,7.604000091552734,8.743000030517578
972,8.125,11.64799976348877,-2.1610000133514404
975,9.178999900817871,11.656000137329102,0.3630000054836273
978,8.508999824523926,-9.531000137329102,2.86299991607666
981,8.343999862670898,7.666999816894531,-2.119999885559082
984,7.685999870300293,8.911999702453613,0.4560000002384186
987,10.409000396728516,8.071000099182129,1.0850000381469727
990,12.404000282287598,11.961999893188477,0.328000009059906
993,-9.949000358581543,10.569999694824219,-2.0910000801086426
996,-7.293000221252441,11.130999565124512,-2.4059998989105225
999,-6.315000057220459,10.843000411987305,0.17499999701976776
1002,-7.2779998779296875,11.8149995803833,2.6110000610351563
1005,-8.605999946594238,10.324000358581543,4.386000156402588
1008,-10.454000473022461,7.113999843597412,0.652999997138977
1011,-9.708000183105469,7.814000129699707,-1.8860000371932983
1014,-6.793000221252441,6.698999881744385,-2.3940000534057617
1017,-5.84499979019165,7.991000175476074,-0.05700000002980232
1020,-6.941999912261963,6.688000202178955,2.4100000858306885
1023,-9.180999755859375,7.958000183105469,2.937999963760376
1026,-3.565999984741211,11.666000366210938,-0.2409999966621399
1029,-2.063999891281128,10.623000144958496,-2.177000045776367
1032,0.34299999475479126,11.932999610900879,-2.5980000495910645
1035,0.8529999852180481,10.91100025177002,-0.0689999982714653
1038,-0.4830000102519989,11.914999961853027,2.171999931335449
1041,-3.009000062942505,10.567999839782715,2.2009999752044678
1044,-3.305000066757202,7.052000045776367,-0.24799999594688416
1047,-1.8880000114440918,7.6620001792907715,-2.5989999771118164
1050,0.6959999799728394,7.0279998779296875,-2.5190000534057617
1053,1.0240000486373901,8.149999618530273,-0.07599999755620956
1056,-0.6940000057220459,6.9120001792907715,1.6510000228881836
1059,-3.0759999752044678,7.8429999351501465,2.562999963760376
1062,3.9070000648498535,11.696000099182129,0.04699999839067459
1065,5.456999778747559,10.687000274658203,-1.9119999408721924
1068,3.6389999389648438,11.041999816894531,2.816999912261963
1071,3.749000072479248,7.684999942779541,-0.3140000104904175
1074,5.607999801635742,7.922999858856201,-2.4030001163482666
1077,5.1539998054504395,8.119999885559082,1.8079999685287476
1080,9.234000205993652,11.569999694824219,-6.771999835968018
1083,10.805000305175781,10.85099983215332,-8.920000076293945
1086,-10.088000297546387,11.899999618530273,-9.244000434875488
1089,-9.39900016784668,10.901000022888184,-6.710000038146973
1092,-10.916000366210938,11.609000205993652,-4.551000118255615
1095,10.098999977111816,10.802000045776367,-4.216000080108643
1098,9.232999801635742,7.452000141143799,-6.716000080108643
1101,10.885000228881836,8.027000427246094,-9.001999855041504
1104,-9.98900032043457,7.459000110626221,-9.123000144958496
1107,-9.07800006866455,7.949999809265137,-6.656000137329102
1110,-10.810999870300293,7.230999946594238,-4.498000144958496
1113,10.024999618530273,7.955999851226807,-4.156000137329102
1116,-6.74399995803833,11.581000328063965,-6.7179999351501465
1119,-5.053999900817871,10.776000022888184,-8.897000312805176
1122,-2.263000011444092,11.543999671936035,-9.142999649047852
1125,-1.215000033378601,10.109000205993652,-6.886000156402588
1128,-2.9619998931884766,11.239999771118164,-4.709000110626221
1131,-5.678999900817871,10.418999671936035,-4.626999855041504
1134,-6.605999946594238,6.7829999923706055,-7.105999946594238
1137,-4.681000232696533,7.926000118255615,-8.904000282287598
1140,-2.1989998817443848,7.0329999923706055,-9.604999542236328
1143,-1.218999981880188,7.203999996185303,-6.8520002365112305
1146,-3.009999990463257,6.644999980926514,-4.888000011444092
1149,-5.543000221252441,7.656000137329102,-4.611999988555908
1152,2.118000030517578,11.623000144958496,-6.763000011444092
1155,3.61299991607666,10.718000411987305,-8.821000099182129
1158,6.176000118255615,11.73799991607666,-9.074000358581543
1161,6.573999881744385,10.501999855041504,-6.48799991607666
1164,5.079999923706055,11.423999786376953,-4.520999908447266
1167,2.2679998874664307,10.62600040435791,-4.243000030517578
1170,1.527999997138977,6.626999855041504,-6.849999904632568
1173,3.203000068664551,8.02299976348877,-9.006999969482422
1176,5.693999767303467,6.617000102996826,-9.256999969482422
1179,6.374000072479248,7.671000003814697,-6.63100004196167
1182,4.781000137329102,6.616000175476074,-4.6579999923706055
1185,2.2109999656677246,7.752999782562256,-4.4730000495910645
1188,10.418999671936035,11.838000297546387,9.743000030517578
1191,11.979999542236328,10.887999534606934,13.588000297546387
1194,10.211999893188477,11.9399995803833,-11.586000442504883
1197,10.802000045776367,7.056000232696533,11.380999565124512
1200,12.105999946594238,8.083000183105469,13.779000282287598
1203,10.310999870300293,6.956999778747559,-11.517000198364258
1206,-8.890000343322754,11.753999710083008,13.718000411987305
1209,-7.223999977111816,10.456000328063965,11.9399995803833
1212,-4.882999897003174,11.555999755859375,11.399999618530273
1215,-3.7880001068115234,10.557000160217285,13.85200023651123
1218,-5.35699987411499,11.633999824523926,-11.371999740600586
1221,-8.104000091552734,10.95300006866455,-10.940999984741211
1224,-9.194999694824219,7.126999855041504,13.279000282287598
1227,-7.247000217437744,7.556000232696533,11.321000099182129
1230,-4.738999843597412,6.611999988555908,11.312999725341797
1233,-3.7880001068115234,7.715000152587891,13.656999588012695
1236,-5.7769999504089355,7.038000106811523,-11.428999900817871
1239,-8.317000389099121,8.234000205993652,-11.277999877929688
1242,-1.1510000228881836,11.59000015258789,13.498000144958496
1245,0.6830000281333923,10.786999702453613,11.534000396728516
1248,3.2239999771118164,11.6850004196167,11.043999671936035
1251,3.8959999084472656,10.885000228881836,13.538000106811523
1254,2.4749999046325684,11.682000160217285,-11.140999794006348
1257,-0.3230000138282776,10.800999641418457,-11.093000411987305
1260,-1.1169999837875366,7.458000183105469,13.288999557495117
1263,0.5490000247955322,8.043000221252441,11.232000350952148
1266,3.2669999599456787,7.065999984741211,10.550000190734863
1269,3.7679998874664307,7.98199987411499,13.395000457763672
1272,2.2160000801086426,7.183000087738037,-11.678999900817871
1275,-0.328000009059906,7.974999904632568,-11.336000442504883
1278,6.395999908447266,11.954000473022461,13.321999549865723
1281,7.97599983215332,11.35099983215332,11.222000122070313
1284,7.181000232696533,10.809000015258789,-11.383000373840332
1287,6.640999794006348,7.1620001792907715,13.564000129699707
1290,8.286999702453613,8.045000076293945,11.420999526977539
1293,7.5289998054504395,7.914000034332275,-10.99899959564209
