0,7.206999778747559,-3.2179999351501465,7.571000099182129
3,10.230999946594238,-6.445000171661377,7.767000198364258
6,10.706000328063965,-5.0269999504089355,5.216000080108643
9,-7.988999843597412,-5.423999786376953,7.256999969482422
12,-9.270000457763672,-4.857999801635742,9.729999542236328
15,11.647000312805176,-4.933000087738037,9.517000198364258
18,9.652999877929688,11.095999717712402,6.65500020980835
21,-9.50100040435791,12.611000061035156,7.390999794006348
24,11.670000076293945,12.217000007629395,5.423999786376953
27,-9.031000137329102,-7.629000186920166,5.790999889373779
30,-8.043999671936035,12.406999588012695,9.706999778747559
33,9.590999603271484,-9.182000160217285,8.619000434875488
36,-3.890000104904175,-4.882999897003174,7.665999889373779
39,-8.432000160217285,-3.555999994277954,5.263000011444092
42,-2.489000082015991,-5.006999969482422,5.390999794006348
45,-0.44600000977516174,-5.4710001945495605,7.633999824523926
48,-0.9700000286102295,-4.853000164031982,10.312999725341797
51,-3.555000066757202,-5.639999866485596,10.239999771118164
54,-5.684999942779541,-9.302000045776367,8.585000038146973
57,-5.942999839782715,-7.006999969482422,7.355999946594238
60,-5.435999870300293,-8.946999549865723,4.7789998054504395
63,0.656000018119812,-8.083000183105469,8.208000183105469
66,-1.1610000133514404,-9.420000076293945,9.805999755859375
69,-3.686000108718872,-8.496999740600586,10.520999908447266
72,3.6440000534057617,-4.940999984741211,7.831999778747559
75,1.1419999599456787,-5.303999900817871,5.380000114440918
78,3.2669999599456787,-3.871999979019165,4.465000152587891
81,5.785999774932861,-6.765999794006348,7.0370001792907715
84,6.184999942779541,-3.374000072479248,10.204000473022461
87,4.2129998207092285,-5.210999965667725,10.517000198364258
90,2.9489998817443848,-9.5649995803833,8.333000183105469
93,0.2919999957084656,-7.918000221252441,5.40500020980835
96,3.6989998817443848,-8.270999908447266,3.7750000953674316
99,4.519000053405762,-9.276000022888184,6.193999767303467
102,6.285999774932861,-9.218999862670898,8.836999893188477
105,4.198999881744385,-8.020999908447266,10.36400032043457
108,7.702000141143799,-4.550000190734863,-1.5360000133514404
111,8.515000343322754,-5.605000019073486,0.9369999766349792
114,7.757999897003174,-5.257999897003174,5.611999988555908
117,7.9019999504089355,-9.486000061035156,-1.6180000305175781
120,8.446000099182129,-8.402000427246094,0.8510000109672546
123,6.281000137329102,-8.27400016784668,2.4779999256134033
126,10.838000297546387,-4.230000019073486,0.9380000233650208
129,-10.871999740600586,-5.409999847412109,-1.1330000162124634
132,-8.498000144958496,-4.36899995803833,-1.6419999599456787
135,-7.234000205993652,-5.335999965667725,0.7580000162124634
138,-8.833999633789063,-4.285999774932861,2.563999891281128
141,12.048999786376953,-5.64900016784668,2.880000114440918
144,11.640000343322754,-9.071999549865723,0.9359999895095825
147,-10.291000366210938,-8.354000091552734,-1.1380000114440918
150,-7.629000186920166,-9.180000305175781,-1.659000039100647
153,-6.866000175476074,-8.230999946594238,0.7229999899864197
156,-7.815999984741211,-8.90999984741211,3.4570000171661377
159,12.291999816894531,-8.064000129699707,3.822999954223633
162,-4.918000221252441,-3.8420000076293945,0.675000011920929
165,-3.1760001182556152,-5.3379998207092285,-1.4299999475479126
168,-0.503000020980835,-4.415999889373779,-1.812999963760376
171,0.33399999141693115,-5.01800012588501,0.8069999814033508
174,-0.6710000038146973,-4.388999938964844,3.3910000324249268
177,-4.548999786376953,-4.697999954223633,3.3350000381469727
180,-4.2729997634887695,-9.170000076293945,0.5609999895095825
183,-2.8540000915527344,-8.185999870300293,-1.7730000019073486
186,-0.22599999606609344,-9.01099967956543,-1.6380000114440918
189,0.4659999907016754,-8.005000114440918,0.7289999723434448
192,-1.0210000276565552,-8.854000091552734,2.9809999465942383
195,-3.8889999389648438,-7.736999988555908,2.8519999980926514
198,2.8340001106262207,-4.614999771118164,-0.367000013589859
201,5.078000068664551,-5.818999767303467,-1.6150000095367432
204,4.2270002365112305,-4.199999809265137,1.8530000448226929
207,3.309000015258789,-8.913000106811523,1.1449999809265137
210,4.609000205993652,-8.571000099182129,-1.1829999685287476
213,6.495999813079834,-5.763999938964844,2.8519999980926514
216,8.807000160217285,-4.7779998779296875,-6.086999893188477
219,10.265000343322754,-5.5920000076293945,-8.465999603271484
222,-10.75,-4.5289998054504395,-8.696000099182129
225,-10.060999870300293,-5.107999801635742,-5.947000026702881
228,11.890000343322754,-4.478000164031982,-3.8259999752044678
231,9.281000137329102,-5.702000141143799,-3.563999891281128
234,9.024999618530273,-8.96399974822998,-5.923999786376953
237,10.309000015258789,-8.442000389099121,-8.331999778747559
240,-10.727999687194824,-9.37600040435791,-8.187000274658203
243,-10.324999809265137,-7.921000003814697,-5.934000015258789
246,12.54699993133545,-9.230999946594238,-3.6549999713897705
249,9.732999801635742,-8.496000289916992,-3.4089999198913574
252,-7.271999835968018,-4.580999851226807,-6.210000038146973
255,-5.580999851226807,-5.564000129699707,-8.428000450134277
258,-2.5460000038146973,-4.800000190734863,-8.501999855041504
261,-2.0929999351501465,-5.811999797821045,-5.890999794006348
264,-4.124000072479248,-4.751999855041504,-3.9030001163482666
267,-6.820000171661377,-5.178999900817871,-3.515000104904175
270,-7.808000087738037,-9.302000045776367,-6.1479997634887695
273,-5.750999927520752,-8.5600004196167,-8.329000473022461
276,-3.1519999504089355,-9.51200008392334,-8.668999671936035
279,-2.2009999752044678,-8.440999984741211,-6.24399995803833
282,-3.9690001010894775,-9.184000015258789,-4.076000213623047
285,-6.611000061035156,-8.156000137329102,-3.98799991607666
288,0.9829999804496765,-4.51200008392334,-6.0
291,2.5420000553131104,-5.669000148773193,-7.99399995803833
294,5.3979997634887695,-4.763000011444092,-8.279000282287598
297,6.13100004196167,-5.739999771118164,-5.820000171661377
300,4.0960001945495605,-4.646999835968018,-3.9010000228881836
303,1.3839999437332153,-5.508999824523926,-3.3580000400543213
306,0.6970000267028809,-9.404000282287598,-5.9629998207092285
309,2.5339999198913574,-8.621000289916992,-7.882999897003174
312,5.1579999923706055,-9.324000358581543,-8.420999526977539
315,6.129000186920166,-8.454999923706055,-6.140999794006348
318,4.241000175476074,-8.807000160217285,-3.9040000438690186
321,1.562999963760376,-8.138999938964844,-3.677999973297119
324,10.345999717712402,-4.151000022888184,11.75100040435791
327,10.854999542236328,-5.617000102996826,14.079000473022461
330,9.407999992370605,-4.6539998054504395,-10.961999893188477
333,10.118000030517578,-9.178000450134277,11.47599983215332
336,11.222999572753906,-8.477999687194824,-12.762999534606934
339,9.407999992370605,-9.220999717712402,-10.819999694824219
342,-10.248000144958496,-4.703000068664551,14.156000137329102
345,-8.307999610900879,-5.202000141143799,12.324999809265137
348,-5.480000019073486,-4.624000072479248,11.920000076293945
351,-4.5320000648498535,-5.783999919891357,14.262999534606934
354,-6.505000114440918,-4.701000213623047,-11.149999618530273
357,-9.100000381469727,-5.827000141143799,-10.762999534606934
360,-9.857000350952148,-9.51099967956543,-13.098999977111816
363,-8.494000434875488,-8.48900032043457,11.913000106811523
366,-5.560999870300293,-9.295999526977539,12.557999610900879
369,-4.27400016784668,-8.447999954223633,-12.39900016784668
372,-6.440999984741211,-9.24899959564209,-10.78499984741211
375,-8.857999801635742,-8.27299976348877,-9.932999610900879
378,-2.1419999599456787,-4.901000022888184,14.39900016784668
381,-0.03400000184774399,-5.64900016784668,12.690999984741211
384,2.305999994277954,-4.340000152587891,12.253000259399414
387,3.1080000400543213,-5.616000175476074,14.454000473022461
390,1.5789999961853027,-5.176000118255615,-10.640000343322754
393,-0.9670000076293945,-6.0279998779296875,-10.35200023651123
396,-1.5839999914169312,12.758000373840332,-12.732000350952148
399,-0.42500001192092896,-8.706000328063965,12.317999839782715
402,2.505000114440918,-9.329999923706055,12.102999687194824
405,3.375999927520752,-8.571999549865723,-12.631999969482422
408,1.7350000143051147,-9.055999755859375,-10.588000297546387
411,-1.0160000324249268,-8.904999732971191,-10.312000274658203
414,5.703999996185303,-4.577000141143799,14.15999984741211
417,7.485000133514404,-5.163000106811523,12.008000373840332
420,6.908999919891357,-5.701000213623047,-10.52400016784668
423,5.892000198364258,-9.406999588012695,-13.053999900817871
426,7.732999801635742,-8.088000297546387,12.128999710083008
429,6.736999988555908,-8.425000190734863,-10.644000053405762
432,9.826000213623047,2.7730000019073486,5.559000015258789
435,11.996000289916992,1.2369999885559082,7.070000171661377
438,-9.333999633789063,1.9769999980926514,5.734000205993652
441,-7.298999786376953,1.3459999561309814,7.748000144958496
444,-8.666000366210938,2.2880001068115234,9.92300033569336
447,12.086000442504883,1.8609999418258667,9.800000190734863
450,9.01099967956543,-0.949999988079071,7.198999881744385
453,11.253999710083008,-2.4769999980926514,8.225000381469727
456,-11.154999732971191,-2.9159998893737793,5.811999797821045
459,-7.133999824523926,-1.402999997138977,7.821000099182129
462,-8.822999954223633,-2.115000009536743,9.720000267028809
465,12.173999786376953,-0.8389999866485596,10.177000045776367
468,-4.638999938964844,2.2309999465942383,6.965000152587891
471,-5.693999767303467,1.0210000276565552,4.283999919891357
474,-2.9749999046325684,4.4670000076293945,6.5879998207092285
477,0.4869999885559082,1.4220000505447388,8.138999938964844
480,-1.340000033378601,2.4820001125335693,9.946000099182129
483,-3.9159998893737793,1.378000020980835,9.605999946594238
486,-4.485000133514404,-2.2360000610351563,7.295000076293945
489,-6.839000225067139,-1.3070000410079956,5.0879998207092285
492,-4.0980000495910645,-2.2750000953674316,4.644000053405762
495,0.968999981880188,-1.225000023841858,7.765999794006348
498,-0.9359999895095825,-1.9869999885559082,9.753999710083008
501,-3.6470000743865967,-1.3179999589920044,9.873000144958496
504,3.071000099182129,2.7639999389648438,7.65500020980835
507,-0.3230000138282776,2.6559998989105225,5.75
510,1.6050000190734863,4.001999855041504,3.9709999561309814
513,7.864999771118164,1.6260000467300415,6.98199987411499
516,7.015999794006348,2.2249999046325684,9.581999778747559
519,4.297999858856201,1.9160000085830688,10.17199993133545
522,3.5230000019073486,-2.328000068664551,7.956999778747559
525,1.7599999904632568,-0.39500001072883606,5.35699987411499
528,4.195000171661377,-0.5559999942779541,4.035999774932861
531,5.730000019073486,1.4010000228881836,4.921000003814697
534,5.295000076293945,-2.490999937057495,5.811999797821045
537,4.313000202178955,-0.9139999747276306,10.279999732971191
540,7.067999839782715,3.319000005722046,-1.8270000219345093
543,8.401000022888184,1.9830000400543213,0.21899999678134918
546,9.472999572753906,3.2960000038146973,2.9579999446868896
549,7.997000217437744,-1.6469999551773071,-0.9660000205039978
552,9.329999923706055,-0.31700000166893005,1.2009999752044678
555,7.947999954223633,0.8569999933242798,3.249000072479248
558,11.008000373840332,3.171999931335449,0.5389999747276306
561,-10.687000274658203,2.367000102996826,-1.1440000534057617
564,-7.849999904632568,2.7699999809265137,-1.6050000190734863
567,-7.078000068664551,2.194999933242798,0.8360000252723694
570,-7.922999858856201,2.4660000801086426,3.4010000228881836
573,10.184000015258789,0.20600000023841858,4.796000003814697
576,11.708000183105469,-1.5269999504089355,0.8579999804496765
579,-10.652999877929688,-0.5040000081062317,-1.4049999713897705
582,-8.128999710083008,-1.7400000095367432,-1.6549999713897705
585,-7.104000091552734,-0.6359999775886536,0.6439999938011169
588,-8.78499984741211,-1.4900000095367432,2.7119998931884766
591,12.293000221252441,-1.2799999713897705,3.7339999675750732
594,-4.418000221252441,3.1610000133514404,0.699999988079071
597,-3.0299999713897705,1.968000054359436,-1.6720000505447388
600,-0.7139999866485596,3.203000068664551,-1.9119999408721924
603,-0.24199999868869781,2.1679999828338623,0.6669999957084656
606,-1.3569999933242798,2.759000062942505,2.994999885559082
609,-3.681999921798706,1.1820000410079956,2.618000030517578
612,-4.414000034332275,-0.8579999804496765,0.6710000038146973
615,-2.859999895095825,-0.7960000038146973,-1.6490000486373901
618,-0.1289999932050705,-1.7719999551773071,-1.9620000123977661
621,0.5740000009536743,-0.7450000047683716,0.5860000252723694
624,0.5220000147819519,-1.8240000009536743,3.2019999027252197
627,-1.8270000219345093,-0.7649999856948853,3.936000108718872
630,2.1489999294281006,3.3380000591278076,1.1109999418258667
633,4.4710001945495605,2.438999891281128,-1.0509999990463257
636,4.104000091552734,3.5399999618530273,4.89300012588501
639,2.946000099182129,-1.965999960899353,-0.9190000295639038
642,6.151000022888184,0.2630000114440918,0.20100000500679016
645,4.572999954223633,-1.6139999628067017,1.2960000038146973
648,8.576000213623047,2.9679999351501465,-5.863999843597412
651,9.977999687194824,1.7359999418258667,-7.986999988555908
654,-11.114999771118164,3.0239999294281006,-8.425999641418457
657,-10.206000328063965,1.7619999647140503,-6.043000221252441
660,11.866000175476074,2.4719998836517334,-3.740999937057495
663,9.208999633789063,2.1419999599456787,-3.234999895095825
666,8.375,-1.649999976158142,-5.734000205993652
669,10.140000343322754,-1.347000002861023,-7.7729997634887695
672,-10.767000198364258,-1.6039999723434448,-8.597999572753906
675,-9.831999778747559,-0.9829999804496765,-6.010000228881836
678,12.074999809265137,-1.6950000524520874,-3.6010000705718994
681,9.177000045776367,-0.6190000176429749,-3.3429999351501465
684,-7.741000175476074,3.013000011444092,-6.293000221252441
687,-5.849999904632568,2.3440001010894775,-8.187999725341797
690,-3.1470000743865967,3.177999973297119,-8.559000015258789
693,-2.3610000610351563,2.296999931335449,-6.1479997634887695
696,-3.9210000038146973,3.0510001182556152,-4.050000190734863
699,-6.688000202178955,1.9220000505447388,-4.020999908447266
702,-6.809999942779541,-1.7430000305175781,-6.544000148773193
705,-5.083000183105469,-0.7260000109672546,-8.538000106811523
708,-2.566999912261963,-2.0399999618530273,-8.501999855041504
711,-2.2130000591278076,-0.9769999980926514,-5.9730000495910645
714,-3.9560000896453857,-1.9160000085830688,-3.8910000324249268
717,-6.5960001945495605,-0.8799999952316284,-3.7899999618530273
720,0.3869999945163727,3.0989999771118164,-6.323999881744385
723,2.377000093460083,1.9470000267028809,-8.125
726,5.008999824523926,2.694999933242798,-8.265999794006348
729,5.748000144958496,2.128999948501587,-5.520999908447266
732,3.8269999027252197,3.015000104904175,-3.756999969482422
735,1.097000002861023,2.4790000915527344,-3.7149999141693115
738,0.49399998784065247,-1.5,-6.10099983215332
741,2.305000066757202,-0.9279999732971191,-8.088000297546387
744,4.849999904632568,-2.0250000953674316,-7.870999813079834
747,5.794000148773193,-0.6119999885559082,-5.293000221252441
750,3.8989999294281006,-1.7139999866485596,-3.634999990463257
753,1.4670000076293945,-0.33399999141693115,-3.6559998989105225
756,10.293000221252441,2.424999952316284,11.79699993133545
759,11.135000228881836,1.5180000066757202,14.425000190734863
762,9.24899959564209,2.3580000400543213,-10.800000190734863
765,10.07699966430664,-1.3489999771118164,12.029999732971191
768,11.293000221252441,-1.0800000429153442,-12.369999885559082
771,9.397000312805176,-1.6799999475479126,-10.359000205993652
774,-10.00100040435791,2.703000068664551,14.029999732971191
777,-7.921000003814697,1.4989999532699585,12.496999740600586
780,-5.293000221252441,2.4749999046325684,12.321999549865723
783,-4.692999839782715,1.8329999446868896,-12.333000183105469
786,-7.025000095367432,2.615000009536743,-10.734999656677246
789,-9.72599983215332,2.072000026702881,-10.470999717712402
792,-9.741999626159668,-1.9739999771118164,-12.586000442504883
795,-8.079000473022461,-1.2569999694824219,12.482999801635742
798,-5.355999946594238,-1.8799999952316284,12.027999877929688
801,-4.421000003814697,-0.953000009059906,-12.572999954223633
804,-6.348999977111816,-1.6299999952316284,-10.734000205993652
807,-8.956000328063965,-0.6370000243186951,-10.477999687194824
810,-2.121999979019165,2.8310000896453857,14.449000358581543
813,-0.4729999899864197,1.8839999437332153,12.378999710083008
816,2.2109999656677246,2.3269999027252197,11.930000305175781
819,2.9159998893737793,2.2019999027252197,-12.60099983215332
822,1.4730000495910645,3.2260000705718994,-10.498000144958496
825,-1.4470000267028809,1.7089999914169312,-10.23900032043457
828,-1.8609999418258667,-2.0369999408721924,-13.076000213623047
831,-0.14100000262260437,-0.7979999780654907,12.180999755859375
834,2.5169999599456787,-1.5670000314712524,12.267000198364258
837,3.134999990463257,-0.7680000066757202,-11.968000411987305
840,1.6480000019073486,-2.3480000495910645,-10.27299976348877
843,-0.8650000095367432,-1.1119999885559082,-10.444000244140625
846,5.690000057220459,2.740000009536743,14.50100040435791
849,7.302999973297119,1.9620000123977661,12.246000289916992
852,6.589000225067139,1.6799999475479126,-10.371000289916992
855,5.60699987411499,-2.006999969482422,-12.631999969482422
858,7.826000213623047,-0.6819999814033508,13.302000045776367
861,6.563000202178955,-1.1380000114440918,-10.045999526977539
864,8.449000358581543,9.090999603271484,7.958000183105469
867,10.798999786376953,7.6519999504089355,3.9739999771118164
870,12.255999565124512,9.92199993133545,3.811000108718872
873,-8.083999633789063,8.720000267028809,8.029999732971191
876,-8.95300006866455,9.776000022888184,10.281999588012695
879,11.982999801635742,9.506999969482422,10.430999755859375
882,9.140000343322754,6.298999786376953,8.107999801635742
885,10.800999641418457,5.297999858856201,6.146999835968018
888,-10.100000381469727,4.619999885559082,6.184000015258789
891,-9.588000297546387,6.15500020980835,8.28600025177002
894,-7.577000141143799,4.735000133514404,9.755999565124512
897,11.680000305175781,6.7829999923706055,9.614999771118164
900,-5.658999919891357,10.343000411987305,7.866000175476074
903,-5.2210001945495605,10.73799991607666,5.103000164031982
906,-0.06400000303983688,8.807000160217285,4.702000141143799
909,0.1889999955892563,9.211000442504883,8.03499984741211
912,-1.4800000190734863,10.21500015258789,9.8149995803833
915,-4.290999889373779,9.475000381469727,9.991000175476074
918,-5.310999870300293,5.448999881744385,8.223999977111816
921,-5.877999782562256,6.464000225067139,5.797999858856201
924,-1.1050000190734863,6.367000102996826,5.77400016784668
927,0.7570000290870667,6.322999954223633,8.178000450134277
930,-1.3960000276565552,5.525000095367432,9.82800006866455
933,-3.946000099182129,6.453999996185303,10.322999954223633
936,2.7219998836517334,10.1899995803833,8.826000213623047
939,5.0289998054504395,9.559000015258789,7.210000038146973
942,4.610000133514404,10.854999542236328,4.416999816894531
945,8.697999954223633,9.383000373840332,4.750999927520752
948,6.607999801635742,10.531999588012695,9.359999656677246
951,4.798999786376953,8.182000160217285,11.590999603271484
954,3.1700000762939453,5.696000099182129,7.353000164031982
957,2.5339999198913574,6.485000133514404,3.0309998989105225
960,4.729000091552734,6.248000144958496,5.131999969482422
963,7.065000057220459,7.451000213623047,6.125999927520752
966,7.215000152587891,5.252999782562256,9.85200023651123
969,4.293000221252441,6.293000221252441,9.902000427246094
972,8.251999855041504,10.258000373840332,-1.3910000324249268
975,8.947999954223633,10.491000175476074,1.284999966621399
978,7.021999835968018,11.404999732971191,3.1559998989105225
981,7.434000015258789,6.013000011444092,-1.4479999542236328
984,7.848999977111816,7.921999931335449,1.1740000247955322
987,9.244999885559082,5.97599983215332,2.447000026702881
990,11.663999557495117,10.550999641418457,1.2009999752044678
993,-10.840999603271484,9.404999732971191,-1.3220000267028809
996,-7.953000068664551,10.394000053405762,-1.569000005722046
999,-7.2170000076293945,9.888999938964844,1.0440000295639038
1002,-7.576000213623047,10.604000091552734,3.6540000438690186
1005,-9.038000106811523,9.161999702453613,5.610000133514404
1008,11.958000183105469,5.803999900817871,1.187000036239624
1011,-10.465999603271484,6.644999980926514,-1.4149999618530273
1014,-7.564000129699707,5.390999794006348,-1.36899995803833
1017,-7.459000110626221,7.357999801635742,0.6620000004768372
1020,-8.121000289916992,5.302999973297119,4.1570000648498535
1023,-9.486000061035156,7.151000022888184,2.556999921798706
1026,-4.4710001945495605,10.39900016784668,0.9359999895095825
1029,-3.00600004196167,9.354999542236328,-1.652999997138977
1032,-0.34299999475479126,10.593999862670898,-1.4989999532699585
1035,-0.09799999743700027,9.60200023651123,1.190999984741211
1038,-1.3910000324249268,10.824999809265137,3.134999990463257
1041,-3.630000114440918,9.289999961853027,3.2019999027252197
1044,-4.578999996185303,5.926000118255615,1.2120000123977661
1047,-3.4040000438690186,6.645999908447266,-1.2000000476837158
1050,-0.5920000076293945,6.307000160217285,-1.746999979019165
1053,-0.30300000309944153,6.76200008392334,0.9419999718666077
1056,-1.3619999885559082,5.572999954223633,3.23799991607666
1059,-4.091000080108643,6.736000061035156,3.7309999465942383
1062,2.671999931335449,10.338000297546387,1.1770000457763672
1065,3.930000066757202,10.819000244140625,-1.0490000247955322
1068,2.5959999561309814,9.220000267028809,3.7230000495910645
1071,2.4749999046325684,6.0289998054504395,0.3409999907016754
1074,4.5920000076293945,6.616000175476074,-1.4049999713897705
1077,5.915999889373779,8.829000473022461,-0.5849999785423279
1080,8.958999633789063,10.508999824523926,-6.1539998054504395
1083,10.366999626159668,9.425000190734863,-8.276000022888184
1086,-10.581999778747559,10.126999855041504,-8.48900032043457
1089,-9.843000411987305,8.748000144958496,-5.939000129699707
1092,12.12600040435791,10.253999710083008,-3.875999927520752
1095,9.434000015258789,9.33899974822998,-3.734999895095825
1098,8.166000366210938,5.614999771118164,-6.441999912261963
1101,10.204999923706055,6.4679999351501465,-8.381999969482422
1104,-10.74899959564209,5.834000110626221,-8.510000228881836
1107,-10.291000366210938,6.163000106811523,-5.896999835968018
1110,11.446000099182129,5.302999973297119,-3.878000020980835
1113,8.803000450134277,6.484000205993652,-3.8299999237060547
1116,-7.563000202178955,10.293000221252441,-5.968999862670898
1119,-5.879000186920166,9.416000366210938,-8.095999717712402
1122,-3.2339999675750732,10.192999839782715,-8.515999794006348
1125,-1.9759999513626099,9.685999870300293,-5.927999973297119
1128,-3.865000009536743,10.423999786376953,-4.005000114440918
1131,-6.359000205993652,9.373000144958496,-3.5339999198913574
1134,-7.564000129699707,5.809999942779541,-6.251999855041504
1137,-5.754000186920166,6.410999774932861,-8.321000099182129
1140,-2.9619998931884766,6.0229997634887695,-8.470000267028809
1143,-2.197999954223633,6.932000160217285,-5.980000019073486
1146,-3.9830000400543213,5.72599983215332,-3.9760000705718994
1149,-6.4770002365112305,6.590000152587891,-3.509000062942505
1152,0.7160000205039978,10.12399959564209,-6.545000076293945
1155,2.6429998874664307,9.399999618530273,-8.154999732971191
1158,5.0960001945495605,10.345000267028809,-8.531999588012695
1161,5.376999855041504,10.013999938964844,-5.626999855041504
1164,3.6519999504089355,11.085000038146973,-3.7769999504089355
1167,1.1729999780654907,9.763999938964844,-3.7820000648498535
1170,0.5630000233650208,6.059000015258789,-6.620999813079834
1173,2.6489999294281006,6.60699987411499,-8.364999771118164
1176,5.318999767303467,5.814000129699707,-8.529999732971191
1179,5.627999782562256,6.593999862670898,-5.8480000495910645
1182,3.7360000610351563,5.732999801635742,-3.868000030517578
1185,1.0069999694824219,7.0329999923706055,-4.073999881744385
1188,9.96399974822998,10.498000144958496,11.883999824523926
1191,10.800999641418457,9.093000411987305,14.170000076293945
1194,9.597000122070313,10.376999855041504,-10.699999809265137
1197,10.446999549865723,5.203999996185303,11.53600025177002
1200,11.368000030517578,6.302000045776367,13.987000465393066
1203,9.496999740600586,5.063000202178955,-11.006999969482422
1206,-10.211999893188477,9.967000007629395,14.241999626159668
1209,-7.927000045776367,9.255999565124512,12.79699993133545
1212,-5.336999893188477,10.348999977111816,12.300999641418457
1215,-4.236999988555908,9.14900016784668,-12.5649995803833
1218,-6.340000152587891,10.32800006866455,-10.802000045776367
1221,-8.831000328063965,9.005999565124512,-10.522000312805176
1224,-9.663999557495117,5.421999931335449,-13.239999771118164
1227,-7.875999927520752,6.389999866485596,12.052000045776367
1230,-5.375,5.164000034332275,12.29699993133545
1233,-4.708000183105469,6.420000076293945,-12.496000289916992
1236,-6.257999897003174,5.258999824523926,-10.682000160217285
1239,-9.187000274658203,6.228000164031982,-10.623000144958496
1242,-1.562999963760376,9.972999572753906,14.380999565124512
1245,-0.16099999845027924,9.14799976348877,12.100000381469727
1248,2.6610000133514404,10.13700008392334,11.803000450134277
1251,3.2750000953674316,9.684000015258789,14.479999542236328
1254,1.6990000009536743,10.668000221252441,-10.447999954223633
1257,-1.062999963760376,9.852999687194824,-10.194000244140625
1260,-2.0220000743865967,5.690000057220459,-12.755999565124512
1263,-0.13300000131130219,6.34499979019165,12.196999549865723
1266,2.436000108718872,5.185999870300293,12.107999801635742
1269,3.484999895095825,6.367000102996826,-12.758000373840332
1272,1.5490000247955322,6.2170000076293945,-10.946000099182129
1275,-1.2599999904632568,7.099999904632568,-10.5649995803833
1278,6.046999931335449,10.258000373840332,14.11299991607666
1281,7.3979997634887695,9.392000198364258,11.6850004196167
1284,6.767000198364258,9.684000015258789,-10.604000091552734
1287,6.190000057220459,5.479000091552734,-13.0649995803833
1290,8.17300033569336,6.5970001220703125,12.123000144958496
1293,7.244999885559082,6.749000072479248,-10.809000015258789
