0,-10.78499984741211,-5.5279998779296875,10.461000442504883
3,-9.147000312805176,-6.88100004196167,8.446999549865723
6,-6.622000217437744,-5.763999938964844,8.260000228881836
9,-5.433000087738037,-6.923999786376953,10.484999656677246
12,-6.830999851226807,-5.885000228881836,12.680000305175781
15,-9.475000381469727,-7.039000034332275,12.711999893188477
18,-10.654000282287598,11.91100025177002,10.404000282287598
21,-9.531000137329102,-9.633000373840332,8.11299991607666
24,-6.789000034332275,11.76200008392334,8.125
27,-5.5320000648498535,12.65999984741211,10.314000129699707
30,-6.729000091552734,11.67300033569336,12.553000450134277
33,-9.348999977111816,12.559000015258789,12.736000061035156
36,-3.000999927520752,-5.5929999351501465,10.545999526977539
39,-1.7549999952316284,-6.920000076293945,8.281999588012695
42,0.8769999742507935,-5.84499979019165,8.321999549865723
45,2.3289999961853027,-6.604000091552734,10.52400016784668
48,1.0210000276565552,-5.736000061035156,12.819999694824219
51,-1.3830000162124634,-6.949999809265137,12.590999603271484
54,-3.0439999103546143,11.65999984741211,10.032999992370605
57,-1.2400000095367432,12.782999992370605,8.083999633789063
60,1.4190000295639038,11.925999641418457,8.246999740600586
63,2.6070001125335693,-9.27299976348877,10.447999954223633
66,1.1059999465942383,11.956000328063965,12.437000274658203
69,-1.6069999933242798,-9.64900016784668,12.340999603271484
72,5.0920000076293945,-5.985000133514404,10.5600004196167
75,6.127999782562256,-6.829999923706055,8.057000160217285
78,8.869999885559082,-5.939000129699707,8.10099983215332
81,10.151000022888184,-6.593999862670898,10.463000297546387
84,8.875,-5.896999835968018,12.736000061035156
87,6.296000003814697,-6.7789998054504395,12.9350004196167
90,5.01200008392334,11.928999900817871,10.423999786376953
93,6.2270002365112305,-9.574000358581543,8.137999534606934
96,8.847000122070313,11.914999961853027,8.17300033569336
99,10.289999961853027,-9.369999885559082,10.357999801635742
102,9.109999656677246,12.07699966430664,12.619000434875488
105,6.39300012588501,-9.592000007629395,12.67300033569336
108,-10.692999839782715,-5.961999893188477,1.659000039100647
111,-9.40999984741211,-6.945000171661377,3.9690001010894775
114,-10.729000091552734,-5.9070000648498535,6.175000190734863
117,-10.873000144958496,12.055000305175781,1.3270000219345093
120,-9.468000411987305,12.630999565124512,3.7200000286102295
123,-10.88700008392334,11.79800033569336,5.9710001945495605
126,-6.60099983215332,-6.02400016784668,3.8469998836517334
129,-5.631999969482422,-6.939000129699707,1.350000023841858
132,-3.115999937057495,-5.815000057220459,1.2359999418258667
135,-1.8339999914169312,-6.9120001792907715,3.49399995803833
138,-2.744999885559082,-5.921000003814697,5.948999881744385
141,-5.328000068664551,-6.859000205993652,6.113999843597412
144,-6.728000164031982,11.704999923706055,3.7760000228881836
147,-5.525000095367432,12.710000038146973,1.4299999475479126
150,-2.819999933242798,11.894000053405762,1.3609999418258667
153,-1.4429999589920044,-9.571999549865723,3.502000093460083
156,-2.625,11.904000282287598,5.744999885559082
159,-5.295000076293945,-9.663000106811523,5.9629998207092285
162,0.7580000162124634,-5.8480000495910645,3.440999984741211
165,2.5880000591278076,-6.703000068664551,1.565000057220459
168,5.216000080108643,-5.6479997634887695,1.4019999504089355
171,6.254000186920166,-6.715000152587891,3.816999912261963
174,4.7769999504089355,-5.5960001945495605,5.827000141143799
177,2.1640000343322754,-6.581999778747559,6.0269999504089355
180,1.0579999685287476,11.788999557495117,3.437000036239624
183,2.4730000495910645,-9.480999946594238,1.4880000352859497
186,5.119999885559082,11.975000381469727,1.2690000534057617
189,6.395999908447266,-9.390999794006348,3.5490000247955322
192,5.09499979019165,11.984000205993652,5.669000148773193
195,2.2160000801086426,12.746000289916992,5.820000171661377
198,8.99899959564209,-5.961999893188477,3.75600004196167
201,10.133000373840332,-6.703999996185303,1.430999994277954
204,10.357000350952148,-6.986000061035156,6.130000114440918
207,8.994999885559082,12.008000373840332,3.5759999752044678
210,10.140000343322754,-9.402999877929688,1.2619999647140503
213,10.154000282287598,12.718000411987305,5.885000228881836
216,-10.699000358581543,-5.931000232696533,-2.681999921798706
219,-9.751999855041504,-6.8379998207092285,-5.189000129699707
222,-7.0269999504089355,-6.113999843597412,-5.468999862670898
225,-5.617000102996826,-6.811999797821045,-3.0380001068115234
228,-6.747000217437744,-5.855999946594238,-0.871999979019165
231,-9.140000343322754,-6.86899995803833,-0.47699999809265137
234,-10.664999961853027,11.904000282287598,-2.993000030517578
237,-9.432999610900879,12.734000205993652,-5.276000022888184
240,-6.813000202178955,11.871999740600586,-5.688000202178955
243,-5.875999927520752,-9.576000213623047,-3.2709999084472656
246,-6.708000183105469,11.687000274658203,-0.8629999756813049
249,-9.1850004196167,-9.579000473022461,-0.6949999928474426
252,-3.002000093460083,-5.76800012588501,-2.990999937057495
255,-1.8270000219345093,-6.718999862670898,-5.25600004196167
258,0.8289999961853027,-5.947000026702881,-5.304999828338623
261,2.0799999237060547,-6.500999927520752,-2.7950000762939453
264,0.628000020980835,-5.790999889373779,-0.6060000061988831
267,-1.8539999723434448,-7.031000137329102,-0.7829999923706055
270,-3.134999990463257,11.892999649047852,-3.306999921798706
273,-1.5449999570846558,-9.53499984741211,-5.306000232696533
276,1.3730000257492065,12.107999801635742,-5.394000053405762
279,2.563999891281128,-9.402999877929688,-2.943000078201294
282,1.1799999475479126,11.859999656677246,-0.8629999756813049
285,-1.5269999504089355,12.685999870300293,-0.9580000042915344
288,4.781000137329102,-6.038000106811523,-3.196000099182129
291,6.329999923706055,-6.919000148773193,-5.400000095367432
294,9.190999984741211,-5.715000152587891,-5.340000152587891
297,10.232999801635742,-6.822000026702881,-3.0869998931884766
300,8.85200023651123,-5.8480000495910645,-0.9240000247955322
303,6.258999824523926,-6.802999973297119,-0.8930000066757202
306,5.060999870300293,11.95300006866455,-3.1700000762939453
309,6.199999809265137,12.597000122070313,-5.552999973297119
312,9.015000343322754,11.855999946594238,-5.46999979019165
315,10.430000305175781,-9.623000144958496,-3.0199999809265137
318,8.977999687194824,11.72700023651123,-0.8659999966621399
321,6.495999813079834,-9.592000007629395,-0.9409999847412109
324,-10.586000442504883,-6.0980000495910645,-12.204999923706055
327,-9.432000160217285,-6.76200008392334,-9.866999626159668
330,-10.718999862670898,-5.916999816894531,-7.644999980926514
333,-10.72599983215332,12.003000259399414,-12.133999824523926
336,-9.300999641418457,-9.467000007629395,-9.935999870300293
339,-10.645999908447266,11.932999610900879,-7.817999839782715
342,-6.815000057220459,-6.173999786376953,-10.201000213623047
345,-5.308000087738037,-6.986000061035156,-12.340999603271484
348,-2.6389999389648438,-5.9670000076293945,-12.175999641418457
351,-1.4819999933242798,-6.6620001792907715,-9.704999923706055
354,-2.993000030517578,-5.85099983215332,-7.5879998207092285
357,-5.557000160217285,-6.821000099182129,-7.578999996185303
360,-6.685999870300293,11.9399995803833,-10.029000282287598
363,-5.49399995803833,12.564000129699707,-12.300000190734863
366,-2.816999912261963,12.067000389099121,-12.517999649047852
369,-1.569000005722046,-9.567999839782715,-10.081000328063965
372,-2.805000066757202,11.979000091552734,-7.822999954223633
375,-5.396999835968018,-9.454999923706055,-7.85699987411499
378,1.2200000286102295,-5.822000026702881,-9.57800006866455
381,2.385999917984009,-6.769999980926514,-11.967000007629395
384,4.857999801635742,-5.705999851226807,-12.102999687194824
387,5.974999904632568,-6.5920000076293945,-9.77400016784668
390,4.934999942779541,-5.708000183105469,-7.480000019073486
393,2.444000005722046,-6.771999835968018,-7.315000057220459
396,1.090000033378601,11.854000091552734,-10.104999542236328
399,2.2309999465942383,-9.479000091552734,-12.373000144958496
402,4.814000129699707,11.892999649047852,-12.357999801635742
405,6.14900016784668,-9.251999855041504,-10.105999946594238
408,4.9770002365112305,11.85099983215332,-7.90500020980835
411,2.377000093460083,-9.505999565124512,-7.868000030517578
414,8.635000228881836,-5.698999881744385,-10.04800033569336
417,10.32699966430664,-6.611999988555908,-12.045999526977539
420,10.071000099182129,-6.558000087738037,-7.736000061035156
423,8.833999633789063,11.991000175476074,-10.039999961853027
426,10.319999694824219,-9.468000411987305,-12.182999610900879
429,10.494999885559082,-9.319999694824219,-7.658999919891357
432,-10.821999549865723,1.628999948501587,10.656000137329102
435,-9.211999893188477,0.6480000019073486,8.536999702453613
438,-6.591000080108643,1.7039999961853027,8.345999717712402
441,-5.4730000495910645,0.8339999914169312,10.64900016784668
444,-6.875,1.3669999837875366,12.90999984741211
447,-9.569000244140625,0.5019999742507935,12.95199966430664
450,-10.574000358581543,-2.8359999656677246,10.496000289916992
453,-9.272000312805176,-2.0190000534057617,8.218000411987305
456,-6.682000160217285,-3.0510001182556152,8.13700008392334
459,-5.415999889373779,-2.0169999599456787,10.354999542236328
462,-6.882999897003174,-3.0940001010894775,12.468999862670898
465,-9.432000160217285,-2.252000093460083,12.86400032043457
468,-2.8589999675750732,1.75600004196167,10.663000106811523
471,-1.5420000553131104,0.8709999918937683,8.352999687194824
474,1.1890000104904175,1.718000054359436,8.456999778747559
477,2.2880001068115234,0.8849999904632568,10.762999534606934
480,0.8550000190734863,1.7039999961853027,12.944000244140625
483,-1.5679999589920044,0.6809999942779541,12.857999801635742
486,-2.7769999504089355,-2.756999969482422,10.324999809265137
489,-1.4320000410079956,-1.9220000505447388,8.112000465393066
492,1.1829999685287476,-2.947000026702881,8.211000442504883
495,2.562999963760376,-2.072999954223633,10.378999710083008
498,1.1239999532699585,-3.002000093460083,12.515000343322754
501,-1.4910000562667847,-2.072999954223633,12.675999641418457
504,4.965000152587891,1.6080000400543213,10.696999549865723
507,6.395999908447266,0.6669999957084656,8.449999809265137
510,8.96399974822998,1.5750000476837158,8.258999824523926
513,10.029999732971191,0.6340000033378601,10.72700023651123
516,8.994999885559082,1.6130000352859497,13.026000022888184
519,6.255000114440918,0.6949999928474426,12.89799976348877
522,5.120999813079834,-3.236999988555908,10.432000160217285
525,6.461999893188477,-2.1619999408721924,8.032999992370605
528,8.968000411987305,-3.2330000400543213,8.12399959564209
531,10.22599983215332,-2.1050000190734863,10.51200008392334
534,8.925999641418457,-3.132999897003174,12.616999626159668
537,6.323999881744385,-2.0380001068115234,12.609000205993652
540,-10.677000045776367,1.628000020980835,1.406000018119812
543,-9.456999778747559,0.6349999904632568,3.8259999752044678
546,-10.461000442504883,1.4830000400543213,6.190999984741211
549,-10.645999908447266,-3.187999963760376,1.4229999780654907
552,-9.305000305175781,-2.183000087738037,3.687999963760376
555,-10.555000305175781,-3.0139999389648438,6.005000114440918
558,-6.703000068664551,1.4119999408721924,3.6570000648498535
561,-5.414999961853027,0.23100000619888306,1.50600004196167
564,-2.8970000743865967,1.4869999885559082,1.2610000371932983
567,-1.8359999656677246,0.703000009059906,3.700000047683716
570,-2.947000026702881,1.652999997138977,5.951000213623047
573,-5.550000190734863,0.593999981880188,6.083000183105469
576,-6.8379998207092285,-3.2179999351501465,3.503000020980835
579,-5.336999893188477,-2.509000062942505,1.4229999780654907
582,-2.5460000038146973,-3.114000082015991,1.11899995803833
585,-1.4809999465942383,-2.11299991607666,3.509999990463257
588,-2.884000062942505,-3.125999927520752,5.76800012588501
591,-5.631999969482422,-2.13700008392334,5.730999946594238
594,0.7680000066757202,1.7039999961853027,3.7709999084472656
597,2.250999927520752,0.8220000267028809,1.4550000429153442
600,4.918000221252441,1.5829999446868896,1.4520000219345093
603,6.15500020980835,0.5759999752044678,3.7790000438690186
606,5.025000095367432,1.7059999704360962,6.063000202178955
609,2.25600004196167,1.055999994277954,6.03000020980835
612,1.0549999475479126,-3.0299999713897705,3.7790000438690186
615,2.2149999141693115,-2.0350000858306885,1.3459999561309814
618,5.125,-2.8989999294281006,1.2549999952316284
621,6.401000022888184,-2.1689999103546143,3.5799999237060547
624,4.928999900817871,-2.9609999656677246,5.7210001945495605
627,2.2239999771118164,-1.8450000286102295,5.959000110626221
630,8.795999526977539,1.6109999418258667,3.7809998989105225
633,10.119999885559082,0.5920000076293945,1.5779999494552612
636,10.45300006866455,0.6930000185966492,6.059999942779541
639,8.887999534606934,-3.2139999866485596,3.6760001182556152
642,10.300999641418457,-2.240000009536743,1.465000033378601
645,10.329000473022461,-2.1519999504089355,5.951000213623047
648,-10.769000053405762,1.4539999961853027,-2.9519999027252197
651,-9.340999603271484,0.6340000033378601,-5.11299991607666
654,-6.709000110626221,1.7510000467300415,-5.105000019073486
657,-5.275000095367432,0.39800000190734863,-3.2720000743865967
660,-6.5929999351501465,1.0390000343322754,-0.8379999995231628
663,-9.375,0.4950000047683716,-0.7739999890327454
666,-10.541000366210938,-3.134000062942505,-3.2239999771118164
669,-9.32699966430664,-2.2219998836517334,-5.4029998779296875
672,-6.783999919891357,-3.2130000591278076,-5.603000164031982
675,-5.500999927520752,-2.2950000762939453,-3.441999912261963
678,-6.493000030517578,-3.0899999141693115,-1.0360000133514404
681,-9.269000053405762,-2.2690000534057617,-0.8429999947547913
684,-2.740999937057495,1.902999997138977,-3.2309999465942383
687,-1.7710000276565552,0.8460000157356262,-5.461999893188477
690,0.9380000233650208,1.6790000200271606,-5.50600004196167
693,2.2660000324249268,0.6449999809265137,-3.3299999237060547
696,1.1829999685287476,1.7020000219345093,-1.0470000505447388
699,-1.5099999904632568,0.8429999947547913,-0.9950000047683716
702,-2.740000009536743,-3.0260000228881836,-3.503999948501587
705,-1.6169999837875366,-1.9509999752044678,-5.659999847412109
708,1.0199999809265137,-3.1080000400543213,-5.557000160217285
711,2.555999994277954,-2.138000011444092,-3.1700000762939453
714,1.1330000162124634,-3.1010000705718994,-0.9879999756813049
717,-1.409000039100647,-2.068000078201294,-1.2039999961853027
720,4.821000099182129,1.6579999923706055,-3.2799999713897705
723,6.36899995803833,0.6850000023841858,-5.308000087738037
726,9.24899959564209,1.8580000400543213,-4.9670000076293945
729,10.300000190734863,0.5360000133514404,-2.693000078201294
732,8.85200023651123,1.656999945640564,-0.628000020980835
735,6.247000217437744,0.7350000143051147,-0.8840000033378601
738,5.059000015258789,-3.2839999198913574,-3.375
741,6.330999851226807,-2.058000087738037,-5.493000030517578
744,9.029000282287598,-3.0309998989105225,-5.610000133514404
747,10.312999725341797,-2.3320000171661377,-3.2179999351501465
750,9.095000267028809,-3.1579999923706055,-0.9470000267028809
753,6.288000106811523,-2.197000026702881,-1.1890000104904175
756,-10.64900016784668,1.6180000305175781,-12.079000473022461
759,-9.583999633789063,0.625,-9.78600025177002
762,-10.571000099182129,1.5700000524520874,-7.322000026702881
765,-10.680000305175781,-3.2980000972747803,-12.112000465393066
768,-9.303000450134277,-2.3259999752044678,-9.78600025177002
771,-10.699000358581543,-3.068000078201294,-7.686999797821045
774,-6.968999862670898,1.5800000429153442,-9.866000175476074
777,-5.552999973297119,0.5299999713897705,-11.95199966430664
780,-2.924999952316284,1.5230000019073486,-12.055000305175781
783,-1.5870000123977661,0.6949999928474426,-9.76200008392334
786,-2.9130001068115234,1.9739999771118164,-7.7220001220703125
789,-5.515999794006348,0.574999988079071,-7.375
792,-6.75600004196167,-3.263000011444092,-10.281000137329102
795,-5.38700008392334,-2.178999900817871,-12.472999572753906
798,-2.684999942779541,-3.0910000801086426,-12.387999534606934
801,-1.5889999866485596,-2.180000066757202,-10.041000366210938
804,-2.9519999027252197,-3.0769999027252197,-7.781000137329102
807,-5.583000183105469,-2.180999994277954,-7.855000019073486
810,0.9610000252723694,1.5839999914169312,-9.902000427246094
813,2.3340001106262207,0.5009999871253967,-12.03499984741211
816,5.048999786376953,1.437999963760376,-11.991000175476074
819,6.328999996185303,0.6740000247955322,-9.664999961853027
822,4.8520002365112305,1.7029999494552612,-7.622000217437744
825,2.305999994277954,0.7120000123977661,-7.644000053405762
828,1.0789999961853027,-3.111999988555908,-10.128000259399414
831,2.5260000228881836,-2.2139999866485596,-12.288000106811523
834,5.234000205993652,-2.9579999446868896,-12.145999908447266
837,6.269000053405762,-2.190000057220459,-9.76200008392334
840,4.711999893188477,-3.0190000534057617,-7.702000141143799
843,2.1389999389648438,-2.003999948501587,-7.86299991607666
846,8.949999809265137,1.5089999437332153,-9.6899995803833
849,10.387999534606934,0.578000009059906,-11.987000465393066
852,10.3149995803833,0.7110000252723694,-7.359000205993652
855,8.895999908447266,-2.934000015258789,-10.067999839782715
858,10.210000038146973,-2.0360000133514404,-12.222999572753906
861,10.199000358581543,-2.0,-7.756999969482422
864,-10.708000183105469,8.967000007629395,10.517999649047852
867,-9.38599967956543,8.12399959564209,8.361000061035156
870,-6.73199987411499,9.005000114440918,8.404000282287598
873,-5.434999942779541,7.914000034332275,10.583999633789063
876,-6.803999900817871,8.892999649047852,12.708999633789063
879,-9.598999977111816,8.26099967956543,12.944999694824219
882,-10.659000396728516,4.50600004196167,10.734000205993652
885,-9.48900032043457,5.333000183105469,8.383000373840332
888,-6.8420000076293945,4.443999767303467,8.043000221252441
891,-5.7789998054504395,5.093999862670898,10.565999984741211
894,-6.813000202178955,4.083000183105469,13.027000427246094
897,-9.305999755859375,5.46999979019165,13.00100040435791
900,-2.880000114440918,8.97700023651123,10.425999641418457
903,-1.4759999513626099,8.185999870300293,8.234999656677246
906,1.218999981880188,9.116999626159668,8.295999526977539
909,2.3550000190734863,8.194999694824219,10.58899974822998
912,1.0260000228881836,9.236000061035156,12.845000267028809
915,-1.7050000429153442,8.282999992370605,12.800999641418457
918,-3.00600004196167,4.4770002365112305,10.23799991607666
921,-1.4199999570846558,5.406000137329102,8.258000373840332
924,1.11899995803833,4.434000015258789,8.095999717712402
927,2.3410000801086426,5.380000114440918,10.461999893188477
930,0.8640000224113464,4.473999977111816,12.633000373840332
933,-1.875,5.448999881744385,12.78600025177002
936,4.848999977111816,9.225000381469727,10.472999572753906
939,6.052000045776367,8.041999816894531,8.1899995803833
942,8.78499984741211,8.996999740600586,8.381999969482422
945,10.182999610900879,8.118000030517578,10.708000183105469
948,8.890000343322754,9.210000038146973,12.79699993133545
951,6.1539998054504395,8.189000129699707,12.687000274658203
954,5.15500020980835,4.335000038146973,10.58899974822998
957,6.301000118255615,5.314000129699707,8.381999969482422
960,8.800000190734863,4.360000133514404,8.170000076293945
963,10.309000015258789,5.270999908447266,10.548999786376953
966,9.045999526977539,4.369999885559082,12.769000053405762
969,6.426000118255615,5.4679999351501465,13.019000053405762
972,-10.743000030517578,9.152999877929688,1.5839999914169312
975,-9.307000160217285,7.936999797821045,3.7690000534057617
978,-10.71500015258789,8.894000053405762,6.01800012588501
981,-10.590999603271484,4.382999897003174,1.2369999885559082
984,-9.390000343322754,5.214000225067139,3.6389999389648438
987,-10.479000091552734,4.379000186920166,5.98799991607666
990,-6.828999996185303,8.977999687194824,3.8610000610351563
993,-5.257999897003174,8.13599967956543,1.7869999408721924
996,-2.6080000400543213,8.97599983215332,1.2519999742507935
999,-1.465999960899353,8.03499984741211,3.6589999198913574
1002,-2.8919999599456787,9.097999572753906,5.785999774932861
1005,-5.39900016784668,7.980999946594238,6.098999977111816
1008,-6.666999816894531,4.263999938964844,3.4860000610351563
1011,-5.567999839782715,5.328999996185303,1.2369999885559082
1014,-2.803999900817871,4.35099983215332,1.1380000114440918
1017,-1.5959999561309814,5.192999839782715,3.4549999237060547
1020,-2.561000108718872,4.484000205993652,5.918000221252441
1023,-5.439000129699707,5.126999855041504,5.9019999504089355
1026,1.343999981880188,9.10200023651123,3.878000020980835
1029,2.565000057220459,8.031000137329102,1.7059999704360962
1032,5.114999771118164,9.12600040435791,1.628000020980835
1035,6.451000213623047,7.939000129699707,3.8910000324249268
1038,4.98799991607666,9.180000305175781,5.870999813079834
1041,2.5,7.99399995803833,6.084000110626221
1044,1.215999960899353,4.447999954223633,3.5969998836517334
1047,2.7339999675750732,5.327000141143799,1.5369999408721924
1050,5.293000221252441,4.314000129699707,1.4290000200271606
1053,6.545000076293945,5.085999965667725,3.7639999389648438
1056,5.1020002365112305,4.492000102996826,6.034999847412109
1059,2.559999942779541,5.2870001792907715,5.984000205993652
1062,8.875,9.315999984741211,3.8589999675750732
1065,10.178000450134277,7.995999813079834,1.7660000324249268
1068,10.199000358581543,8.279000282287598,6.086999893188477
1071,9.35099983215332,4.314000129699707,3.7769999504089355
1074,10.487000465393066,5.302999973297119,1.5529999732971191
1077,10.446999549865723,5.380000114440918,6.051000118255615
1080,-10.321999549865723,9.062000274658203,-2.746999979019165
1083,-9.71500015258789,8.100000381469727,-5.263999938964844
1086,-7.078999996185303,9.14900016784668,-5.443999767303467
1089,-5.9730000495910645,7.938000202178955,-3.11299991607666
1092,-6.640999794006348,8.930999755859375,-0.7139999866485596
1095,-9.251999855041504,7.888000011444092,-0.5040000081062317
1098,-10.515000343322754,4.336999893188477,-3.187999963760376
1101,-9.48900032043457,5.336999893188477,-5.465000152587891
1104,-6.894000053405762,4.493000030517578,-5.789999961853027
1107,-5.756999969482422,5.177000045776367,-3.3540000915527344
1110,-6.581999778747559,3.890000104904175,-0.9919999837875366
1113,-9.074000358581543,5.13700008392334,-0.8799999952316284
1116,-3.5390000343322754,9.095000267028809,-3.3570001125335693
1119,-1.5490000247955322,8.545999526977539,-5.1570000648498535
1122,1.2699999809265137,9.32800006866455,-5.144000053405762
1125,2.430999994277954,8.175999641418457,-2.8369998931884766
1128,0.9580000042915344,9.22700023651123,-0.6620000004768372
1131,-1.7139999866485596,8.229999542236328,-1.1859999895095825
1134,-2.7190001010894775,4.671999931335449,-3.1019999980926514
1137,-1.2890000343322754,5.74399995803833,-5.363999843597412
1140,1.215000033378601,4.484000205993652,-5.576000213623047
1143,2.6659998893737793,5.52400016784668,-3.247999906539917
1146,1.5820000171661377,4.495999813079834,-0.9269999861717224
1149,-1.1109999418258667,5.396999835968018,-0.8309999704360962
1152,5.110000133514404,9.288000106811523,-2.7360000610351563
1155,6.436999797821045,8.262999534606934,-5.057000160217285
1158,9.010000228881836,9.045999526977539,-5.205999851226807
1161,10.338000297546387,8.223999977111816,-2.9200000762939453
1164,9.088000297546387,9.017000198364258,-0.5709999799728394
1167,6.4029998779296875,8.265000343322754,-0.597000002861023
1170,5.22599983215332,4.396999835968018,-3.1010000705718994
1173,6.453000068664551,5.474999904632568,-5.322999954223633
1176,9.352999687194824,4.692999839782715,-5.288000106811523
1179,10.58899974822998,5.451000213623047,-2.9760000705718994
1182,9.182000160217285,4.3420000076293945,-0.9110000133514404
1185,6.511000156402588,5.420000076293945,-0.8169999718666077
1188,-10.736000061035156,9.300999641418457,-11.960000038146973
1191,-9.51099967956543,8.140999794006348,-9.810999870300293
1194,-10.899999618530273,9.23900032043457,-7.616000175476074
1197,-10.440999984741211,4.294000148773193,-12.097000122070313
1200,-9.479999542236328,5.38100004196167,-9.760000228881836
1203,12.616000175476074,4.242000102996826,-7.681000232696533
1206,-7.03000020980835,9.194000244140625,-10.015000343322754
1209,-5.627999782562256,8.119999885559082,-12.116999626159668
1212,-2.9760000705718994,9.265999794006348,-12.192999839782715
1215,-1.3320000171661377,8.229999542236328,-9.9350004196167
1218,-2.9179999828338623,9.166999816894531,-7.710999965667725
1221,-5.75,8.33899974822998,-7.728000164031982
1224,-6.7270002365112305,4.451000213623047,-10.02299976348877
1227,-5.379000186920166,5.349999904632568,-12.293999671936035
1230,-2.759000062942505,4.296999931335449,-12.109000205993652
1233,-1.3660000562667847,5.390999794006348,-9.880000114440918
1236,-2.878000020980835,4.894999980926514,-7.714000225067139
1239,-5.434000015258789,5.625999927520752,-7.800000190734863
1242,1.2860000133514404,9.116000175476074,-9.730999946594238
1245,2.2880001068115234,8.154000282287598,-12.053999900817871
1248,4.767000198364258,9.156999588012695,-12.345999717712402
1251,6.189000129699707,8.197999954223633,-9.98799991607666
1254,5.248000144958496,9.067000389099121,-7.498000144958496
1257,2.562000036239624,8.218999862670898,-7.335999965667725
1260,1.3380000591278076,4.377999782562256,-9.925000190734863
1263,2.38100004196167,5.440999984741211,-12.234999656677246
1266,4.870999813079834,4.388999938964844,-12.121000289916992
1269,6.366000175476074,5.427999973297119,-10.097999572753906
1272,5.269000053405762,4.436999797821045,-7.6479997634887695
1275,2.6519999504089355,5.4070000648498535,-7.745999813079834
1278,8.895000457763672,9.291000366210938,-9.727999687194824
1281,10.237000465393066,8.163000106811523,-12.00100040435791
1284,10.119999885559082,8.175999641418457,-7.551000118255615
1287,9.109999656677246,4.306000232696533,-9.972999572753906
1290,10.34000015258789,5.218999862670898,-12.17199993133545
1293,10.225000381469727,5.451000213623047,-7.697000026702881
