0,7.486000061035156,-2.9489998817443848,7.060999870300293
3,11.541999816894531,-6.818999767303467,8.692999839782715
6,10.767999649047852,-5.593999862670898,6.201000213623047
9,-7.400000095367432,-5.7870001792907715,7.557000160217285
12,-8.361000061035156,-4.560999870300293,9.833000183105469
15,12.623000144958496,-4.449999809265137,9.791000366210938
18,10.312000274658203,11.090999603271484,8.380999565124512
21,-9.71399974822998,-9.435999870300293,8.505000114440918
24,12.218000411987305,11.822999954223633,6.434999942779541
27,-8.647000312805176,-7.953000068664551,6.385000228881836
30,-7.797999858856201,12.73900032043457,10.37600040435791
33,9.63599967956543,-9.0649995803833,9.718000411987305
36,-3.696000099182129,-5.114999771118164,8.027000427246094
39,-8.447999954223633,-3.9070000648498535,5.7779998779296875
42,-1.718000054359436,-4.994999885559082,5.908999919891357
45,0.23100000619888306,-5.638999938964844,7.99399995803833
48,-0.3140000104904175,-4.678999900817871,10.359999656677246
51,-3.3469998836517334,-5.7230000495910645,10.682000160217285
54,-5.2870001792907715,-9.517000198364258,9.196000099182129
57,-5.22599983215332,-7.380000114440918,7.553999900817871
60,-5.039000034332275,13.055999755859375,5.690000057220459
63,0.7080000042915344,-8.642999649047852,8.118000030517578
66,-0.8230000138282776,-9.375,10.270000457763672
69,-3.4070000648498535,-8.496000289916992,11.093999862670898
72,3.990000009536743,-5.230999946594238,8.001999855041504
75,2.2730000019073486,-5.484000205993652,5.756999969482422
78,4.03000020980835,-5.140999794006348,3.680000066757202
81,5.889999866485596,-7.176000118255615,7.540999889373779
84,6.085000038146973,-3.388000011444092,9.76200008392334
87,4.538000106811523,-5.5,10.895000457763672
90,3.0239999294281006,12.503000259399414,8.696999549865723
93,0.164000004529953,12.916000366210938,5.515999794006348
96,4.488999843597412,-7.801000118255615,3.628000020980835
99,4.10699987411499,-9.071999549865723,6.296000003814697
102,6.420000076293945,-9.116000175476074,9.427000045776367
105,4.079999923706055,-8.512999534606934,10.855999946594238
108,7.7779998779296875,-4.769000053405762,-0.7639999985694885
111,9.144000053405762,-5.813000202178955,1.3940000534057617
114,8.168000221252441,-5.834000110626221,6.644999980926514
117,8.029999732971191,-8.968000411987305,-0.8019999861717224
120,9.253999710083008,-8.583999633789063,1.7640000581741333
123,7.254000186920166,-8.539999961853027,3.7799999713897705
126,11.569999694824219,-4.242000102996826,1.3309999704360962
129,-10.178999900817871,-5.255000114440918,-0.35199999809265137
132,-7.769000053405762,-4.185999870300293,-1.0479999780654907
135,-7.10699987411499,-5.521999835968018,1.465000033378601
138,-8.822999954223633,-4.056000232696533,3.1470000743865967
141,12.059000015258789,-5.4670000076293945,3.6480000019073486
144,11.991999626159668,-8.711999893188477,1.6460000276565552
147,-10.557000160217285,-8.192999839782715,-0.7860000133514404
150,-7.888999938964844,-8.895999908447266,-1.0210000276565552
153,-6.881999969482422,-8.378000259399414,1.496000051498413
156,-7.3460001945495605,-8.871999740600586,4.2170000076293945
159,-11.208000183105469,-8.180999755859375,4.785999774932861
162,-4.564000129699707,-4.5289998054504395,1.5119999647140503
165,-2.9509999752044678,-5.810999870300293,-0.5479999780654907
168,-0.597000002861023,-4.288000106811523,-0.925000011920929
171,0.5559999942779541,-5.364999771118164,1.7330000400543213
174,0.5070000290870667,-4.296999931335449,4.125999927520752
177,-4.01800012588501,-4.946000099182129,4.184999942779541
180,-4.117000102996826,-9.041000366210938,1.649999976158142
183,-2.3420000076293945,-8.54800033569336,-0.7519999742507935
186,0.367000013589859,-9.135000228881836,-0.9599999785423279
189,0.9340000152587891,-7.961999893188477,1.4809999465942383
192,-0.9049999713897705,-8.991000175476074,3.1619999408721924
195,-3.48799991607666,-7.618000030517578,3.884000062942505
198,3.1989998817443848,-4.938000202178955,1.0149999856948853
201,5.021999835968018,-5.686999797821045,-0.8040000200271606
204,7.229000091552734,-3.2829999923706055,2.440999984741211
207,3.5269999504089355,-8.767999649047852,1.1440000534057617
210,5.290999889373779,-8.413999557495117,-0.871999979019165
213,8.013999938964844,-5.914000034332275,3.75
216,8.895000457763672,-4.656000137329102,-5.041999816894531
219,10.8149995803833,-5.455999851226807,-7.3480000495910645
222,-10.194999694824219,-4.672999858856201,-7.639999866485596
225,-9.82699966430664,-5.421000003814697,-5.111000061035156
228,12.300999641418457,-4.210000038146973,-2.88100004196167
231,9.611000061035156,-5.434999942779541,-2.552999973297119
234,9.22599983215332,-9.194000244140625,-5.5929999351501465
237,10.807999610900879,-8.4350004196167,-7.640999794006348
240,-10.145999908447266,-9.34000015258789,-7.758999824523926
243,-9.201000213623047,-8.107000350952148,-5.229000091552734
246,12.425000190734863,-9.218999862670898,-3.3350000381469727
249,9.894000053405762,-8.225000381469727,-3.0859999656677246
252,-6.934999942779541,-4.4710001945495605,-5.243000030517578
255,-5.13100004196167,-5.810999870300293,-6.921999931335449
258,-2.555999994277954,-4.420000076293945,-7.5370001792907715
261,-1.5640000104904175,-5.478000164031982,-4.914000034332275
264,-3.6670000553131104,-4.745999813079834,-3.0420000553131104
267,-6.2729997634887695,-5.341000080108643,-2.934999942779541
270,-6.633999824523926,-9.039999961853027,-5.695000171661377
273,-4.86299991607666,-8.47599983215332,-7.71999979019165
276,-2.23799991607666,-9.28600025177002,-7.951000213623047
279,-1.6950000524520874,-8.119000434875488,-5.553999900817871
282,-3.138000011444092,-8.970999717712402,-3.25
285,-5.945000171661377,-8.208999633789063,-3.0840001106262207
288,1.0190000534057617,-4.5229997634887695,-5.627999782562256
291,2.811000108718872,-5.61299991607666,-7.74399995803833
294,5.939000129699707,-4.952000141143799,-8.17300033569336
297,6.210999965667725,-5.500999927520752,-5.504000186920166
300,4.309000015258789,-4.910999774932861,-3.4609999656677246
303,1.4270000457763672,-5.546000003814697,-2.984999895095825
306,0.9980000257492065,-9.17199993133545,-5.577000141143799
309,2.609999895095825,-8.395000457763672,-8.064000129699707
312,5.421999931335449,-9.180000305175781,-8.22599983215332
315,6.21999979019165,-8.213000297546387,-5.8480000495910645
318,4.438000202178955,-9.175999641418457,-3.4560000896453857
321,1.6740000247955322,-8.182000160217285,-3.190999984741211
324,11.541999816894531,-4.560999870300293,12.472000122070313
327,11.826000213623047,-5.440999984741211,-12.170000076293945
330,9.932000160217285,-4.632999897003174,-9.9350004196167
333,9.85099983215332,-8.593999862670898,12.758000373840332
336,11.428000450134277,-8.074000358581543,-12.192000389099121
339,9.78499984741211,-9.156999588012695,-10.07699966430664
342,-8.979000091552734,-4.758999824523926,-12.152000427246094
345,-8.215999603271484,-5.7129998207092285,12.444999694824219
348,-5.103000164031982,-4.833000183105469,12.875
351,-4.479000091552734,-5.761000156402588,-11.871000289916992
354,-5.668000221252441,-4.6570000648498535,-9.40999984741211
357,-8.444999694824219,-5.559999942779541,-9.519000053405762
360,-9.520000457763672,-9.142999649047852,-12.305000305175781
363,-7.716000080108643,-8.586000442504883,12.793000221252441
366,-5.263000011444092,12.552000045776367,12.763999938964844
369,-4.284999847412109,-8.616000175476074,-12.237000465393066
372,-5.724999904632568,-9.609000205993652,-10.04800033569336
375,-8.270000457763672,-8.498000144958496,-9.746000289916992
378,-1.8359999656677246,-4.514999866485596,-12.14799976348877
381,-0.20200000703334808,-5.418000221252441,13.036999702453613
384,2.635999917984009,-4.619999885559082,12.967000007629395
387,3.5889999866485596,-5.561999797821045,-11.810999870300293
390,1.7029999494552612,-4.709000110626221,-10.008999824523926
393,-0.9470000267028809,-5.574999809265137,-9.74899959564209
396,-1.5549999475479126,-9.574999809265137,-12.461999893188477
399,0.3059999942779541,-8.527999877929688,13.022000312805176
402,2.5899999141693115,12.458000183105469,12.897000312805176
405,3.7239999771118164,-8.262999534606934,-12.357999801635742
408,1.8450000286102295,-9.227999687194824,-10.550999641418457
411,-0.8999999761581421,-8.288999557495117,-10.13700008392334
414,6.020999908447266,-4.756999969482422,-12.666000366210938
417,7.309999942779541,-3.811000108718872,12.14900016784668
420,7.460000038146973,-5.613999843597412,-10.414999961853027
423,5.879000186920166,12.571000099182129,-12.442000389099121
426,9.012999534606934,-5.882999897003174,12.78600025177002
429,6.955999851226807,-8.569000244140625,-10.359000205993652
432,10.17199993133545,2.693000078201294,5.817999839782715
435,12.100000381469727,1.684000015258789,7.620999813079834
438,-9.670999526977539,2.9719998836517334,5.886000156402588
441,-8.265999794006348,1.1260000467300415,7.5960001945495605
444,-8.204000473022461,2.5329999923706055,10.461999893188477
447,-11.298999786376953,2.4509999752044678,10.538999557495117
450,9.378000259399414,-1.0230000019073486,7.382999897003174
453,11.741000175476074,-2.115999937057495,8.664999961853027
456,-11.182000160217285,-3.2950000762939453,6.331999778747559
459,-6.943999767303467,-1.1269999742507935,8.243000030517578
462,-8.640999794006348,-1.8519999980926514,10.342000007629395
465,12.597999572753906,-0.4180000126361847,11.232000350952148
468,-5.105999946594238,1.6710000038146973,8.012999534606934
471,-5.51800012588501,0.7039999961853027,5.214000225067139
474,-6.376999855041504,3.382999897003174,5.9029998779296875
477,0.5820000171661377,1.6460000276565552,7.919000148773193
480,-1.3200000524520874,2.6089999675750732,9.904999732971191
483,-3.806999921798706,1.4240000247955322,10.553999900817871
486,-4.538000106811523,-2.303999900817871,8.053999900817871
489,-7.172999858856201,-1.4259999990463257,5.484000205993652
492,-4.438000202178955,-2.4570000171661377,5.389999866485596
495,0.9079999923706055,-1.0470000505447388,7.879000186920166
498,-0.6420000195503235,-1.7760000228881836,10.026000022888184
501,-3.2669999599456787,-1.3550000190734863,10.432000160217285
504,3.1659998893737793,2.7709999084472656,8.20199966430664
507,0.46000000834465027,2.1419999599456787,5.298999786376953
510,2.3540000915527344,3.7190001010894775,4.025000095367432
513,8.088000297546387,1.4800000190734863,7.572000026702881
516,7.006999969482422,2.444999933242798,10.208000183105469
519,4.4079999923706055,1.524999976158142,10.506999969482422
522,3.321000099182129,-2.48799991607666,7.685999870300293
525,1.7990000247955322,-0.21299999952316284,5.395999908447266
528,4.190000057220459,-0.6330000162124634,4.0970001220703125
531,5.804999828338623,1.2200000286102295,5.048999786376953
534,4.982999801635742,-2.755000114440918,5.4039998054504395
537,4.185999870300293,-1.312999963760376,10.057000160217285
540,6.955999851226807,4.228000164031982,-0.8169999718666077
543,8.82699966430664,1.3539999723434448,0.3230000138282776
546,9.644000053405762,2.890000104904175,3.197000026702881
549,7.85699987411499,-1.9299999475479126,-0.9710000157356262
552,8.635000228881836,-1.0019999742507935,1.7059999704360962
555,8.029000282287598,0.7609999775886536,3.5409998893737793
558,11.194000244140625,2.4260001182556152,0.8899999856948853
561,-10.1899995803833,1.975000023841858,-0.7540000081062317
564,-7.73799991607666,3.111999988555908,-1.1419999599456787
567,-6.776000022888184,2.236999988555908,1.2519999742507935
570,-8.461000442504883,2.2829999923706055,3.5339999198913574
573,10.227999687194824,-0.003000000026077032,4.984000205993652
576,11.505999565124512,-1.3630000352859497,1.465999960899353
579,-10.413000106811523,-0.8370000123977661,-0.8629999756813049
582,-7.5329999923706055,-1.590999960899353,-0.8939999938011169
585,-6.343999862670898,-0.26600000262260437,1.684999942779541
588,-8.486000061035156,-0.6010000109672546,3.2679998874664307
591,12.611000061035156,-0.9950000047683716,4.228000164031982
594,-4.13100004196167,3.0450000762939453,0.9539999961853027
597,-2.1040000915527344,2.1059999465942383,-0.7149999737739563
600,0.5529999732971191,3.1050000190734863,-1.0950000286102295
603,0.718999981880188,2.0230000019073486,1.4989999532699585
606,-1.3450000286102295,2.9030001163482666,3.1589999198913574
609,-3.7799999713897705,1.3559999465942383,3.128000020980835
612,-3.8940000534057617,-1.6360000371932983,1.4570000171661377
615,-2.809000015258789,-0.7269999980926514,-1.034000039100647
618,-0.296999990940094,-1.4259999990463257,-1.5509999990463257
621,0.9110000133514404,-0.6930000185966492,0.7509999871253967
624,0.07900000363588333,-1.3899999856948853,3.2750000953674316
627,-2.687999963760376,-0.9089999794960022,3.9240000247955322
630,3.38700008392334,3.0880000591278076,1.4950000047683716
633,4.90500020980835,2.3329999446868896,-0.574999988079071
636,4.318999767303467,3.319999933242798,5.7870001792907715
639,3.0380001068115234,-2.5260000228881836,-0.1770000010728836
642,6.331999778747559,0.12800000607967377,0.13099999725818634
645,4.965000152587891,-1.621000051498413,1.5520000457763672
648,8.534000396728516,2.7839999198913574,-5.284999847412109
651,10.432000160217285,1.9170000553131104,-7.043000221252441
654,-10.607999801635742,2.736999988555908,-7.64900016784668
657,-9.579999923706055,1.9579999446868896,-5.150000095367432
660,12.225000381469727,2.5999999046325684,-3.183000087738037
663,9.779000282287598,1.5010000467300415,-2.884999990463257
666,8.678000450134277,-1.968000054359436,-5.110000133514404
669,10.317999839782715,-1.0230000019073486,-7.291999816894531
672,-10.602999687194824,-1.9450000524520874,-7.730999946594238
675,-9.49899959564209,-0.7350000143051147,-5.671999931335449
678,12.5649995803833,-1.6449999809265137,-3.441999912261963
681,9.873000144958496,-1.1679999828338623,-2.7780001163482666
684,-6.900000095367432,2.815999984741211,-5.4720001220703125
687,-5.15500020980835,2.059999942779541,-7.48199987411499
690,-2.805999994277954,2.9719998836517334,-8.269000053405762
693,-1.5099999904632568,2.253000020980835,-5.438000202178955
696,-3.2239999771118164,2.9089999198913574,-3.2219998836517334
699,-5.874000072479248,2.2360000610351563,-2.944999933242798
702,-6.890999794006348,-1.8420000076293945,-5.824999809265137
705,-5.210999965667725,-0.5440000295639038,-7.623000144958496
708,-2.6510000228881836,-1.781999945640564,-8.288000106811523
711,-1.9199999570846558,-0.7519999742507935,-5.439000129699707
714,-3.4709999561309814,-1.8289999961853027,-3.364000082015991
717,-6.267000198364258,-0.6460000276565552,-3.246999979019165
720,1.055999994277954,2.9800000190734863,-6.210000038146973
723,3.1670000553131104,1.8359999656677246,-7.827000141143799
726,5.7210001945495605,2.9670000076293945,-7.739999771118164
729,5.980999946594238,1.7100000381469727,-5.372000217437744
732,4.5320000648498535,2.927999973297119,-3.257999897003174
735,1.8539999723434448,2.253000020980835,-3.5799999237060547
738,0.843999981880188,-1.746000051498413,-5.798999786376953
741,2.9800000190734863,-1.1779999732971191,-7.697000026702881
744,5.5970001220703125,-2.13100004196167,-7.900000095367432
747,5.853000164031982,-1.1030000448226929,-5.0269999504089355
750,3.8420000076293945,-1.9780000448226929,-3.130000114440918
753,1.5219999551773071,-0.5180000066757202,-3.434000015258789
756,10.394000053405762,2.9830000400543213,12.651000022888184
759,11.255999565124512,2.052999973297119,-11.609000205993652
762,9.892999649047852,3.180999994277954,-9.442000389099121
765,11.019000053405762,-1.7940000295639038,13.022000312805176
768,11.762999534606934,-0.7839999794960022,-11.694999694824219
771,9.550999641418457,-1.5980000495910645,-9.913000106811523
774,-9.803000450134277,2.8329999446868896,-12.140999794006348
777,-8.255999565124512,1.8300000429153442,13.071000099182129
780,-5.552000045776367,1.9859999418258667,12.833000183105469
783,-4.435999870300293,1.5700000524520874,-11.776000022888184
786,-6.454999923706055,2.4049999713897705,-9.847999572753906
789,-9.288000106811523,1.6460000276565552,-9.684000015258789
792,-9.333999633789063,-2.0820000171661377,-12.220999717712402
795,-7.638999938964844,-0.8880000114440918,12.75
798,-5.0289998054504395,-1.7079999446868896,12.583000183105469
801,-4.488999843597412,-1.1430000066757202,-12.107000350952148
804,-5.985000133514404,-1.968000054359436,-9.836999893188477
807,-8.631999969482422,-1.2890000343322754,-9.557999610900879
810,-1.6959999799728394,2.369999885559082,-12.557999610900879
813,-0.4129999876022339,1.7899999618530273,12.225000381469727
816,1.940000057220459,2.9149999618530273,11.871999740600586
819,3.119999885559082,1.8910000324249268,14.319000244140625
822,2.003000020980835,2.7739999294281006,-10.520999908447266
825,-0.5839999914169312,1.496000051498413,-9.906000137329102
828,-1.812000036239624,-1.7100000381469727,-12.262999534606934
831,-0.2070000022649765,-0.9120000004768372,12.642999649047852
834,2.4210000038146973,-2.0160000324249268,12.222999572753906
837,3.1619999408721924,-0.8809999823570251,-12.67300033569336
840,2.010999917984009,-1.9359999895095825,-10.241999626159668
843,-0.597000002861023,-1.1519999504089355,-9.843999862670898
846,5.943999767303467,2.3970000743865967,-12.38599967956543
849,7.629000186920166,1.61899995803833,12.84000015258789
852,7.214000225067139,1.8359999656677246,-9.991000175476074
855,5.7210001945495605,-2.0280001163482666,-12.64900016784668
858,8.241999626159668,-1.215999960899353,13.151000022888184
861,6.533999919891357,-0.9309999942779541,-10.166000366210938
864,9.817999839782715,8.984999656677246,9.97599983215332
867,9.986000061035156,7.6020002365112305,5.156000137329102
870,11.78499984741211,9.501999855041504,4.191999912261963
873,-8.293999671936035,9.010000228881836,8.72700023651123
876,-9.08899974822998,10.376999855041504,10.871999740600586
879,12.177000045776367,9.76200008392334,12.282999992370605
882,9.20199966430664,6.438000202178955,8.642000198364258
885,10.781999588012695,5.360000133514404,6.64300012588501
888,-10.010000228881836,5.678999900817871,6.296999931335449
891,-9.458999633789063,6.364999771118164,8.92199993133545
894,-7.34499979019165,5.176000118255615,9.977999687194824
897,11.880000114440918,7.23799991607666,10.378000259399414
900,-5.395999908447266,10.175999641418457,8.6850004196167
903,-5.138999938964844,10.314000129699707,5.98199987411499
906,0.5879999995231628,9.199000358581543,5.513999938964844
909,0.42800000309944153,9.416999816894531,8.406000137329102
912,-1.63100004196167,10.097000122070313,10.031000137329102
915,-3.9649999141693115,8.63700008392334,10.597999572753906
918,-5.388999938964844,5.526000022888184,7.942999839782715
921,-5.986999988555908,6.914999961853027,5.493000030517578
924,0.4490000009536743,6.447000026702881,5.572999954223633
927,0.7720000147819519,6.6539998054504395,8.357000350952148
930,-0.8259999752044678,5.380000114440918,10.003000259399414
933,-3.50600004196167,5.906000137329102,10.25
936,3.063999891281128,9.991999626159668,9.446000099182129
939,5.177999973297119,9.354000091552734,7.795000076293945
942,5.046999931335449,10.845000267028809,5.13100004196167
945,8.694000244140625,9.47599983215332,6.809999942779541
948,6.202000141143799,10.619000434875488,10.284000396728516
951,4.360000133514404,8.949999809265137,11.722999572753906
954,3.2660000324249268,5.603000164031982,8.361000061035156
957,3.5829999446868896,6.425000190734863,3.7009999752044678
960,4.986999988555908,6.007999897003174,6.025000095367432
963,7.043000221252441,7.301000118255615,7.265999794006348
966,7.181000232696533,5.534999847412109,10.404000282287598
969,4.585000038146973,6.357999801635742,10.795000076293945
972,8.458999633789063,10.737000465393066,-0.5519999861717224
975,9.105999946594238,10.276000022888184,2.0739998817443848
978,7.961999893188477,11.288000106811523,4.724999904632568
981,9.380000114440918,5.573999881744385,0.07000000029802322
984,7.968999862670898,7.519000053405762,1.7009999752044678
987,9.392999649047852,5.565000057220459,3.2320001125335693
990,11.642999649047852,10.913999557495117,1.6339999437332153
993,-10.298999786376953,10.092000007629395,-0.31200000643730164
996,-7.645999908447266,10.722000122070313,-0.8849999904632568
999,-6.875999927520752,10.055999755859375,1.652999997138977
1002,-7.201000213623047,10.883999824523926,4.290999889373779
1005,-8.083999633789063,8.87399959564209,6.010000228881836
1008,11.619000434875488,5.114999771118164,1.5329999923706055
1011,-10.109000205993652,7.25600004196167,-0.3529999852180481
1014,-7.789000034332275,6.002999782562256,-1.128999948501587
1017,-6.679999828338623,7.298999786376953,1.5670000314712524
1020,-8.482000350952148,6.374000072479248,4.144000053405762
1023,-10.706000328063965,7.2230000495910645,2.812999963760376
1026,-4.254000186920166,10.517000198364258,1.1859999895095825
1029,-2.618000030517578,9.668000221252441,-0.9120000004768372
1032,0.12800000607967377,10.470999717712402,-1.2050000429153442
1035,0.6489999890327454,9.718000411987305,1.4119999408721924
1038,-0.8220000267028809,10.288999557495117,3.5420000553131104
1041,-3.4549999237060547,9.439000129699707,3.7090001106262207
1044,-4.197999954223633,5.925000190734863,1.0540000200271606
1047,-2.565000057220459,6.815000057220459,-0.9010000228881836
1050,0.019999999552965164,6.21999979019165,-1.5010000467300415
1053,0.7509999871253967,6.860000133514404,1.0859999656677246
1056,-1.1820000410079956,5.806000232696533,3.440999984741211
1059,-3.7079999446868896,6.821000099182129,3.7780001163482666
1062,3.249000072479248,10.918000221252441,1.6390000581741333
1065,4.624000072479248,11.079999923706055,-0.7020000219345093
1068,3.061000108718872,9.227999687194824,3.9140000343322754
1071,3.319999933242798,5.994999885559082,1.1670000553131104
1074,5.381999969482422,6.434999942779541,-0.6039999723434448
1077,6.144999980926514,9.062999725341797,0.19699999690055847
1080,8.51099967956543,10.383000373840332,-5.552999973297119
1083,10.510000228881836,9.89799976348877,-7.656000137329102
1086,-10.133999824523926,10.269000053405762,-7.436999797821045
1089,-8.963000297546387,9.35200023651123,-5.033999919891357
1092,-10.616999626159668,10.22599983215332,-3.1559998989105225
1095,10.199999809265137,9.706999778747559,-2.635999917984009
1098,9.246999740600586,5.770999908447266,-4.953999996185303
1101,10.645000457763672,6.763000011444092,-7.10099983215332
1104,-10.579999923706055,5.52400016784668,-7.797999858856201
1107,-9.324000358581543,6.46999979019165,-5.545000076293945
1110,-10.812999725341797,6.434999942779541,-3.2230000495910645
1113,10.067000389099121,6.624000072479248,-2.5910000801086426
1116,-6.517000198364258,10.472999572753906,-5.447000026702881
1119,-4.88100004196167,9.526000022888184,-7.546000003814697
1122,-2.311000108718872,10.291000366210938,-7.945000171661377
1125,-1.819000005722046,9.201000213623047,-5.4679999351501465
1128,-3.2839999198913574,10.477999687194824,-3.4779999256134033
1131,-5.991000175476074,9.604999542236328,-2.7960000038146973
1134,-6.672999858856201,5.604000091552734,-5.644999980926514
1137,-4.835000038146973,6.535999774932861,-7.666999816894531
1140,-2.193000078201294,5.875999927520752,-7.932000160217285
1143,-1.5859999656677246,6.4670000076293945,-5.234000205993652
1146,-3.4679999351501465,5.7270002365112305,-3.3429999351501465
1149,-6.118000030517578,6.6539998054504395,-3.131999969482422
1152,0.9490000009536743,10.397000312805176,-5.361000061035156
1155,2.3970000743865967,9.776000022888184,-7.959000110626221
1158,5.047999858856201,10.479999542236328,-7.9029998779296875
1161,6.019000053405762,9.321000099182129,-5.236999988555908
1164,4.4670000076293945,10.472999572753906,-3.315999984741211
1167,2.0169999599456787,9.46399974822998,-3.0399999618530273
1170,1.1360000371932983,6.052999973297119,-5.7769999504089355
1173,2.9079999923706055,7.078999996185303,-7.560999870300293
1176,5.678999900817871,5.752999782562256,-7.539000034332275
1179,6.465000152587891,6.598999977111816,-4.872000217437744
1182,4.620999813079834,5.675000190734863,-3.184999942779541
1185,2.061000108718872,6.635000228881836,-3.1549999713897705
1188,9.859999656677246,11.192999839782715,11.817000389099121
1191,11.449999809265137,9.319999694824219,-12.256999969482422
1194,9.656000137329102,10.255000114440918,-10.36400032043457
1197,10.484000205993652,5.7829999923706055,12.52299976348877
1200,11.390000343322754,6.4730000495910645,-11.991999626159668
1203,9.97599983215332,5.923999786376953,-9.711000442504883
1206,-9.289999961853027,10.284000396728516,-11.696999549865723
1209,-8.069999694824219,9.204000473022461,13.1899995803833
1212,-5.519000053405762,9.78600025177002,12.807000160217285
1215,-4.51800012588501,8.586999893188477,-11.97700023651123
1218,-5.910999774932861,9.736000061035156,-10.01200008392334
1221,-8.446000099182129,8.993000030517578,-9.501999855041504
1224,-9.425999641418457,5.703000068664551,-12.519000053405762
1227,-7.26200008392334,6.182000160217285,12.805999755859375
1230,-4.908999919891357,4.73799991607666,12.284000396728516
1233,-4.4019999504089355,5.709000110626221,-12.440999984741211
1236,-6.138999938964844,5.203999996185303,-10.425000190734863
1239,-8.607000350952148,6.209000110626221,-9.928999900817871
1242,-2.072000026702881,10.13700008392334,-12.38599967956543
1245,-0.8809999823570251,8.956000328063965,12.605999946594238
1248,1.4980000257492065,10.0649995803833,11.786999702453613
1251,3.380000114440918,9.045999526977539,-12.687999725341797
1254,1.6139999628067017,10.11400032043457,-10.763999938964844
1257,-0.9649999737739563,9.343999862670898,-10.15999984741211
1260,-1.7940000295639038,5.0269999504089355,-12.345000267028809
1263,-0.09600000083446503,6.163000106811523,12.916999816894531
1266,2.812000036239624,5.429999828338623,12.531999588012695
1269,3.742000102996826,6.275000095367432,-12.20199966430664
1272,2.118000030517578,5.567999839782715,-9.894000053405762
1275,-0.3190000057220459,6.723999977111816,-9.982999801635742
1278,6.10699987411499,9.940999984741211,-12.345999717712402
1281,7.704999923706055,9.666999816894531,12.57699966430664
1284,6.938000202178955,9.375,-9.79699993133545
1287,6.479000091552734,5.414999961853027,-12.541000366210938
1290,7.785999774932861,6.75600004196167,12.668999671936035
1293,7.105999946594238,6.691999912261963,-9.942000389099121
