0,0.8679999709129333,-2.384999990463257,5.235000133514404
3,5.84499979019165,10.050000190734863,-11.62399959564209
6,7.455999851226807,0.46399998664855957,-7.074999809265137
9,-10.166000366210938,12.331999778747559,2.5929999351501465
12,-2.569000005722046,-7.683000087738037,-12.946999549865723
15,4.873000144958496,3.0480000972747803,5.761000156402588
18,3.8910000324249268,8.487000465393066,8.942999839782715
21,3.940999984741211,5.824999809265137,9.640000343322754
24,8.446999549865723,8.748000144958496,6.2210001945495605
27,7.918000221252441,-7.2230000495910645,-12.003999710083008
30,7.552999973297119,7.453000068664551,10.366000175476074
33,8.5,12.9399995803833,8.003999710083008
36,-10.755999565124512,-7.166999816894531,6.145999908447266
39,-10.524999618530273,-8.918999671936035,10.687999725341797
42,1.8960000276565552,-7.010000228881836,6.341000080108643
45,-7.818999767303467,-5.583000183105469,10.789999961853027
48,2.9779999256134033,12.5,8.324000358581543
51,-10.553000450134277,13.0600004196167,7.692999839782715
54,-3.065999984741211,0.1589999943971634,12.855999946594238
57,-9.586000442504883,9.508000373840332,3.2109999656677246
60,-5.605999946594238,-7.361999988555908,7.080999851226807
63,7.651000022888184,4.703999996185303,6.988999843597412
66,-1.559000015258789,10.848999977111816,13.916999816894531
69,-2.819999933242798,-6.857999801635742,6.063000202178955
72,-0.5540000200271606,11.586000442504883,-10.916999816894531
75,10.333000183105469,2.3459999561309814,8.937999725341797
78,-7.035999774932861,3.3550000190734863,-1.3730000257492065
81,-6.619999885559082,-0.4480000138282776,2.8389999866485596
84,4.574999809265137,9.288000106811523,6.577000141143799
87,-4.324999809265137,11.282999992370605,10.475000381469727
90,9.758000373840332,11.02299976348877,-8.755000114440918
93,-7.927999973297119,11.944000244140625,7.214000225067139
96,8.065999984741211,-6.8520002365112305,-3.2869999408721924
99,4.35699987411499,-8.913000106811523,3.8320000171661377
102,6.072000026702881,13.055000305175781,-11.508999824523926
105,5.673999786376953,12.399999618530273,8.159000396728516
108,7.089000225067139,1.4279999732971191,11.366999626159668
111,-10.725000381469727,-6.326000213623047,11.236000061035156
114,-0.5839999914169312,-6.289999961853027,12.456000328063965
117,4.914999961853027,6.6519999504089355,-9.76099967956543
120,9.343000411987305,-8.817000389099121,4.063000202178955
123,5.64900016784668,0.4490000009536743,6.498000144958496
126,-8.531000137329102,-5.553999900817871,3.0309998989105225
129,0.28200000524520874,-9.052000045776367,0.4399999976158142
132,-0.4259999990463257,-5.7829999923706055,0.4740000069141388
135,-8.003999710083008,-7.171999931335449,5.124000072479248
138,-2.6489999294281006,-9.140000343322754,1.00600004196167
141,12.609999656677246,-4.464000225067139,6.164999961853027
144,6.343999862670898,9.593999862670898,12.75
147,12.331000328063965,-3.5980000495910645,0.20399999618530273
150,-3.4809999465942383,9.04800033569336,-6.607999801635742
153,-9.821999549865723,4.682000160217285,3.484999895095825
156,-10.83899974822998,-7.2769999504089355,2.4230000972747803
159,7.26200008392334,-8.845999717712402,0.5870000123977661
162,-6.997000217437744,1.9190000295639038,1.4500000476837158
165,-9.838000297546387,4.013999938964844,-2.309000015258789
168,-4.526000022888184,-4.758999824523926,1.1790000200271606
171,6.6479997634887695,-5.574999809265137,9.829999923706055
174,-2.677000045776367,3.7190001010894775,4.019000053405762
177,-10.354000091552734,-2.305999994277954,4.697999954223633
180,-5.98799991607666,10.678999900817871,3.444999933242798
183,4.736999988555908,-8.414999961853027,-5.935999870300293
186,-2.740999937057495,-1.9359999895095825,-4.307000160217285
189,-0.6899999976158142,-7.374000072479248,7.613999843597412
192,-1.2369999885559082,-5.853000164031982,-5.002999782562256
195,-3.7090001106262207,9.312999725341797,0.4950000047683716
198,5.521999835968018,-7.385000228881836,-3.5420000553131104
201,-0.07900000363588333,-8.279000282287598,3.3329999446868896
204,-0.9850000143051147,10.322999954223633,6.603000164031982
207,-4.954999923706055,5.263000011444092,3.8269999027252197
210,3.0309998989105225,0.4830000102519989,1.6920000314712524
213,6.239999771118164,1.2719999551773071,-11.97599983215332
216,2.3010001182556152,-6.97599983215332,3.308000087738037
219,-5.485000133514404,12.038000106811523,-3.2639999389648438
222,-6.922999858856201,-6.808000087738037,-4.073999881744385
225,-3.805999994277954,-9.104000091552734,-1.6019999980926514
228,1.0290000438690186,-7.089000225067139,-1.3990000486373901
231,9.730999946594238,11.663999557495117,-1.8860000371932983
234,8.585000038146973,-5.9079999923706055,3.6630001068115234
237,-9.529000282287598,11.829000473022461,-4.877999782562256
240,-7.710000038146973,7.854000091552734,5.070000171661377
243,-7.619999885559082,12.355999946594238,1.187000036239624
246,9.694999694824219,9.36400032043457,-0.3709999918937683
249,-11.208999633789063,-6.90500020980835,-4.015999794006348
252,7.303999900817871,1.809000015258789,-4.306000232696533
255,-9.166999816894531,-1.406000018119812,-3.941999912261963
258,-6.835000038146973,-0.6740000247955322,-9.840999603271484
261,-7.122000217437744,-4.551000118255615,-6.2220001220703125
264,0.6439999938011169,-3.615999937057495,2.069999933242798
267,-4.973999977111816,-3.11899995803833,-6.921999931335449
270,8.951000213623047,9.642999649047852,-5.142000198364258
273,11.402999877929688,8.991000175476074,-7.952000141143799
276,11.689000129699707,-7.211999893188477,-12.475000381469727
279,-5.035999774932861,-6.885000228881836,13.307000160217285
282,-7.10699987411499,-3.569000005722046,-9.12600040435791
285,-8.27400016784668,11.531000137329102,13.88599967956543
288,-6.919000148773193,0.7129999995231628,-1.0130000114440918
291,3.546999931335449,-6.328999996185303,-1.9179999828338623
294,4.2270002365112305,-9.404000282287598,-9.329999923706055
297,11.140000343322754,-8.086999893188477,-1.9789999723434448
300,9.592000007629395,-3.0880000591278076,-5.686999797821045
303,-6.618000030517578,-2.319999933242798,-3.9709999561309814
306,10.10200023651123,-5.7270002365112305,-4.877999782562256
309,5.007999897003174,-1.996000051498413,-10.454999923706055
312,7.486000061035156,-8.857999801635742,-6.678999900817871
315,7.642000198364258,10.142999649047852,-7.434999942779541
318,5.093999862670898,-9.208999633789063,-1.1890000104904175
321,-2.819999933242798,-2.375,-8.765999794006348
324,0.6970000267028809,-3.7829999923706055,-12.020000457763672
327,4.928999900817871,7.224999904632568,12.598999977111816
330,9.701000213623047,-7.330999851226807,-7.164000034332275
333,4.260000228881836,-6.781000137329102,10.432999610900879
336,9.26200008392334,11.28600025177002,-11.689000129699707
339,-11.069999694824219,11.053999900817871,-12.843999862670898
342,8.057999610900879,-8.979000091552734,-9.555000305175781
345,-1.600000023841858,-3.0290000438690186,10.189000129699707
348,-9.619999885559082,-5.381999969482422,-5.758999824523926
351,-5.729000091552734,-3.3369998931884766,11.819000244140625
354,-6.173999786376953,7.618000030517578,10.92300033569336
357,8.838000297546387,11.586999893188477,12.819000244140625
360,-7.585000038146973,9.47599983215332,9.50100040435791
363,8.50100040435791,10.194999694824219,8.675000190734863
366,-5.85699987411499,-9.503999710083008,8.715999603271484
369,-8.161999702453613,11.965999603271484,10.958000183105469
372,3.3320000171661377,-5.017000198364258,13.53600025177002
375,-6.1570000648498535,10.02400016784668,6.265999794006348
378,-1.9199999570846558,-5.169000148773193,-11.690999984741211
381,7.498000144958496,8.199999809265137,-9.413999557495117
384,-4.576000213623047,-8.435999870300293,-5.400000095367432
387,-1.9500000476837158,-8.449999809265137,9.887999534606934
390,-3.9519999027252197,-7.934000015258789,-10.482000350952148
393,-0.675000011920929,-5.6479997634887695,-9.107000350952148
396,2.3589999675750732,7.4770002365112305,-10.777999877929688
399,-5.781000137329102,12.598999977111816,-12.364999771118164
402,-6.308000087738037,-8.211000442504883,11.232000350952148
405,8.645999908447266,-6.070000171661377,-9.845000267028809
408,-3.7019999027252197,-4.801000118255615,7.538000106811523
411,-8.366000175476074,-2.937999963760376,10.60099983215332
414,3.5929999351501465,3.4189999103546143,-8.836999893188477
417,4.1479997634887695,0.5540000200271606,-10.59000015258789
420,-3.9809999465942383,1.88100004196167,-7.198999881744385
423,7.52400016784668,-2.9149999618530273,-11.366000175476074
426,3.121000051498413,-0.5770000219345093,6.4629998207092285
429,6.058000087738037,7.013000011444092,-5.807000160217285
432,9.612000465393066,-7.943999767303467,12.854999542236328
435,-10.682000160217285,1.7790000438690186,-11.722000122070313
438,-2.7809998989105225,-7.651000022888184,3.4760000705718994
441,-5.400000095367432,0.6740000247955322,-11.494000434875488
444,-6.123000144958496,2.803999900817871,8.743000030517578
447,8.234999656677246,4.804999828338623,-9.10099983215332
450,2.36299991607666,-2.61299991607666,11.343999862670898
453,5.98799991607666,-5.556000232696533,13.39799976348877
456,9.812999725341797,-4.76800012588501,6.2170000076293945
459,-9.048999786376953,4.589000225067139,13.376999855041504
462,-10.9350004196167,0.041999999433755875,9.946999549865723
465,9.031000137329102,-2.677000045776367,7.703000068664551
468,-6.60699987411499,1.746999979019165,5.447999954223633
471,-6.35099983215332,5.388000011444092,12.248000144958496
474,-3.065000057220459,-0.6129999756813049,5.814000129699707
477,-2.5889999866485596,5.715000152587891,9.5600004196167
480,-0.800000011920929,-0.32600000500679016,11.29800033569336
483,-6.738999843597412,6.14900016784668,-12.071999549865723
486,-8.343999862670898,-0.16300000250339508,11.137999534606934
489,-8.631999969482422,-3.747999906539917,-11.493000030517578
492,-1.3179999589920044,-1.9769999980926514,3.6010000705718994
495,-2.5950000286102295,2.303999900817871,14.225000381469727
498,11.836000442504883,-1.8940000534057617,11.795000076293945
501,-6.839000225067139,12.114999771118164,-5.553999900817871
504,-0.7480000257492065,7.611999988555908,5.7779998779296875
507,3.072000026702881,-0.6919999718666077,9.107999801635742
510,-8.758999824523926,3.1710000038146973,7.500999927520752
513,5.482999801635742,-0.8669999837875366,11.22599983215332
516,0.9710000157356262,1.128000020980835,9.241999626159668
519,-10.862000465393066,1.534999966621399,7.672999858856201
522,0.21699999272823334,-4.669000148773193,9.026000022888184
525,-3.630000114440918,3.23799991607666,9.994000434875488
528,-4.97599983215332,-5.48799991607666,3.674999952316284
531,-8.241999626159668,12.366000175476074,4.642000198364258
534,-6.3420000076293945,-5.0229997634887695,8.46399974822998
537,6.558000087738037,-3.2790000438690186,8.428000450134277
540,4.331999778747559,-4.136000156402588,-3.4100000858306885
543,5.2729997634887695,9.364999771118164,0.8679999709129333
546,9.87399959564209,6.818999767303467,1.152999997138977
549,1.7970000505447388,3.9489998817443848,4.861999988555908
552,3.3949999809265137,-2.055000066757202,3.3350000381469727
555,10.5600004196167,2.8239998817443848,-12.708000183105469
558,-7.198999881744385,9.359999656677246,1.2680000066757202
561,-8.555000305175781,-4.22599983215332,0.014000000432133675
564,9.508999824523926,0.26100000739097595,-4.583000183105469
567,4.192999839782715,-2.3499999046325684,-5.501999855041504
570,8.37399959564209,-0.4350000023841858,5.664000034332275
573,-10.371000289916992,-3.4000000953674316,8.718000411987305
576,-6.7729997634887695,-7.034999847412109,1.5549999475479126
579,-7.65500020980835,-9.03499984741211,-1.6579999923706055
582,-6.644000053405762,-2.0880000591278076,-0.5460000038146973
585,-4.895999908447266,-1.9980000257492065,1.3910000324249268
588,-2.98799991607666,-0.20600000023841858,2.252000093460083
591,11.005999565124512,11.20300006866455,9.437000274658203
594,-9.645999908447266,5.210000038146973,-4.693999767303467
597,11.640000343322754,0.6639999747276306,-0.3089999854564667
600,-0.6949999928474426,-2.9149999618530273,-2.6760001182556152
603,-3.946000099182129,-6.307000160217285,9.729999542236328
606,1.1039999723434448,1.9529999494552612,-0.05999999865889549
609,-6.814000129699707,6.163000106811523,-0.4729999899864197
612,-4.043000221252441,2.3529999256134033,0.6230000257492065
615,4.025000095367432,-1.8209999799728394,-1.9509999752044678
618,-1.187999963760376,4.965000152587891,-1.1649999618530273
621,3.867000102996826,-4.205999851226807,9.322999954223633
624,7.78000020980835,3.319000005722046,9.394000053405762
627,-1.055999994277954,7.543000221252441,11.116000175476074
630,9.012999534606934,5.142000198364258,4.784999847412109
633,1.909000039100647,4.409999847412109,-1.2239999771118164
636,5.461999893188477,6.520999908447266,1.2630000114440918
639,3.6710000038146973,-3.7839999198913574,-8.878999710083008
642,0.6660000085830688,0.2070000022649765,5.927999973297119
645,8.28600025177002,-7.683000087738037,10.182999610900879
648,0.37700000405311584,-0.5920000076293945,1.746999979019165
651,-3.0969998836517334,-7.043000221252441,-7.98799991607666
654,-9.04699993133545,7.058000087738037,12.10200023651123
657,6.666999816894531,-1.2699999809265137,3.8589999675750732
660,-7.701000213623047,-2.6760001182556152,4.796000003814697
663,9.121000289916992,-6.618000030517578,-0.6610000133514404
666,6.800000190734863,-2.506999969482422,-4.4029998779296875
669,-10.17300033569336,12.45199966430664,-2.308000087738037
672,0.9769999980926514,0.5270000100135803,-3.1029999256134033
675,-9.272000312805176,-0.6380000114440918,2.61899995803833
678,10.425000190734863,-5.248000144958496,1.5110000371932983
681,-1.371999979019165,1.9670000076293945,1.3700000047683716
684,-9.289999961853027,7.0,-10.963000297546387
687,-9.137999534606934,3.2869999408721924,-6.756999969482422
690,-5.749000072479248,4.270999908447266,-9.199000358581543
693,11.822999954223633,1.9900000095367432,-3.2070000171661377
696,-7.76200008392334,9.041999816894531,-2.0920000076293945
699,-1.0369999408721924,10.36400032043457,-5.956999778747559
702,-9.100000381469727,-6.38100004196167,-2.2060000896453857
705,-10.998000144958496,-2.940999984741211,-5.614999771118164
708,9.835000038146973,3.7279999256134033,-2.76200008392334
711,-9.812000274658203,0.4620000123977661,-1.9559999704360962
714,1.2100000381469727,-1.6890000104904175,-0.7829999923706055
717,-3.7160000801086426,-3.4820001125335693,5.107999801635742
720,4.889999866485596,0.8529999852180481,-1.0490000247955322
723,1.2170000076293945,1.312000036239624,-5.828000068664551
726,-0.3409999907016754,10.20199966430664,-8.541000366210938
729,2.6050000190734863,0.49900001287460327,-8.020000457763672
732,5.074999809265137,1.4709999561309814,3.125
735,6.0970001220703125,5.185999870300293,-0.9750000238418579
738,2.13100004196167,-4.243000030517578,6.822000026702881
741,-3.1659998893737793,0.8299999833106995,-4.5329999923706055
744,3.4719998836517334,9.996999740600586,-9.968999862670898
747,9.753999710083008,1.5199999809265137,-8.343000411987305
750,2.808000087738037,-5.214000225067139,1.2369999885559082
753,7.0970001220703125,-0.48399999737739563,8.71399974822998
756,2.940999984741211,-5.116000175476074,-11.026000022888184
759,11.494999885559082,3.684999942779541,-7.65500020980835
762,10.817999839782715,5.129000186920166,-5.440000057220459
765,11.838000297546387,-4.28000020980835,12.946999549865723
768,1.840000033378601,2.6010000705718994,-11.069000244140625
771,1.680999994277954,7.550000190734863,-7.533999919891357
774,-4.940999984741211,8.119000434875488,-13.104999542236328
777,-5.447999954223633,-0.41200000047683716,-7.3460001945495605
780,-6.724999904632568,5.771999835968018,8.805999755859375
783,-3.009000062942505,-4.40500020980835,12.25
786,-2.447999954223633,6.639999866485596,-7.916999816894531
789,10.005000114440918,-3.566999912261963,-10.175000190734863
792,-5.385000228881836,-2.2079999446868896,9.348999977111816
795,0.3720000088214874,2.553999900817871,6.888999938964844
798,3.884999990463257,-2.3510000705718994,14.123000144958496
801,12.208999633789063,-9.414999961853027,-10.87600040435791
804,-11.237000465393066,0.42899999022483826,-5.441999912261963
807,12.329000473022461,-0.1979999989271164,-8.541000366210938
810,-4.7820000648498535,6.855999946594238,-9.529000282287598
813,-4.381999969482422,10.854000091552734,13.213000297546387
816,6.374000072479248,-1.944000005722046,-7.8520002365112305
819,10.048999786376953,-7.563000202178955,6.301000118255615
822,0.6650000214576721,-1.6710000038146973,13.253000259399414
825,-8.232000350952148,3.2019999027252197,-9.779000282287598
828,-3.825000047683716,-3.311000108718872,-11.33899974822998
831,4.23799991607666,-5.913000106811523,-7.156000137329102
834,4.616000175476074,-3.0209999084472656,6.197000026702881
837,7.449999809265137,-4.459000110626221,-8.100000381469727
840,1.0479999780654907,-4.623000144958496,-4.420000076293945
843,-5.078000068664551,-1.5149999856948853,14.128999710083008
846,1.9010000228881836,-3.50600004196167,-6.5970001220703125
849,-0.6269999742507935,-3.433000087738037,-7.5279998779296875
852,0.35199999809265137,-1.0369999408721924,-9.154000282287598
855,1.6679999828338623,-6.120999813079834,11.157999992370605
858,6.571000099182129,-2.3350000381469727,13.232999801635742
861,-3.1630001068115234,-7.215000152587891,-3.428999900817871
864,11.57699966430664,6.019000053405762,-11.437000274658203
867,12.177000045776367,7.5229997634887695,-0.8880000114440918
870,2.4609999656677246,8.65999984741211,4.9710001945495605
873,-3.7279999256134033,4.276000022888184,12.503000259399414
876,-9.482999801635742,5.802999973297119,8.480999946594238
879,-9.10099983215332,-9.229000091552734,-8.555000305175781
882,8.562000274658203,-0.0729999989271164,14.180999755859375
885,3.365000009536743,5.578000068664551,6.926000118255615
888,-8.66100025177002,1.7350000143051147,13.57800006866455
891,10.994000434875488,11.305000305175781,6.894999980926514
894,-9.355999946594238,8.593000411987305,-8.784000396728516
897,11.357999801635742,-0.4390000104904175,-12.597999572753906
900,-4.938000202178955,7.184999942779541,1.6510000228881836
903,10.781000137329102,8.701000213623047,3.553999900817871
906,-4.568999767303467,-4.179999828338623,-3.2190001010894775
909,-3.3529999256134033,7.452000141143799,7.39300012588501
912,1.0160000324249268,10.821000099182129,2.8489999771118164
915,-3.6549999713897705,10.161999702453613,7.868000030517578
918,12.35099983215332,7.031000137329102,10.390000343322754
921,-3.9690001010894775,1.3539999723434448,4.428999900817871
924,-7.678999900817871,-2.7799999713897705,7.4770002365112305
927,1.281000018119812,8.095000267028809,-0.7319999933242798
930,1.5729999542236328,-0.3630000054836273,-11.515000343322754
933,6.186999797821045,6.982999801635742,7.64300012588501
936,2.490999937057495,6.4029998779296875,1.3370000123977661
939,3.7019999027252197,10.54800033569336,-0.949999988079071
942,8.815999984741211,9.99899959564209,2.4509999752044678
945,6.086999893188477,11.319000244140625,5.35699987411499
948,2.678999900817871,5.381999969482422,12.02400016784668
951,3.006999969482422,8.70300006866455,-3.1730000972747803
954,-6.426000118255615,2.507999897003174,12.211999893188477
957,-0.11599999666213989,4.683000087738037,8.73799991607666
960,4.050000190734863,10.939000129699707,2.9089999198913574
963,0.9419999718666077,7.165999889373779,7.613999843597412
966,-6.989999771118164,-5.745999813079834,-12.524999618530273
969,-3.6389999389648438,2.1530001163482666,-10.194000244140625
972,11.043000221252441,3.0420000553131104,1.2510000467300415
975,6.173999786376953,-6.645999908447266,2.941999912261963
978,-1.4110000133514404,11.833999633789063,4.136000156402588
981,-0.9319999814033508,5.703000068664551,-5.785999774932861
984,3.7260000705718994,6.410999774932861,-1.2380000352859497
987,-9.093999862670898,6.979000091552734,0.41499999165534973
990,-1.1549999713897705,9.135000228881836,-3.2709999084472656
993,-7.111999988555908,1.5169999599456787,-5.611999988555908
996,-10.232999801635742,9.883000373840332,-1.5920000076293945
999,-1.1990000009536743,11.604000091552734,-2.0209999084472656
1002,11.218000411987305,6.980999946594238,5.863999843597412
1005,12.154999732971191,0.16200000047683716,4.843999862670898
1008,-7.2270002365112305,3.799999952316284,3.8589999675750732
1011,8.446000099182129,2.569000005722046,1.0679999589920044
1014,-5.881999969482422,0.33000001311302185,-3.496999979019165
1017,-5.446000099182129,0.07500000298023224,10.961000442504883
1020,-10.720000267028809,2.2119998931884766,2.869999885559082
1023,9.41100025177002,12.359999656677246,-4.75600004196167
1026,2.124000072479248,12.64900016784668,-5.909999847412109
1029,-1.2929999828338623,8.100000381469727,-0.11699999868869781
1032,-1.6100000143051147,5.9120001792907715,1.2879999876022339
1035,-2.7239999771118164,-1.218000054359436,8.53499984741211
1038,-3.5480000972747803,11.255000114440918,2.430000066757202
1041,-9.793999671936035,6.120999813079834,5.796000003814697
1044,-4.921000003814697,9.435999870300293,-2.2320001125335693
1047,-3.506999969482422,3.5169999599456787,-1.8639999628067017
1050,-5.631999969482422,9.076000213623047,-8.04699993133545
1053,-0.19499999284744263,4.242000102996826,2.9010000228881836
1056,-5.697999954223633,6.349999904632568,6.458000183105469
1059,11.425999641418457,4.659999847412109,-0.8199999928474426
1062,0.5759999752044678,-8.65999984741211,-3.7720000743865967
1065,-3.4619998931884766,7.85099983215332,-3.8459999561309814
1068,11.968000411987305,-9.097999572753906,-5.605000019073486
1071,1.0019999742507935,6.703000068664551,3.674999952316284
1074,1.2139999866485596,10.786999702453613,-0.02199999988079071
1077,7.298999786376953,12.178999900817871,2.990999937057495
1080,2.069000005722046,6.559000015258789,-4.732999801635742
1083,8.291000366210938,5.6579999923706055,-6.5229997634887695
1086,11.380999565124512,8.062999725341797,-5.281000137329102
1089,11.446999549865723,-9.163999557495117,-8.321000099182129
1092,-11.208999633789063,6.758999824523926,2.378999948501587
1095,-7.366000175476074,-7.5980000495910645,-6.664999961853027
1098,7.0879998207092285,2.747999906539917,-1.1770000457763672
1101,1.7929999828338623,4.089000225067139,-5.925000190734863
1104,9.623000144958496,5.394000053405762,-13.180999755859375
1107,7.046999931335449,8.96399974822998,-1.0720000267028809
1110,7.514999866485596,7.73799991607666,-3.6110000610351563
1113,7.74399995803833,5.451000213623047,2.23799991607666
1116,-8.975000381469727,-7.46999979019165,-12.96399974822998
1119,-9.74899959564209,9.199999809265137,-4.3470001220703125
1122,-5.422999858856201,-5.48799991607666,-10.529000282287598
1125,-3.242000102996826,4.251999855041504,-4.560999870300293
1128,4.182000160217285,9.008999824523926,-7.0980000495910645
1131,-2.1519999504089355,12.946000099182129,-6.507999897003174
1134,6.8460001945495605,3.177000045776367,-6.750999927520752
1137,-7.89900016784668,8.612000465393066,-6.5229997634887695
1140,0.1809999942779541,-7.6519999504089355,-6.505000114440918
1143,-0.14100000262260437,6.480000019073486,-3.0959999561309814
1146,8.61299991607666,2.365000009536743,-10.604000091552734
1149,-3.9839999675750732,-5.65500020980835,-5.857999801635742
1152,2.0759999752044678,9.793999671936035,-5.526000022888184
1155,0.5799999833106995,-8.366000175476074,-10.95199966430664
1158,5.932000160217285,10.039999961853027,9.855999946594238
1161,1.690000057220459,12.029000282287598,-8.781000137329102
1164,4.309000015258789,-4.757999897003174,3.9240000247955322
1167,6.703000068664551,-5.848999977111816,-5.743000030517578
1170,-2.4730000495910645,-4.438000202178955,-1.0089999437332153
1173,0.007000000216066837,3.361999988555908,13.982999801635742
1176,-0.0989999994635582,10.005000114440918,10.906999588012695
1179,5.053999900817871,5.178999900817871,-7.473999977111816
1182,8.722000122070313,6.1020002365112305,-1.8049999475479126
1185,12.22700023651123,-3.0280001163482666,-11.793999671936035
1188,10.614999771118164,7.863999843597412,8.395000457763672
1191,7.685999870300293,2.0869998931884766,4.017000198364258
1194,5.690000057220459,4.186999797821045,-11.461999893188477
1197,11.376999855041504,11.229999542236328,4.091000080108643
1200,-9.015000343322754,0.597000002861023,-9.911999702453613
1203,10.053999900817871,-0.36800000071525574,8.616999626159668
1206,9.982999801635742,-5.744999885559082,10.95199966430664
1209,-1.812000036239624,11.968999862670898,11.387999534606934
1212,-7.534999847412109,9.39799976348877,12.595999717712402
1215,-0.828000009059906,8.336999893188477,-12.670000076293945
1218,-10.262999534606934,-5.125999927520752,-8.418000221252441
1221,7.017000198364258,5.14900016784668,13.48900032043457
1224,-7.093999862670898,6.251999855041504,-5.35699987411499
1227,9.944999694824219,8.031999588012695,-10.357999801635742
1230,-10.956000328063965,4.004000186920166,-10.237000465393066
1233,-2.565000057220459,6.627999782562256,13.317000389099121
1236,-5.613999843597412,6.540999889373779,-2.928999900817871
1239,11.5,-2.950000047683716,-8.079000473022461
1242,-8.935999870300293,11.039999961853027,-10.196000099182129
1245,0.37299999594688416,12.557999610900879,7.479000091552734
1248,1.3359999656677246,6.176000118255615,-12.963000297546387
1251,-6.011000156402588,11.199000358581543,-9.98900032043457
1254,2.3559999465942383,-7.193999767303467,-9.062000274658203
1257,11.4399995803833,11.793999671936035,11.918999671936035
1260,-3.513000011444092,8.73799991607666,10.458999633789063
1263,1.027999997138977,3.5260000228881836,10.85099983215332
1266,1.4010000228881836,9.534000396728516,8.583000183105469
1269,4.474999904632568,0.6190000176429749,-3.740000009536743
1272,-5.693999767303467,3.302000045776367,-12.305999755859375
1275,-6.020999908447266,3.8980000019073486,-6.410999774932861
1278,4.603000164031982,2.3970000743865967,12.951000213623047
1281,-10.494000434875488,8.342000007629395,14.269000053405762
1284,9.906999588012695,5.767000198364258,11.383999824523926
1287,5.631999969482422,4.434000015258789,11.017000198364258
1290,11.015999794006348,3.2260000705718994,11.545000076293945
1293,-0.06800000369548798,7.611999988555908,-9.539999961853027
