0,10.640999794006348,-4.785999774932861,7.465000152587891
3,11.861000061035156,-5.5879998207092285,5.065999984741211
6,-9.218000411987305,-4.633999824523926,5.013000011444092
9,-8.12600040435791,-5.619999885559082,7.335999965667725
12,-8.895999908447266,-4.540999889373779,9.76099967956543
15,11.918999671936035,-5.534999847412109,10.234000205993652
18,10.663000106811523,-9.27299976348877,7.223999977111816
21,11.769000053405762,-8.354999542236328,4.877999782562256
24,-9.196999549865723,-9.303000450134277,4.958000183105469
27,-7.90500020980835,-8.381999969482422,7.284999847412109
30,-9.053999900817871,-9.359999656677246,9.42300033569336
33,11.880999565124512,-8.331999778747559,9.668999671936035
36,-5.510000228881836,-4.89300012588501,7.468999862670898
39,-3.993000030517578,-5.565000057220459,5.328000068664551
42,-1.0140000581741333,-4.794000148773193,5.202000141143799
45,0.3109999895095825,-5.5370001792907715,7.486000061035156
48,-1.375,-4.497000217437744,9.322999954223633
51,-3.8949999809265137,-5.656000137329102,9.645999908447266
54,-5.311999797821045,-9.256999969482422,6.949999809265137
57,-3.9030001163482666,-8.303999900817871,4.906000137329102
60,-1.3630000352859497,-9.586999893188477,5.118000030517578
63,-0.13500000536441803,-8.206999778747559,7.230999946594238
66,-1.218000054359436,-9.418999671936035,9.446999549865723
69,-3.9839999675750732,-8.53600025177002,9.387999534606934
72,2.9590001106262207,-4.577000141143799,7.48799991607666
75,4.060999870300293,-5.491000175476074,5.2230000495910645
78,6.75600004196167,-4.491000175476074,5.198999881744385
81,7.900000095367432,-5.521999835968018,7.546999931335449
84,6.541999816894531,-4.572000026702881,9.652000427246094
87,3.8919999599456787,-5.4019999504089355,9.979999542236328
90,2.614000082015991,-9.194999694824219,7.2729997634887695
93,4.333000183105469,-8.314000129699707,5.296999931335449
96,6.8979997634887695,-9.178000450134277,5.002999782562256
99,8.072999954223633,-8.317000389099121,7.331999778747559
102,6.603000164031982,-9.371000289916992,9.319000244140625
105,4.0960001945495605,-8.225000381469727,9.619999885559082
108,10.298999786376953,-4.706999778747559,-1.7640000581741333
111,11.668000221252441,-5.7179999351501465,0.6809999942779541
114,10.366999626159668,-4.339000225067139,2.86299991607666
117,10.92300033569336,-9.329999923706055,-1.5549999475479126
120,12.20300006866455,-8.335000038146973,0.703000009059906
123,10.548999786376953,-9.324000358581543,2.697999954223633
126,-9.206000328063965,-4.659999847412109,0.890999972820282
129,-8.302000045776367,-5.4710001945495605,-1.6200000047683716
132,-5.665999889373779,-4.51200008392334,-1.9299999475479126
135,-4.190000057220459,-5.323999881744385,0.20900000631809235
138,-4.913000106811523,-4.565000057220459,2.8570001125335693
141,-7.545000076293945,-5.540999889373779,2.938999891281128
144,-8.753999710083008,-9.218999862670898,0.7080000042915344
147,-8.083999633789063,-8.21500015258789,-1.7059999704360962
150,-5.315999984741211,-9.213000297546387,-1.8029999732971191
153,-3.9630000591278076,-8.17300033569336,0.39100000262260437
156,-4.998000144958496,-9.50100040435791,2.746000051498413
159,-7.455999851226807,-8.413999557495117,2.9700000286102295
162,-1.3760000467300415,-4.922999858856201,0.6359999775886536
165,-0.2460000067949295,-5.769000053405762,-1.7230000495910645
168,2.246999979019165,-4.51200008392334,-1.6820000410079956
171,3.680000066757202,-5.638999938964844,0.4650000035762787
174,2.859999895095825,-4.763999938964844,2.8499999046325684
177,0.07100000232458115,-5.933000087738037,2.9489998817443848
180,-1.4809999465942383,-9.402000427246094,0.621999979019165
183,-0.06700000166893005,-8.491000175476074,-1.5800000429153442
186,2.5299999713897705,-9.5,-1.975000023841858
189,3.809999942779541,-8.505999565124512,0.4059999883174896
192,2.7190001010894775,-9.317999839782715,2.7760000228881836
195,0.04399999976158142,-8.637999534606934,2.7909998893737793
198,6.150000095367432,-4.502999782562256,0.6309999823570251
201,7.630000114440918,-5.465000152587891,-1.4270000457763672
204,7.7220001220703125,-5.461999893188477,2.796999931335449
207,6.539999961853027,-9.336000442504883,0.3059999942779541
210,8.156000137329102,-8.310999870300293,-1.5859999656677246
213,7.8460001945495605,-8.295000076293945,2.640000104904175
216,10.633999824523926,-4.679999828338623,-6.321000099182129
219,11.795999526977539,-5.23799991607666,-8.541999816894531
222,-9.12399959564209,-4.6479997634887695,-8.52299976348877
225,-8.267999649047852,-5.578000068664551,-6.066999912261963
228,-9.527999877929688,-4.461999893188477,-3.805000066757202
231,11.704999923706055,-5.828999996185303,-4.076000213623047
234,10.880999565124512,-8.9350004196167,-6.414999961853027
237,12.288999557495117,-7.88700008392334,-8.49899959564209
240,-9.138999938964844,-9.484000205993652,-8.64799976348877
243,-8.048999786376953,-8.404999732971191,-6.316999912261963
246,-8.944999694824219,-9.539999961853027,-3.9189999103546143
249,12.149999618530273,-8.62600040435791,-3.9119999408721924
252,-5.669000148773193,-4.4710001945495605,-6.1529998779296875
255,-3.8519999980926514,-5.176000118255615,-7.925000190734863
258,-1.24399995803833,-4.461999893188477,-8.550000190734863
261,0.0949999988079071,-5.504000186920166,-6.044000148773193
264,-1.5429999828338623,-4.638000011444092,-4.048999786376953
267,-4.136000156402588,-5.599999904632568,-3.927000045776367
270,-5.138999938964844,-9.095000267028809,-6.452000141143799
273,-3.628000020980835,-7.953999996185303,-8.458999633789063
276,-0.8999999761581421,-9.15999984741211,-8.317000389099121
279,0.027000000700354576,-8.41100025177002,-5.913000106811523
282,-1.75600004196167,-9.263999938964844,-3.8010001182556152
285,-4.261000156402588,-8.293999671936035,-4.033999919891357
288,2.7019999027252197,-4.776000022888184,-6.138999938964844
291,4.0980000495910645,-5.556000232696533,-8.307999610900879
294,6.749000072479248,-4.543000221252441,-8.182000160217285
297,8.116999626159668,-5.624000072479248,-5.9039998054504395
300,6.593999862670898,-4.5960001945495605,-3.8510000705718994
303,3.8259999752044678,-5.488999843597412,-3.681999921798706
306,2.934999942779541,-9.434000015258789,-6.11899995803833
309,4.046999931335449,-8.477999687194824,-8.524999618530273
312,6.879000186920166,-9.159000396728516,-8.567000389099121
315,7.986000061035156,-8.291999816894531,-6.111000061035156
318,6.763000011444092,-9.201000213623047,-3.8929998874664307
321,4.098999977111816,-8.324000358581543,-3.9000000953674316
324,10.37399959564209,-4.422999858856201,12.130999565124512
327,12.178999900817871,-5.546999931335449,14.166999816894531
330,10.565999984741211,-4.585000038146973,-10.928000450134277
333,10.605999946594238,-9.36400032043457,11.916000366210938
336,11.859000205993652,-8.359999656677246,-13.050999641418457
339,10.517999649047852,-9.048999786376953,-10.684000015258789
342,-8.76200008392334,-4.658999919891357,14.342000007629395
345,-7.683000087738037,-5.5920000076293945,11.968000411987305
348,-5.014999866485596,-4.78000020980835,12.041999816894531
351,-3.694999933242798,-5.589000225067139,14.27299976348877
354,-4.7729997634887695,-4.439000129699707,-10.517999649047852
357,-7.289000034332275,-5.9039998054504395,-10.482000350952148
360,-9.178999900817871,-9.345000267028809,13.859999656677246
363,-7.980000019073486,-8.140999794006348,11.64799976348877
366,-5.291999816894531,-9.230999946594238,11.718000411987305
369,-3.5339999198913574,-8.39900016784668,-13.097999572753906
372,-4.894000053405762,-9.10200023651123,-10.78600025177002
375,-7.789999961853027,-8.663999557495117,-10.883999824523926
378,-1.0190000534057617,-4.585999965667725,14.25100040435791
381,-0.22100000083446503,-5.269999980926514,11.699999809265137
384,2.5920000076293945,-4.7179999351501465,12.251999855041504
387,4.192999839782715,-5.699999809265137,14.357999801635742
390,2.9679999351501465,-4.565000057220459,-10.609000205993652
393,0.27000001072883606,-5.366000175476074,-10.677000045776367
396,-0.8939999938011169,-9.185999870300293,-13.064000129699707
399,0.05999999865889549,-8.213000297546387,11.677000045776367
402,2.7139999866485596,-9.234999656677246,11.91100025177002
405,4.114999771118164,-8.41100025177002,-13.088000297546387
408,2.931999921798706,-9.295999526977539,-10.85099983215332
411,0.3019999861717224,-8.14900016784668,-10.6850004196167
414,6.659999847412109,-4.5329999923706055,14.090999603271484
417,7.940999984741211,-5.934999942779541,11.8149995803833
420,7.604000091552734,-5.363999843597412,-10.72700023651123
423,6.806000232696533,-9.366999626159668,-12.968000411987305
426,7.698999881744385,-8.684000015258789,11.699000358581543
429,7.89300012588501,-8.057999610900879,-10.755999565124512
432,10.60200023651123,3.00600004196167,7.53000020980835
435,11.725000381469727,1.8609999418258667,5.23199987411499
438,-9.35099983215332,2.9549999237060547,5.0879998207092285
441,-7.960000038146973,2.134999990463257,7.3470001220703125
444,-8.916000366210938,2.7769999504089355,9.85099983215332
447,11.831999778747559,1.99399995803833,9.699999809265137
450,10.72599983215332,-1.99399995803833,7.309999942779541
453,11.91100025177002,-0.9120000004768372,5.035999774932861
456,-8.996999740600586,-1.7549999952316284,4.888000011444092
459,-7.794000148773193,-0.8240000009536743,7.25600004196167
462,-9.031999588012695,-1.7589999437332153,9.510000228881836
465,12.020000457763672,-0.7580000162124634,9.543000221252441
468,-5.283999919891357,2.9489998817443848,7.230000019073486
471,-3.743000030517578,1.8639999628067017,5.210999965667725
474,-0.9769999980926514,2.5840001106262207,5.131999969482422
477,0.33000001311302185,1.9509999752044678,7.5370001792907715
480,-1.246000051498413,2.63700008392334,9.619000434875488
483,-3.9600000381469727,1.965000033378601,9.682000160217285
486,-5.236000061035156,-1.9079999923706055,7.35699987411499
489,-3.700000047683716,-1.0,5.2829999923706055
492,-1.1549999713897705,-2.009999990463257,4.861000061035156
495,0.1420000046491623,-0.8069999814033508,7.297999858856201
498,-1.0490000247955322,-1.4869999885559082,9.583000183105469
501,-3.7239999771118164,-0.8130000233650208,9.781999588012695
504,2.9170000553131104,2.8259999752044678,7.545000076293945
507,4.053999900817871,1.9010000228881836,5.260000228881836
510,6.738999843597412,2.9839999675750732,5.310999870300293
513,7.927999973297119,2.128999948501587,7.724999904632568
516,6.451000213623047,2.984999895095825,9.918999671936035
519,3.9800000190734863,1.7790000438690186,9.807999610900879
522,2.7360000610351563,-1.9730000495910645,7.164000034332275
525,3.8529999256134033,-0.8930000066757202,4.88100004196167
528,6.660999774932861,-1.5329999923706055,4.988999843597412
531,8.045000076293945,-0.6970000267028809,7.330999851226807
534,6.890999794006348,-1.840999960899353,9.600000381469727
537,4.078999996185303,-1.0770000219345093,9.406999588012695
540,10.277999877929688,3.119999885559082,-1.6820000410079956
543,11.567000389099121,2.0220000743865967,0.5870000123977661
546,10.442999839782715,2.9709999561309814,2.9839999675750732
549,10.593000411987305,-1.7050000429153442,-1.8370000123977661
552,11.680999755859375,-0.6610000133514404,0.41200000047683716
555,10.65999984741211,-1.7480000257492065,2.690999984741211
558,-9.350000381469727,2.938999891281128,0.5659999847412109
561,-8.154000282287598,1.8949999809265137,-1.7389999628067017
564,-5.546999931335449,2.7170000076293945,-1.4119999408721924
567,-4.084000110626221,1.9880000352859497,0.8820000290870667
570,-5.327000141143799,2.88100004196167,3.125
573,-8.032999992370605,2.1530001163482666,2.933000087738037
576,-9.375,-1.7610000371932983,0.6669999957084656
579,-8.138999938964844,-0.9620000123977661,-1.6779999732971191
582,-5.449999809265137,-1.8070000410079956,-1.8309999704360962
585,-4.269999980926514,-0.7360000014305115,0.367000013589859
588,-5.074999809265137,-1.753999948501587,2.7290000915527344
591,-7.679999828338623,-0.640999972820282,2.684000015258789
594,-1.4670000076293945,2.7070000171661377,0.38600000739097595
597,-0.13199999928474426,1.7029999494552612,-1.7350000143051147
600,2.372999906539917,2.6640000343322754,-1.5839999914169312
603,3.8940000534057617,2.1029999256134033,0.6710000038146973
606,2.677000045776367,2.750999927520752,3.0480000972747803
609,-0.12999999523162842,1.8639999628067017,2.686000108718872
612,-1.5080000162124634,-2.119999885559082,0.49900001287460327
615,0.013000000268220901,-1.0820000171661377,-1.5240000486373901
618,2.693000078201294,-1.6649999618530273,-1.75
621,4.198999881744385,-0.5920000076293945,0.4180000126361847
624,2.6710000038146973,-1.878000020980835,2.3389999866485596
627,-0.06700000166893005,-0.968999981880188,2.5309998989105225
630,6.539000034332275,3.1530001163482666,0.38499999046325684
633,8.04800033569336,1.7940000295639038,-1.4589999914169312
636,7.669000148773193,2.125999927520752,2.8550000190734863
639,6.636000156402588,-1.8389999866485596,0.902999997138977
642,7.906000137329102,-1.0160000324249268,-1.4539999961853027
645,8.13599967956543,-0.6299999952316284,2.937000036239624
648,10.527000427246094,3.00600004196167,-6.1570000648498535
651,12.196999549865723,1.8990000486373901,-8.0600004196167
654,-8.74899959564209,2.9809999465942383,-8.142999649047852
657,-7.942999839782715,1.996999979019165,-5.828999996185303
660,-9.42199993133545,3.125,-3.871999979019165
663,11.64900016784668,2.183000087738037,-3.7690000534057617
666,10.706000328063965,-1.8819999694824219,-6.211999893188477
669,11.779999732971191,-0.7900000214576721,-8.486000061035156
672,-8.831999778747559,-1.8910000324249268,-8.354000091552734
675,-7.729000091552734,-0.7409999966621399,-6.085000038146973
678,-9.145000457763672,-1.6729999780654907,-4.080999851226807
681,12.013999938964844,-0.5640000104904175,-3.875
684,-5.190999984741211,2.686000108718872,-5.789999961853027
687,-4.084000110626221,1.7569999694824219,-8.279000282287598
690,-1.2619999647140503,2.6019999980926514,-8.435999870300293
693,-0.017000000923871994,1.4249999523162842,-6.1529998779296875
696,-1.2139999866485596,2.7219998836517334,-4.107999801635742
699,-3.759999990463257,1.8669999837875366,-3.4200000762939453
702,-5.177999973297119,-1.7410000562667847,-5.921999931335449
705,-4.116000175476074,-0.9819999933242798,-8.331999778747559
708,-1.3940000534057617,-1.4490000009536743,-8.789999961853027
711,-0.17299999296665192,-1.246000051498413,-6.373000144958496
714,-1.2920000553131104,-1.9880000352859497,-4.010000228881836
717,-3.7939999103546143,-0.8399999737739563,-3.6679999828338623
720,2.5169999599456787,2.6070001125335693,-6.214000225067139
723,3.993000030517578,1.8880000114440918,-8.35200023651123
726,6.624000072479248,2.930000066757202,-8.347000122070313
729,7.8520002365112305,2.2179999351501465,-5.89900016784668
732,6.170000076293945,2.8940000534057617,-3.9030001163482666
735,3.6459999084472656,1.7109999656677246,-3.947000026702881
738,2.690999984741211,-1.9919999837875366,-6.355999946594238
741,4.208000183105469,-0.9629999995231628,-8.496000289916992
744,6.896999835968018,-1.8350000381469727,-8.416000366210938
747,8.074999809265137,-0.6389999985694885,-6.2230000495910645
750,6.744999885559082,-1.8020000457763672,-4.01200008392334
753,4.105000019073486,-1.0420000553131104,-4.005000114440918
756,10.70199966430664,2.937999963760376,12.14799976348877
759,11.934000015258789,1.8980000019073486,14.435999870300293
762,10.654999732971191,2.8580000400543213,-10.406999588012695
765,10.937999725341797,-1.843000054359436,11.803000450134277
768,11.967000007629395,-0.8709999918937683,-12.956999778747559
771,10.635000228881836,-1.8550000190734863,-10.807000160217285
774,-9.050000190734863,2.5820000171661377,14.451000213623047
777,-7.659999847412109,1.8969999551773071,12.137999534606934
780,-4.9629998207092285,2.9860000610351563,11.98900032043457
783,-4.031000137329102,1.902999997138977,14.439000129699707
786,-5.164000034332275,2.882999897003174,-10.442999839782715
789,-7.953999996185303,1.6629999876022339,-10.354999542236328
792,-9.019000053405762,-1.8569999933242798,-12.913000106811523
795,-7.75,-0.9509999752044678,12.003999710083008
798,-5.236999988555908,-1.99399995803833,11.930999755859375
801,-3.9230000972747803,-0.8830000162124634,-12.944000244140625
804,-5.116000175476074,-1.6629999876022339,-10.6899995803833
807,-7.644000053405762,-1.031000018119812,-10.60200023651123
810,-1.3539999723434448,2.880000114440918,14.17199993133545
813,0.3019999861717224,1.8309999704360962,12.17300033569336
816,2.86899995803833,2.693000078201294,12.027999877929688
819,4.27400016784668,1.9170000553131104,14.293999671936035
822,2.51200008392334,2.763000011444092,-10.788999557495117
825,-0.12099999934434891,2.065000057220459,-10.777000427246094
828,-1.187999963760376,-1.6799999475479126,-13.126999855041504
831,0.39800000190734863,-0.9760000109672546,11.845999717712402
834,2.9140000343322754,-1.9229999780654907,11.753999710083008
837,4.142000198364258,-0.875,13.857000350952148
840,2.880000114440918,-1.7059999704360962,-10.87600040435791
843,0.26499998569488525,-0.6919999718666077,-10.807000160217285
846,6.9039998054504395,2.9800000190734863,14.35200023651123
849,8.020000457763672,1.8869999647140503,12.055999755859375
852,7.888999938964844,1.9759999513626099,-10.527999877929688
855,7.019000053405762,-1.7669999599456787,-13.210000038146973
858,8.428000450134277,-0.8519999980926514,11.763999938964844
861,8.010000228881836,-0.8669999837875366,-10.836000442504883
864,10.152999877929688,10.298999786376953,7.293000221252441
867,11.72599983215332,9.17300033569336,5.239999771118164
870,-9.36299991607666,10.277999877929688,5.484000205993652
873,-7.8470001220703125,9.277999877929688,7.74399995803833
876,-9.444000244140625,10.111000061035156,9.694999694824219
879,11.428000450134277,9.270999908447266,9.718000411987305
882,10.340999603271484,5.767000198364258,7.125999927520752
885,12.065999984741211,6.5329999923706055,5.0980000495910645
888,-8.845999717712402,5.755000114440918,5.065999984741211
891,-7.692999839782715,6.623000144958496,7.561999797821045
894,-9.317999839782715,5.581999778747559,9.815999984741211
897,11.730999946594238,6.547999858856201,9.548999786376953
900,-5.486999988555908,10.414999961853027,7.431000232696533
903,-3.9089999198913574,9.413000106811523,5.369999885559082
906,-1.0540000200271606,10.180999755859375,5.302000045776367
909,0.21299999952316284,9.232000350952148,7.668000221252441
912,-1.284000039100647,10.229000091552734,9.755000114440918
915,-3.936000108718872,9.329000473022461,9.690999984741211
918,-5.105999946594238,5.626999855041504,7.376999855041504
921,-3.7130000591278076,6.618000030517578,5.218999862670898
924,-1.3509999513626099,5.300000190734863,5.309999942779541
927,0.05299999937415123,6.439000129699707,7.429999828338623
930,-1.2359999418258667,5.363999843597412,9.732999801635742
933,-3.739000082015991,6.627999782562256,9.430999755859375
936,2.7190001010894775,10.37399959564209,7.4670000076293945
939,3.8450000286102295,9.145999908447266,5.136000156402588
942,6.336999893188477,10.281999588012695,5.083000183105469
945,7.52400016784668,9.232999801635742,7.388000011444092
948,6.541999816894531,10.300999641418457,9.937999725341797
951,3.7990000247955322,9.545000076293945,9.91100025177002
954,2.619999885559082,5.474999904632568,7.290999889373779
957,3.690999984741211,6.506999969482422,4.839000225067139
960,6.363999843597412,5.646999835968018,4.671000003814697
963,7.622000217437744,6.535999774932861,6.991000175476074
966,6.447000026702881,5.703999996185303,9.508999824523926
969,3.763000011444092,6.60699987411499,9.498000144958496
972,10.604999542236328,10.437000274658203,-1.534000039100647
975,11.881999969482422,9.645000457763672,0.7749999761581421
978,10.732000350952148,10.324000358581543,3.0880000591278076
981,10.496999740600586,5.794000148773193,-1.75600004196167
984,11.911999702453613,7.005000114440918,0.42399999499320984
987,10.803999900817871,5.7779998779296875,2.631999969482422
990,-8.82699966430664,10.298999786376953,0.9229999780654907
993,-7.64900016784668,9.319999694824219,-1.3600000143051147
996,-5.179999828338623,10.545000076293945,-1.4279999732971191
999,-4.209000110626221,9.267999649047852,0.7860000133514404
1002,-5.288000106811523,10.152000427246094,3.1480000019073486
1005,-7.979000091552734,9.440999984741211,3.243000030517578
1008,-9.241999626159668,5.696000099182129,0.6610000133514404
1011,-7.973999977111816,6.714000225067139,-1.6510000228881836
1014,-5.380000114440918,5.511000156402588,-1.5549999475479126
1017,-4.184999942779541,6.4029998779296875,0.7260000109672546
1020,-5.293000221252441,5.63100004196167,3.0940001010894775
1023,-7.609000205993652,6.836999893188477,2.8559999465942383
1026,-1.659000039100647,10.243000030517578,0.9049999713897705
1029,-0.3109999895095825,9.230999946594238,-1.531999945640564
1032,2.746999979019165,10.03600025177002,-1.684999942779541
1035,3.921999931335449,9.112000465393066,0.628000020980835
1038,2.6549999713897705,10.291000366210938,2.8580000400543213
1041,0.0010000000474974513,9.208000183105469,2.88700008392334
1044,-1.4299999475479126,5.451000213623047,0.25200000405311584
1047,-0.17299999296665192,6.4019999504089355,-1.934999942779541
1050,2.3389999866485596,5.36899995803833,-1.656000018119812
1053,3.7860000133514404,6.4070000648498535,0.5540000200271606
1056,2.3259999752044678,5.466000080108643,2.693000078201294
1059,-0.23600000143051147,6.382999897003174,2.864000082015991
1062,6.949999809265137,10.35200023651123,0.8859999775886536
1065,8.00100040435791,9.503999710083008,-1.5499999523162842
1068,7.999000072479248,9.416000366210938,3.1510000228881836
1071,6.620999813079834,5.8520002365112305,0.28200000524520874
1074,7.828999996185303,6.703000068664551,-2.0250000953674316
1077,7.945000171661377,6.672999858856201,2.6600000858306885
1080,10.602999687194824,10.659000396728516,-6.131999969482422
1083,11.699000358581543,9.545999526977539,-8.3100004196167
1086,-9.23900032043457,10.163000106811523,-8.456999778747559
1089,-8.003999710083008,9.366000175476074,-6.0279998779296875
1092,-8.899999618530273,10.177000045776367,-3.5969998836517334
1095,11.843999862670898,9.468999862670898,-3.7130000591278076
1098,10.53499984741211,5.86899995803833,-6.409999847412109
1101,11.847000122070313,6.920000076293945,-8.579000473022461
1104,-9.322999954223633,5.771999835968018,-8.633999824523926
1107,-7.883999824523926,6.718999862670898,-6.057000160217285
1110,-9.321999549865723,5.814000129699707,-3.944000005722046
1113,11.557000160217285,6.797999858856201,-3.9760000705718994
1116,-5.383999824523926,10.336999893188477,-6.23199987411499
1119,-3.924999952316284,9.331000328063965,-8.413000106811523
1122,-1.4509999752044678,10.562999725341797,-8.284000396728516
1125,-0.05900000035762787,9.465999603271484,-5.9070000648498535
1128,-1.378000020980835,10.335000038146973,-3.734999895095825
1131,-3.994999885559082,9.342000007629395,-3.686000108718872
1134,-5.193999767303467,5.630000114440918,-6.249000072479248
1137,-3.8450000286102295,6.572999954223633,-8.572999954223633
1140,-1.2170000076293945,5.317999839782715,-8.54800033569336
1143,-0.19599999487400055,6.671999931335449,-6.426000118255615
1146,-1.2760000228881836,5.455999851226807,-4.243000030517578
1149,-3.9040000438690186,6.5329999923706055,-3.9769999980926514
1152,2.7100000381469727,10.220999717712402,-5.973999977111816
1155,4.1539998054504395,9.237000465393066,-8.288999557495117
1158,6.74399995803833,10.343000411987305,-8.20300006866455
1161,8.241999626159668,9.342000007629395,-5.985000133514404
1164,6.816999912261963,10.434000015258789,-3.819999933242798
1167,4.414000034332275,9.130000114440918,-3.700000047683716
1170,2.368000030517578,5.255000114440918,-6.27400016784668
1173,3.7339999675750732,6.480000019073486,-8.493000030517578
1176,6.414000034332275,5.622000217437744,-8.687000274658203
1179,7.789000034332275,6.422999858856201,-6.269000053405762
1182,6.335999965667725,5.59499979019165,-4.074999809265137
1185,3.7260000705718994,6.375,-3.8949999809265137
1188,10.51200008392334,10.26099967956543,12.04699993133545
1191,11.579000473022461,9.432000160217285,14.361000061035156
1194,10.364999771118164,10.491000175476074,-10.657999992370605
1197,10.380000114440918,5.75,11.687000274658203
1200,11.762999534606934,6.715000152587891,-13.211999893188477
1203,10.569999694824219,5.563000202178955,-10.86400032043457
1206,-9.475000381469727,10.232000350952148,14.177000045776367
1209,-7.940999984741211,9.402999877929688,12.064000129699707
1212,-5.11899995803833,10.220999717712402,12.180000305175781
1215,-3.928999900817871,9.458999633789063,-12.534000396728516
1218,-5.383999824523926,10.489999771118164,-10.541000366210938
1221,-7.923999786376953,9.449000358581543,-10.732000350952148
1224,-9.079999923706055,5.34499979019165,-13.17300033569336
1227,-7.7789998054504395,6.73199987411499,11.937000274658203
1230,-4.9720001220703125,5.775000095367432,11.803999900817871
1233,-4.041999816894531,6.638999938964844,-12.970999717712402
1236,-5.255000114440918,5.75,-10.711000442504883
1239,-8.086999893188477,6.633999824523926,-10.92199993133545
1242,-1.3389999866485596,10.40999984741211,14.493000030517578
1245,-0.07400000095367432,9.253999710083008,12.256999969482422
1248,2.369999885559082,10.472999572753906,12.15999984741211
1251,3.928999900817871,9.375,14.390999794006348
1254,2.4660000801086426,10.336999893188477,-10.67300033569336
1257,-0.20000000298023224,9.201000213623047,-10.352999687194824
1260,-1.475000023841858,5.52400016784668,-13.001999855041504
1263,0.20000000298023224,6.460000038146973,12.088000297546387
1266,2.8420000076293945,5.539999961853027,11.916000366210938
1269,4.2210001945495605,6.580999851226807,-12.979000091552734
1272,2.5299999713897705,5.663000106811523,-11.095000267028809
1275,-0.10300000011920929,6.377999782562256,-10.819999694824219
1278,6.535999774932861,10.418000221252441,-12.579000473022461
1281,7.743000030517578,9.538000106811523,12.253000259399414
1284,7.940000057220459,9.295999526977539,-10.383000373840332
1287,6.946000099182129,5.73199987411499,-13.060999870300293
1290,7.913000106811523,6.8520002365112305,11.88700008392334
1293,7.965000152587891,6.644000053405762,-10.772000312805176
