0,3.7780001163482666,-5.243000030517578,7.519999980926514
3,11.484999656677246,11.89900016784668,7.876999855041504
6,9.854000091552734,-4.953999996185303,9.892000198364258
9,-10.734000205993652,-8.164999961853027,8.5649995803833
12,12.527000427246094,-5.7230000495910645,10.130999565124512
15,8.892000198364258,-4.2779998779296875,7.355999946594238
18,9.51200008392334,10.748000144958496,6.443999767303467
21,9.49899959564209,13.199000358581543,10.230999946594238
24,12.53600025177002,10.956999778747559,5.511000156402588
27,9.89900016784668,-7.603000164031982,8.083999633789063
30,-8.232000350952148,12.880000114440918,8.668000221252441
33,7.364999771118164,12.420000076293945,7.321000099182129
36,-9.470999717712402,-4.184999942779541,7.618000030517578
39,-10.333999633789063,-6.4670000076293945,6.210999965667725
42,-2.6070001125335693,-5.978000164031982,4.716000080108643
45,-3.0290000438690186,-5.5229997634887695,7.511000156402588
48,-2.859999895095825,-5.618000030517578,10.251999855041504
51,-5.61299991607666,-6.392000198364258,9.748000144958496
54,-6.6020002365112305,-5.577000141143799,7.250999927520752
57,-4.75,11.088000297546387,4.946000099182129
60,-6.165999889373779,11.87399959564209,7.247000217437744
63,6.099999904632568,-9.456000328063965,9.730999946594238
66,-2.509000062942505,12.267000198364258,9.100000381469727
69,-5.263999938964844,-9.322999954223633,9.560999870300293
72,1.9759999513626099,-7.861000061035156,4.808000087738037
75,-0.8489999771118164,-8.121000289916992,4.869999885559082
78,2.191999912261963,-4.317999839782715,2.4670000076293945
81,6.175000190734863,-7.665999889373779,6.801000118255615
84,3.2829999923706055,-6.525000095367432,11.47599983215332
87,2.7230000495910645,-9.0600004196167,10.26200008392334
90,2.1640000343322754,11.928000450134277,8.0
93,-1.0169999599456787,12.11400032043457,6.8460001945495605
96,3.065000057220459,12.83899974822998,2.9590001106262207
99,3.818000078201294,-9.368000030517578,6.136000156402588
102,5.953000068664551,-8.814000129699707,12.4350004196167
105,6.309000015258789,-5.745999813079834,13.130999565124512
108,5.514999866485596,-6.425000190734863,-3.2860000133514404
111,7.15500020980835,-6.203000068664551,1.593000054359436
114,6.572000026702881,-5.125999927520752,8.708999633789063
117,4.808000087738037,12.1850004196167,-1.6180000305175781
120,4.5329999923706055,-8.748000144958496,0.8009999990463257
123,6.498000144958496,12.164999961853027,2.5179998874664307
126,7.309999942779541,-5.4029998779296875,-1.2589999437332153
129,-10.437000274658203,-7.5929999351501465,-1.784999966621399
132,-9.048999786376953,-5.258999824523926,-0.972000002861023
135,-7.809999942779541,-6.377999782562256,1.0980000495910645
138,-8.690999984741211,-6.6519999504089355,3.619999885559082
141,10.508999824523926,-7.71999979019165,5.504000186920166
144,10.906999588012695,12.583999633789063,3.9739999771118164
147,9.48799991607666,11.347999572753906,-1.9270000457763672
150,-9.762999534606934,12.168999671936035,-1.4329999685287476
153,-8.762999534606934,-9.40999984741211,1.069000005722046
156,-8.843000411987305,12.904999732971191,3.871999979019165
159,8.836000442504883,-8.484999656677246,2.555000066757202
162,-5.370999813079834,-5.303999900817871,1.253000020980835
165,-4.211999893188477,-5.5970001220703125,-1.3070000410079956
168,-1.4589999914169312,-5.752999782562256,-1.718000054359436
171,-0.27799999713897705,-5.639999866485596,1.7589999437332153
174,-1.1690000295639038,-1.0119999647140503,1.6339999437332153
177,-5.133999824523926,-7.01800012588501,3.5910000801086426
180,-6.327000141143799,12.211999893188477,0.3059999942779541
183,-5.223999977111816,12.343999862670898,-1.9869999885559082
186,-2.308000087738037,11.987000465393066,-1.6160000562667847
189,-0.9039999842643738,-8.208000183105469,2.239000082015991
192,-3.013000011444092,12.336000442504883,1.0520000457763672
195,-4.99399995803833,12.78600025177002,2.816999912261963
198,1.1100000143051147,-5.339000225067139,-0.36500000953674316
201,3.0450000762939453,-6.395999908447266,-2.003999948501587
204,4.50600004196167,-5.822000026702881,0.7739999890327454
207,1.1390000581741333,12.734000205993652,0.9679999947547913
210,2.3910000324249268,-9.074999809265137,-1.6490000486373901
213,7.2230000495910645,-3.9560000896453857,3.4560000896453857
216,6.038000106811523,-5.302999973297119,-6.497000217437744
219,8.428999900817871,-6.0229997634887695,-8.083000183105469
222,11.246999740600586,-5.456999778747559,-8.387999534606934
225,11.479999542236328,-6.335000038146973,-5.638999938964844
228,10.527000427246094,-6.300000190734863,-3.1010000705718994
231,8.57800006866455,-7.763000011444092,-1.718000054359436
234,6.510000228881836,12.67199993133545,-5.925000190734863
237,7.758999824523926,-8.902000427246094,-8.293999671936035
240,10.71399974822998,12.812000274658203,-8.553000450134277
243,11.407999992370605,-9.083000183105469,-6.0289998054504395
246,11.494000434875488,11.90999984741211,-3.7190001010894775
249,6.651000022888184,-9.164999961853027,-3.2739999294281006
252,-9.392000198364258,-6.031000137329102,-5.579999923706055
255,-7.585999965667725,-6.51800012588501,-7.874000072479248
258,-4.953000068664551,-5.64900016784668,-8.274999618530273
261,-4.063000202178955,-6.854000091552734,-5.873000144958496
264,-4.973999977111816,-7.573999881744385,-3.0739998817443848
267,-6.914999961853027,-5.754000186920166,-2.6440000534057617
270,-9.642000198364258,12.3100004196167,-6.669000148773193
273,-7.861999988555908,-9.35099983215332,-8.607999801635742
276,-4.888000011444092,12.270000457763672,-8.744999885559082
279,-3.7960000038146973,-9.503000259399414,-6.288000106811523
282,-5.980999946594238,12.121999740600586,-4.63700008392334
285,-8.484999656677246,-9.182000160217285,-4.03000020980835
288,-1.6399999856948853,-5.449999809265137,-6.081999778747559
291,-0.0,-6.09499979019165,-8.293000221252441
294,2.6410000324249268,-5.218999862670898,-8.57800006866455
297,3.614000082015991,-6.376999855041504,-6.044000148773193
300,2.134999990463257,-4.814000129699707,-3.986999988555908
303,-0.014000000432133675,-6.552999973297119,-4.005000114440918
306,-0.8740000128746033,12.177000045776367,-6.367000102996826
309,0.6579999923706055,-9.07699966430664,-8.300999641418457
312,3.0420000553131104,12.133000373840332,-8.515000343322754
315,3.7339999675750732,-9.100000381469727,-5.869999885559082
318,1.8700000047683716,12.390000343322754,-4.125
321,-0.7049999833106995,-9.444999694824219,-3.7869999408721924
324,9.137999534606934,-6.965000152587891,11.612000465393066
327,9.357999801635742,-6.6479997634887695,14.338000297546387
330,7.605999946594238,-5.304999828338623,-10.777999877929688
333,8.295999526977539,11.873000144958496,12.64799976348877
336,9.73900032043457,-9.234999656677246,-12.529000282287598
339,7.553999900817871,12.550000190734863,-10.932999610900879
342,11.845999717712402,-5.546999931335449,14.119000434875488
345,-10.123000144958496,-6.736999988555908,12.442000389099121
348,-7.5320000648498535,-5.7769999504089355,11.802000045776367
351,-6.999000072479248,-6.1529998779296875,14.42199993133545
354,-8.402000427246094,-5.401000022888184,-10.496999740600586
357,-10.913000106811523,-6.34499979019165,-10.616999626159668
360,12.10099983215332,12.104000091552734,-13.001999855041504
363,-9.786999702453613,-9.532999992370605,12.317000389099121
366,-7.052999973297119,12.300000190734863,11.631999969482422
369,-6.6529998779296875,-9.428000450134277,-12.98900032043457
372,-8.550000190734863,12.37600040435791,-11.197999954223633
375,12.618000030517578,-9.206999778747559,-10.456000328063965
378,-4.198999881744385,-5.314000129699707,-12.753000259399414
381,-2.111999988555908,-6.413000106811523,12.963000297546387
384,0.6029999852180481,-5.764999866485596,12.359999656677246
387,1.3639999628067017,-6.734000205993652,-12.420999526977539
390,-0.8289999961853027,-5.620999813079834,-11.119000434875488
393,-3.2639999389648438,-6.513999938964844,-10.282999992370605
396,-3.688999891281128,12.34000015258789,13.927000045776367
399,-2.059000015258789,-9.46399974822998,11.647000312805176
402,0.4860000014305115,11.5649995803833,12.105999946594238
405,1.6050000190734863,-9.586999893188477,-12.673999786376953
408,-0.24300000071525574,12.145000457763672,-10.770000457763672
411,-2.8529999256134033,-9.166999816894531,-10.836999893188477
414,3.864000082015991,-5.6519999504089355,-12.67199993133545
417,3.068000078201294,-3.993000030517578,10.251999855041504
420,4.811999797821045,-6.421000003814697,-10.321999549865723
423,4.316999912261963,12.15999984741211,-13.041000366210938
426,6.775000095367432,-4.051000118255615,11.199000358581543
429,4.789999961853027,-9.557999610900879,-10.51099967956543
432,6.408999919891357,1.215999960899353,4.8420000076293945
435,7.564000129699707,-0.07500000298023224,7.156000137329102
438,11.942999839782715,1.2680000066757202,3.2929999828338623
441,-6.919000148773193,-0.36500000953674316,8.274999618530273
444,11.73900032043457,1.1929999589920044,8.362000465393066
447,9.387999534606934,2.680999994277954,9.008000373840332
450,6.811999797821045,-5.251999855041504,5.703999996185303
453,9.833000183105469,-1.6710000038146973,6.484000205993652
456,-10.86299991607666,-2.5850000381469727,5.86299991607666
459,-8.92300033569336,-0.8069999814033508,6.019999980926514
462,-10.722999572753906,-2.8459999561309814,9.939000129699707
465,10.380000114440918,-1.0889999866485596,9.432000160217285
468,-10.793000221252441,3.490999937057495,2.049999952316284
471,-10.6899995803833,1.1440000534057617,5.868000030517578
474,-4.591000080108643,-0.09099999815225601,1.034000039100647
477,-1.4780000448226929,4.195000171661377,4.979000091552734
480,-2.9800000190734863,1.465000033378601,9.645000457763672
483,-5.6579999923706055,1.5759999752044678,10.079000473022461
486,-4.896999835968018,-3.571000099182129,7.868000030517578
489,-7.158999919891357,-1.7059999704360962,3.992000102996826
492,-6.552999973297119,-4.939000129699707,4.4629998207092285
495,-2.4110000133514404,-0.1720000058412552,7.209000110626221
498,-3.0179998874664307,-2.9089999198913574,10.315999984741211
501,-5.675000190734863,-2.1700000762939453,10.097999572753906
504,2.700000047683716,5.810999870300293,7.021999835968018
507,1.25600004196167,1.600000023841858,7.685999870300293
510,0.890999972820282,4.614999771118164,3.634000062942505
513,4.6539998054504395,1.7410000562667847,6.921999931335449
516,4.686999797821045,1.7610000371932983,9.560999870300293
519,2.171999931335449,0.4749999940395355,9.868000030517578
522,-1.2039999961853027,-2.7230000495910645,7.830999851226807
525,-4.875,-1.0329999923706055,6.620999813079834
528,-1.9850000143051147,-3.572000026702881,1.3980000019073486
531,0.06499999761581421,-2.5299999713897705,5.460000038146973
534,2.1630001068115234,-4.940999984741211,5.25
537,0.8640000224113464,-2.2639999389648438,9.638999938964844
540,4.188000202178955,3.861999988555908,-1.2300000190734863
543,3.119999885559082,1.7039999961853027,0.29100000858306885
546,7.4720001220703125,0.41200000047683716,2.257999897003174
549,4.745999813079834,-1.5199999809265137,-1.3309999704360962
552,5.060999870300293,-0.30000001192092896,1.281999945640564
555,2.375,-1.815999984741211,4.341000080108643
558,8.619999885559082,1.6260000467300415,-0.1589999943971634
561,10.782999992370605,0.2720000147819519,-1.625
564,-10.36299991607666,1.402999997138977,-1.0540000200271606
567,-8.51200008392334,1.1929999589920044,1.1109999418258667
570,9.96500015258789,2.861999988555908,2.0230000019073486
573,4.96999979019165,-2.48799991607666,2.875
576,11.229000091552734,-1.3489999771118164,2.5320000648498535
579,11.911999702453613,-1.9119999408721924,-0.21799999475479126
582,-9.053000450134277,-2.569000005722046,-1.3910000324249268
585,-8.161999702453613,-1.652999997138977,1.0230000019073486
588,-9.901000022888184,-2.572000026702881,2.874000072479248
591,8.697999954223633,-1.3070000410079956,3.9179999828338623
594,-6.168000221252441,1.9639999866485596,0.012000000104308128
597,-5.269999980926514,1.0199999809265137,-2.3949999809265137
600,-2.5859999656677246,1.621999979019165,-2.6730000972747803
603,-0.10700000077486038,2.055999994277954,-0.4099999964237213
606,-2.421999931335449,0.6420000195503235,-0.19699999690055847
609,-9.428999900817871,3.499000072479248,6.320000171661377
612,-5.676000118255615,-2.4690001010894775,0.9480000138282776
615,-4.482999801635742,-2.6670000553131104,-1.5839999914169312
618,-1.5390000343322754,-2.808000087738037,-1.8220000267028809
621,0.6259999871253967,-1.690999984741211,-0.5440000295639038
624,-2.621999979019165,-3.2660000324249268,4.093999862670898
627,-4.502999782562256,-1.1829999685287476,3.693000078201294
630,3.0889999866485596,2.434999942779541,2.8929998874664307
633,1.840999960899353,2.371999979019165,-2.260999917984009
636,2.384999990463257,2.7920000553131104,5.465000152587891
639,2.4560000896453857,-0.32100000977516174,-1.9170000553131104
642,0.7760000228881836,0.5149999856948853,3.309999942779541
645,3.01200008392334,-3.1029999256134033,0.0820000022649765
648,6.497000217437744,0.9769999980926514,-6.1570000648498535
651,8.454000473022461,1.1629999876022339,-8.161999702453613
654,11.067999839782715,2.255000114440918,-8.07699966430664
657,11.404000282287598,0.8960000276565552,-5.761000156402588
660,9.42199993133545,1.4110000133514404,-3.7160000801086426
663,7.538000106811523,-0.8539999723434448,-4.120999813079834
666,6.821000099182129,-2.552999973297119,-6.410999774932861
669,8.067999839782715,-1.5290000438690186,-8.506999969482422
672,10.663000106811523,-2.6029999256134033,-8.182000160217285
675,11.543999671936035,-1.7519999742507935,-5.750999927520752
678,10.970999717712402,-3.5920000076293945,-2.140000104904175
681,7.302999973297119,-2.678999900817871,-2.1110000610351563
684,-9.491999626159668,2.1410000324249268,-6.247000217437744
687,-7.908999919891357,1.3509999513626099,-8.256999969482422
690,-5.473999977111816,2.247999906539917,-8.875
693,-4.459000110626221,1.503999948501587,-6.539000034332275
696,-6.1529998779296875,2.7360000610351563,-4.426000118255615
699,-8.748000144958496,1.7699999809265137,-3.615000009536743
702,-9.5,-2.3919999599456787,-6.739999771118164
705,-7.5269999504089355,-1.687999963760376,-8.36299991607666
708,-5.046000003814697,-2.884000062942505,-8.361000061035156
711,-4.15500020980835,-1.3040000200271606,-5.5980000495910645
714,-6.326000213623047,-1.4110000133514404,-3.5889999866485596
717,-8.45199966430664,-3.190000057220459,-4.079999923706055
720,-1.940000057220459,2.065000057220459,-7.136000156402588
723,-0.05400000140070915,0.8289999961853027,-8.75100040435791
726,2.500999927520752,2.0269999504089355,-8.960000038146973
729,3.75,0.9940000176429749,-6.386000156402588
732,1.5770000219345093,2.23799991607666,-4.960999965667725
735,-1.1679999828338623,0.8659999966621399,-4.783999919891357
738,-1.8240000009536743,-2.7660000324249268,-6.019000053405762
741,0.6660000085830688,-1.7799999713897705,-7.547999858856201
744,3.365999937057495,-2.2009999752044678,-8.201000213623047
747,4.354000091552734,-1.5509999990463257,-5.638000011444092
750,2.2219998836517334,-2.1470000743865967,-3.868000030517578
753,-0.47999998927116394,-1.5859999656677246,-4.1020002365112305
756,8.258999824523926,2.26200008392334,11.685999870300293
759,9.303999900817871,1.312999963760376,13.923999786376953
762,7.814000129699707,2.1059999465942383,-10.649999618530273
765,8.86400032043457,-2.3889999389648438,11.47700023651123
768,9.291000366210938,-1.5149999856948853,-12.904000282287598
771,7.34499979019165,-2.427999973297119,-11.368000030517578
774,11.932000160217285,2.069000005722046,14.041999816894531
777,-10.036999702453613,1.4160000085830688,11.892000198364258
780,-7.5289998054504395,2.0369999408721924,11.9350004196167
783,-6.89300012588501,1.128999948501587,14.545000076293945
786,-8.906000137329102,2.2190001010894775,-10.781000137329102
789,12.269000053405762,1.1390000581741333,-10.513999938964844
792,11.821999549865723,-2.700000047683716,-12.607999801635742
795,-10.039999961853027,-1.7879999876022339,12.477999687194824
798,-7.4670000076293945,-2.989000082015991,12.02400016784668
801,-6.744999885559082,-1.7690000534057617,-12.770000457763672
804,-8.505000114440918,-2.6740000247955322,-10.805999755859375
807,12.51200008392334,-1.815999984741211,-10.21500015258789
810,-4.1519999504089355,1.7860000133514404,14.144000053405762
813,-2.197000026702881,0.574999988079071,12.232999801635742
816,0.4009999930858612,1.3839999437332153,11.656000137329102
819,0.6759999990463257,0.6629999876022339,14.270999908447266
822,-1.4279999732971191,1.2649999856948853,-11.156999588012695
825,-3.9549999237060547,0.8259999752044678,-10.475000381469727
828,-4.025000095367432,-2.568000078201294,-12.694999694824219
831,-1.8179999589920044,-2.052999973297119,12.881999969482422
834,0.597000002861023,-2.986999988555908,12.352999687194824
837,1.3969999551773071,-1.8799999952316284,-12.234999656677246
840,-0.37299999594688416,-2.553999900817871,-10.053000450134277
843,-3.119999885559082,-1.9110000133514404,-10.145000457763672
846,3.8329999446868896,1.6990000009536743,14.357000350952148
849,5.761000156402588,0.44999998807907104,11.76200008392334
852,4.8460001945495605,1.4900000095367432,-10.229000091552734
855,3.9660000801086426,-2.0999999046325684,-13.053000450134277
858,4.671999931335449,-2.0950000286102295,11.515999794006348
861,4.883999824523926,-1.371999979019165,-10.520999908447266
864,7.675000190734863,6.677999973297119,8.786999702453613
867,8.038999557495117,2.930000066757202,6.2270002365112305
870,8.815999984741211,9.515999794006348,9.307999610900879
873,-8.800999641418457,7.690000057220459,8.050999641418457
876,11.567000389099121,8.96500015258789,9.057999610900879
879,12.093000411987305,11.387999534606934,10.574000358581543
882,6.442999839782715,4.5929999351501465,7.941999912261963
885,12.456000328063965,6.13700008392334,9.791000366210938
888,9.881999969482422,4.855000019073486,6.563000202178955
891,-10.840999603271484,5.6479997634887695,7.098999977111816
894,-10.359000205993652,3.3550000190734863,9.913999557495117
897,9.748000144958496,5.373000144958496,9.791000366210938
900,-6.765999794006348,9.199999809265137,7.2170000076293945
903,-6.482999801635742,9.07800006866455,4.421999931335449
906,-2.8289999961853027,9.300000190734863,2.065999984741211
909,-1.6180000305175781,7.921000003814697,8.329999923706055
912,-3.4719998836517334,9.687000274658203,9.126999855041504
915,-6.090000152587891,9.010000228881836,9.878999710083008
918,-7.614999771118164,3.556999921798706,8.819000244140625
921,-8.343999862670898,4.4629998207092285,3.8499999046325684
924,-2.240000009536743,7.836999893188477,4.492000102996826
927,2.0309998989105225,6.97599983215332,4.318999767303467
930,-1.9839999675750732,3.8550000190734863,9.59000015258789
933,-7.224999904632568,6.2129998207092285,9.906999588012695
936,3.875999927520752,8.74899959564209,7.289000034332275
939,4.570000171661377,7.5370001792907715,4.935999870300293
942,5.453000068664551,10.934000015258789,5.894999980926514
945,9.241999626159668,8.720999717712402,4.614999771118164
948,4.984000205993652,7.251999855041504,9.446000099182129
951,1.121999979019165,9.12600040435791,8.604999542236328
954,-0.9649999737739563,5.409999847412109,7.460999965667725
957,-0.7770000100135803,1.2940000295639038,5.59499979019165
960,5.034999847412109,4.495999813079834,2.700000047683716
963,4.854000091552734,4.738999843597412,5.623000144958496
966,4.769000053405762,4.604000091552734,10.109999656677246
969,1.2100000381469727,4.36899995803833,8.765999794006348
972,6.0269999504089355,6.785999774932861,-6.281000137329102
975,4.650000095367432,9.0,-3.3239998817443848
978,6.513000011444092,9.428999900817871,3.7119998931884766
981,6.585999965667725,5.011000156402588,-1.6929999589920044
984,6.571000099182129,7.682000160217285,-0.6240000128746033
987,9.875,5.581999778747559,1.2999999523162842
990,11.815999984741211,9.994999885559082,2.4200000762939453
993,10.883000373840332,9.755999565124512,-0.1899999976158142
996,-10.3100004196167,9.300999641418457,-1.2549999952316284
999,-8.913999557495117,7.513000011444092,0.722000002861023
1002,-9.282999992370605,8.347000122070313,3.4070000648498535
1005,-10.506999969482422,8.253999710083008,5.880000114440918
1008,11.621000289916992,3.677999973297119,-2.049999952316284
1011,9.022000312805176,4.135000228881836,-0.9900000095367432
1014,-9.319000244140625,4.1539998054504395,-2.187999963760376
1017,-8.692000389099121,4.678999900817871,0.2840000092983246
1020,12.682999610900879,5.158999919891357,4.056000232696533
1023,11.37600040435791,7.376999855041504,3.319999933242798
1026,-6.50600004196167,9.173999786376953,0.289000004529953
1029,-5.392000198364258,8.567999839782715,-1.9950000047683716
1032,-2.4639999866485596,8.986000061035156,-2.130000114440918
1035,-1.1019999980926514,8.039999961853027,0.39100000262260437
1038,-2.0390000343322754,10.529000282287598,4.598999977111816
1041,-5.302999973297119,8.01099967956543,2.318000078201294
1044,-6.03000020980835,4.991000175476074,0.414000004529953
1047,-4.995999813079834,5.947000026702881,-1.9980000257492065
1050,-2.5850000381469727,4.548999786376953,-2.319000005722046
1053,-1.840000033378601,5.480999946594238,0.3400000035762787
1056,-3.0940001010894775,5.510000228881836,3.0209999084472656
1059,-5.910999774932861,5.502999782562256,3.246999979019165
1062,0.18400000035762787,10.574000358581543,-0.628000020980835
1065,1.9240000247955322,8.824999809265137,-1.649999976158142
1068,3.309999942779541,6.208000183105469,1.8209999799728394
1071,0.8360000252723694,4.310999870300293,0.7459999918937683
1074,2.5840001106262207,6.1539998054504395,-0.7670000195503235
1077,7.414999961853027,6.76800012588501,1.690000057220459
1080,6.13700008392334,9.755000114440918,-6.703000068664551
1083,8.03600025177002,9.109000205993652,-8.529999732971191
1086,10.663999557495117,9.82800006866455,-8.711999893188477
1089,11.5649995803833,8.446000099182129,-6.264999866485596
1092,11.081000328063965,8.243000030517578,-3.3340001106262207
1095,8.64799976348877,8.567000389099121,-2.1649999618530273
1098,5.360000133514404,3.569000005722046,-6.164000034332275
1101,8.265999794006348,6.322000026702881,-8.765000343322754
1104,10.574000358581543,5.093999862670898,-9.324000358581543
1107,11.265999794006348,5.767000198364258,-6.796000003814697
1110,10.758999824523926,5.0929999351501465,-4.051000118255615
1113,7.677000045776367,5.177000045776367,-4.377999782562256
1116,-9.621000289916992,9.513999938964844,-6.440000057220459
1119,-7.776000022888184,8.675999641418457,-9.09000015258789
1122,-5.117000102996826,9.522000312805176,-9.154000282287598
1125,-4.1529998779296875,9.201000213623047,-6.607999801635742
1128,-6.140999794006348,9.456999778747559,-4.703000068664551
1131,-8.777999877929688,8.579999923706055,-3.888000011444092
1134,-9.505000114440918,4.910999774932861,-6.683000087738037
1137,-7.807000160217285,6.02400016784668,-8.668999671936035
1140,-5.185999870300293,5.03000020980835,-9.345000267028809
1143,-4.383999824523926,6.285999774932861,-7.039999961853027
1146,-5.960999965667725,5.568999767303467,-4.927999973297119
1149,-8.621999740600586,5.659999847412109,-4.171999931335449
1152,-1.378999948501587,9.27400016784668,-7.176000118255615
1155,0.41600000858306885,7.936999797821045,-8.875
1158,2.872999906539917,9.435999870300293,-9.23900032043457
1161,3.13100004196167,9.145000457763672,-6.4029998779296875
1164,1.569000005722046,9.57699966430664,-4.201000213623047
1167,-1.0609999895095825,8.284000396728516,-4.4720001220703125
1170,-1.8170000314712524,4.807000160217285,-7.276000022888184
1173,0.5289999842643738,5.050000190734863,-9.027999877929688
1176,3.11899995803833,5.104000091552734,-7.809000015258789
1179,3.7980000972747803,6.459000110626221,-4.005000114440918
1182,1.7000000476837158,5.1529998779296875,-5.519999980926514
1185,-1.0570000410079956,5.603000164031982,-4.732999801635742
1188,7.843999862670898,9.329999923706055,11.843000411987305
1191,8.998000144958496,8.6850004196167,14.23900032043457
1194,7.401000022888184,9.708000183105469,-11.104999542236328
1197,7.993000030517578,4.959000110626221,11.720000267028809
1200,8.909000396728516,5.945000171661377,-13.090999603271484
1203,7.367000102996826,4.982999801635742,-11.043000221252441
1206,11.467000007629395,9.36400032043457,13.715999603271484
1209,-10.467000007629395,8.836999893188477,11.630999565124512
1212,-7.9679999351501465,9.788000106811523,11.562000274658203
1215,-6.236000061035156,8.87399959564209,14.116000175476074
1218,-8.862000465393066,9.263999938964844,-11.857999801635742
1221,12.255000114440918,8.743000030517578,-10.720000267028809
1224,11.609000205993652,5.166999816894531,13.769000053405762
1227,-10.083000183105469,6.396999835968018,12.394000053405762
1230,-7.603000164031982,4.703999996185303,12.11299991607666
1233,-6.590000152587891,5.7779998779296875,-12.78600025177002
1236,-8.572999954223633,4.817999839782715,-10.937999725341797
1239,12.501999855041504,5.880000114440918,-10.982999801635742
1242,-3.4110000133514404,9.668999671936035,13.819999694824219
1245,-2.0759999752044678,8.494000434875488,11.758999824523926
1248,0.593999981880188,8.732999801635742,11.404999732971191
1251,1.1720000505447388,7.7220001220703125,14.006999969482422
1254,-0.4909999966621399,9.175999641418457,-11.116000175476074
1257,-2.98799991607666,8.534000396728516,-10.8149995803833
1260,-4.159999847412109,4.515999794006348,13.437000274658203
1263,-2.013000011444092,5.381999969482422,11.831999778747559
1266,0.45100000500679016,4.248000144958496,11.515000343322754
1269,1.1690000295639038,5.038000106811523,-13.062999725341797
1272,-1.0920000076293945,4.065999984741211,-11.833999633789063
1275,-3.3389999866485596,5.730999946594238,-11.418999671936035
1278,3.5980000495910645,9.288999557495117,13.89900016784668
1281,5.145999908447266,8.225000381469727,11.98799991607666
1284,4.7820000648498535,8.371000289916992,-10.89900016784668
1287,3.8320000171661377,4.519000053405762,-12.654000282287598
1290,5.551000118255615,5.21999979019165,12.645000457763672
1293,4.742000102996826,5.749000072479248,-9.925999641418457
