0,-0.5630000233650208,-8.690999984741211,2.003999948501587
3,11.126999855041504,11.317000389099121,9.20300006866455
6,8.418000221252441,-2.822000026702881,8.609999656677246
9,10.746000289916992,-8.595999717712402,7.754000186920166
12,-5.796000003814697,-5.28000020980835,11.381999969482422
15,4.181000232696533,1.7430000305175781,8.807999610900879
18,7.572000026702881,10.515000343322754,6.369999885559082
21,8.102999687194824,11.317999839782715,9.04699993133545
24,11.413000106811523,11.920999526977539,5.6579999923706055
27,8.09000015258789,-5.553999900817871,7.625999927520752
30,-10.161999702453613,8.819999694824219,7.750999927520752
33,4.133999824523926,9.513999938964844,5.116000175476074
36,12.223999977111816,-6.281000137329102,8.630999565124512
39,10.845000267028809,-5.539999961853027,4.960000038146973
42,-6.0920000076293945,12.27299976348877,1.1180000305175781
45,-7.117000102996826,-8.734000205993652,8.432000160217285
48,-4.133999824523926,-7.3429999351501465,10.064000129699707
51,-9.236000061035156,11.45199966430664,7.304999828338623
54,-8.4350004196167,0.6420000195503235,5.09499979019165
57,-6.375,10.718999862670898,5.5929999351501465
60,-4.171000003814697,11.682999610900879,6.84499979019165
63,5.578999996185303,8.684000015258789,7.261000156402588
66,-0.5709999799728394,8.909000396728516,7.239999771118164
69,-7.238999843597412,-8.718999862670898,11.505000114440918
72,-1.9910000562667847,-9.02400016784668,6.368000030517578
75,0.00800000037997961,10.972000122070313,2.88100004196167
78,-4.1539998054504395,-8.197999954223633,0.4000000059604645
81,7.583000183105469,-3.8519999980926514,5.176000118255615
84,0.19300000369548798,-7.834000110626221,4.685999870300293
87,-3.640000104904175,10.201000213623047,10.57699966430664
90,0.06700000166893005,8.881999969482422,12.378000259399414
93,-2.937000036239624,9.664999961853027,5.270999908447266
96,-1.5099999904632568,-7.4039998054504395,-0.1459999978542328
99,4.980999946594238,12.520999908447266,3.927999973297119
102,4.894999980926514,-7.947000026702881,11.315999984741211
105,4.447000026702881,-8.536999702453613,6.901000022888184
108,3.805999994277954,-7.204999923706055,-2.1600000858306885
111,7.747000217437744,-6.465000152587891,1.1030000448226929
114,-1.2730000019073486,8.746000289916992,9.87399959564209
117,5.758999824523926,10.958000183105469,-1.2109999656677246
120,4.497000217437744,-9.23900032043457,-0.3449999988079071
123,8.144000053405762,11.255000114440918,2.2079999446868896
126,5.531000137329102,-5.197999954223633,-2.2049999237060547
129,11.744000434875488,-8.461000442504883,-2.1470000743865967
132,-8.312000274658203,-5.427999973297119,0.8360000252723694
135,-7.729000091552734,-7.401000022888184,2.7160000801086426
138,-10.392999649047852,-7.235000133514404,5.9029998779296875
141,8.414999961853027,-7.440000057220459,5.070000171661377
144,8.949999809265137,12.319000244140625,4.71999979019165
147,7.795000076293945,12.27299976348877,-2.065999984741211
150,12.33899974822998,11.289999961853027,-1.5570000410079956
153,-9.399999618530273,-9.53499984741211,2.3919999599456787
156,-9.496000289916992,12.744999885559082,5.045000076293945
159,6.2779998779296875,-8.970999717712402,1.659999966621399
162,-6.875999927520752,-4.801000118255615,4.434000015258789
165,-6.572999954223633,-5.948999881744385,-2.118000030517578
168,-4.4029998779296875,-7.466000080108643,-2.381999969482422
171,-3.5269999504089355,-6.138000011444092,2.694000005722046
174,-4.7870001792907715,1.9140000343322754,5.007999897003174
177,-6.992000102996826,-6.565999984741211,6.458000183105469
180,-8.432999610900879,13.053000450134277,-0.19699999690055847
183,-8.121000289916992,10.979000091552734,-2.259000062942505
186,-4.406000137329102,8.395999908447266,-1.4110000133514404
189,1.7610000371932983,9.793999671936035,1.059999942779541
192,-5.308000087738037,11.76099967956543,-2.26200008392334
195,-5.855000019073486,-9.234999656677246,3.640000104904175
198,-1.2510000467300415,11.303999900817871,-2.253999948501587
201,0.26600000262260437,-9.086000442504883,-3.1480000019073486
204,1.7400000095367432,12.612000465393066,-0.06800000369548798
207,-4.7210001945495605,6.3420000076293945,1.5770000219345093
210,-2.8919999599456787,9.803999900817871,0.3070000112056732
213,2.7260000705718994,-2.878000020980835,4.36899995803833
216,5.035999774932861,-6.909999847412109,-6.598999977111816
219,5.1539998054504395,-9.267999649047852,-9.1899995803833
222,6.448999881744385,-6.796999931335449,-9.3149995803833
225,7.828000068664551,-7.916999816894531,-7.2179999351501465
228,7.070000171661377,-7.508999824523926,-2.7929999828338623
231,9.36400032043457,-7.567999839782715,-0.8730000257492065
234,5.140999794006348,9.755999565124512,-7.288000106811523
237,6.019999980926514,10.67199993133545,-10.053000450134277
240,8.99899959564209,10.164999961853027,-9.836000442504883
243,8.454000473022461,11.536999702453613,-6.980999946594238
246,6.955999851226807,10.92300033569336,-4.48799991607666
249,4.877999782562256,12.717000007629395,-6.105000019073486
252,10.33899974822998,-5.25600004196167,-6.354000091552734
255,12.189000129699707,-4.2220001220703125,-8.70199966430664
258,-5.340000152587891,-4.699999809265137,-9.532999992370605
261,-8.527999877929688,-5.828000068664551,-6.173999786376953
264,-8.692999839782715,-7.539999961853027,-2.138000011444092
267,-10.940999984741211,-5.875999927520752,-4.9629998207092285
270,11.314000129699707,11.42199993133545,-6.249000072479248
273,10.585000038146973,-7.39900016784668,-8.062999725341797
276,-10.255999565124512,-8.565999984741211,-9.357999801635742
279,-7.053999900817871,-8.305999755859375,-5.824999809265137
282,-9.248000144958496,13.053000450134277,-3.9830000400543213
285,11.824000358581543,-8.585000038146973,-4.947999954223633
288,-6.310999870300293,-4.039000034332275,-5.934000015258789
291,-1.968000054359436,-8.756999969482422,-8.640000343322754
294,1.0800000429153442,-7.745999813079834,-7.236000061035156
297,2.8529999256134033,-6.701000213623047,-5.077000141143799
300,0.5559999942779541,12.359999656677246,-5.618000030517578
303,-2.065000057220459,-9.0600004196167,-5.380000114440918
306,-5.513000011444092,-9.609999656677246,-10.090999603271484
309,0.14499999582767487,11.434000015258789,-8.857000350952148
312,-0.6209999918937683,9.293000221252441,-7.239999771118164
315,2.6419999599456787,10.482999801635742,-8.376999855041504
318,1.6990000009536743,10.067999839782715,-4.400000095367432
321,-4.681000232696533,-9.194000244140625,-4.531000137329102
324,8.480999946594238,-7.859000205993652,9.104999542236328
327,9.675000190734863,-7.410999774932861,12.045999526977539
330,4.000999927520752,-6.708000183105469,-11.430000305175781
333,6.113999843597412,-9.093000411987305,9.095999717712402
336,8.788000106811523,-8.196999549865723,-12.5600004196167
339,6.730999946594238,11.248000144958496,-12.692000389099121
342,9.663000106811523,-4.684000015258789,11.527000427246094
345,-8.347999572753906,-5.1529998779296875,8.586000442504883
348,-9.154000282287598,-6.067999839782715,-11.887999534606934
351,-9.383999824523926,-8.770000457763672,-11.869000434875488
354,11.652000427246094,-5.499000072479248,-11.116000175476074
357,9.116000175476074,-6.626999855041504,-10.39900016784668
360,9.342000007629395,11.161999702453613,-12.487000465393066
363,-10.73900032043457,-6.056000232696533,11.267000198364258
366,-9.270999908447266,11.255999565124512,10.87600040435791
369,-10.439000129699707,12.244000434875488,13.126999855041504
372,11.937000274658203,10.555000305175781,-12.14900016784668
375,-11.208999633789063,7.803999900817871,-11.805999755859375
378,-6.974999904632568,11.329999923706055,-12.465999603271484
381,-5.0970001220703125,-9.477999687194824,12.975000381469727
384,-1.690999984741211,-8.927000045776367,-11.946999549865723
387,-1.6790000200271606,-7.139999866485596,8.27400016784668
390,-5.984000205993652,-6.989999771118164,-10.722000122070313
393,-5.178999900817871,-5.293000221252441,-12.640999794006348
396,-7.853000164031982,8.272000312805176,14.010000228881836
399,-3.7890000343322754,10.616999626159668,13.772000312805176
402,-1.3880000114440918,10.869000434875488,-11.23799991607666
405,0.9900000095367432,9.74899959564209,-12.288000106811523
408,-7.882999897003174,-9.604999542236328,-8.291000366210938
411,-9.42199993133545,-5.927000045776367,-8.845999717712402
414,-0.3790000081062317,-6.710000038146973,-10.72700023651123
417,3.0429999828338623,-2.453000068664551,8.253999710083008
420,2.359999895095825,-7.708000183105469,-9.63700008392334
423,6.059999942779541,-8.390999794006348,14.032999992370605
426,3.015000104904175,-8.02400016784668,4.4730000495910645
429,3.13700008392334,11.520000457763672,-10.923999786376953
432,4.40500020980835,0.38499999046325684,3.819999933242798
435,3.5429999828338623,-0.24300000071525574,6.48799991607666
438,10.647000312805176,-1.4490000009536743,5.625999927520752
441,-7.936999797821045,-2.8399999141693115,11.649999618530273
444,7.809999942779541,-0.004999999888241291,5.749000072479248
447,8.989999771118164,7.934000015258789,13.128999710083008
450,1.1979999542236328,-3.619999885559082,6.5970001220703125
453,5.422999858856201,-3.13700008392334,6.686999797821045
456,8.960000038146973,-4.750999927520752,2.9609999656677246
459,-5.88100004196167,2.247999906539917,7.546000003814697
462,6.216000080108643,-0.4099999964237213,8.121000289916992
465,3.3399999141693115,-3.634999990463257,10.710000038146973
468,12.253999710083008,1.0369999408721924,1.2719999551773071
471,9.937000274658203,-0.6209999918937683,3.2699999809265137
474,-7.242000102996826,0.2930000126361847,-1.125
477,-2.3010001182556152,2.382999897003174,3.5179998874664307
480,-4.302999973297119,-3.240999937057495,10.168999671936035
483,-6.138000011444092,4.620999813079834,10.29699993133545
486,-4.185999870300293,-4.517000198364258,4.934000015258789
489,11.531000137329102,-3.684999942779541,7.051000118255615
492,-6.539000034332275,-0.4129999876022339,6.988999843597412
495,-2.194000005722046,-3.619999885559082,7.5269999504089355
498,-10.220999717712402,-3.6019999980926514,10.54699993133545
501,-10.527999877929688,-2.677000045776367,13.480999946594238
504,-1.8200000524520874,2.7230000495910645,6.631999969482422
507,-3.9830000400543213,-0.24199999868869781,9.970999717712402
510,0.925000011920929,3.928999900817871,6.327000141143799
513,-0.453000009059906,-1.0490000247955322,6.64900016784668
516,1.3209999799728394,2.2790000438690186,10.84000015258789
519,0.2720000147819519,0.3919999897480011,9.269000053405762
522,-1.7640000581741333,-3.8320000171661377,10.145999908447266
525,-7.302000045776367,-2.2230000495910645,9.02299976348877
528,-5.252999782562256,-5.809999942779541,0.6100000143051147
531,-3.078000068664551,-8.579999923706055,3.681999921798706
534,-4.6020002365112305,-1.4240000247955322,5.110000133514404
537,-0.574999988079071,-5.625,6.0980000495910645
540,3.561000108718872,-2.134000062942505,-6.410999774932861
543,3.114000082015991,5.994999885559082,1.1019999980926514
546,7.531000137329102,-0.7829999923706055,0.08799999952316284
549,0.6589999794960022,-2.1530001163482666,-0.7620000243186951
552,7.815999984741211,-1.3530000448226929,-3.1649999618530273
555,1.621999979019165,-5.196000099182129,1.6820000410079956
558,8.217000007629395,1.2610000371932983,-2.115000009536743
561,-10.708999633789063,-3.493000030517578,-3.7049999237060547
564,-10.243000030517578,-0.6660000085830688,-4.461999893188477
567,-7.732999801635742,-2.4100000858306885,-0.777999997138977
570,7.210999965667725,-2.01200008392334,3.2200000286102295
573,6.035999774932861,-4.184999942779541,1.5160000324249268
576,9.61400032043457,-2.7709999084472656,0.8700000047683716
579,12.071000099182129,-3.486999988555908,-0.6420000195503235
582,-9.699999809265137,-2.5859999656677246,1.1480000019073486
585,-9.847000122070313,-0.5230000019073486,3.181999921798706
588,-7.4019999504089355,-0.01899999938905239,1.7309999465942383
591,5.811999797821045,-6.714000225067139,5.163000106811523
594,-8.263999938964844,1.4529999494552612,-5.281000137329102
597,-9.128999710083008,1.371000051498413,-2.688999891281128
600,0.24300000071525574,0.06700000166893005,-3.0899999141693115
603,-1.909000039100647,-3.0250000953674316,4.353000164031982
606,-4.991000175476074,0.871999979019165,-2.6389999389648438
609,-8.87399959564209,3.1089999675750732,3.9690001010894775
612,-6.400000095367432,-2.2960000038146973,2.8469998836517334
615,-5.335999965667725,-3.1089999675750732,0.3779999911785126
618,-2.177999973297119,-0.03999999910593033,-2.184999942779541
621,-1.0080000162124634,-5.276000022888184,2.375
624,-2.8940000534057617,0.11100000143051147,7.318999767303467
627,-4.840000152587891,-3.007999897003174,7.554999828338623
630,2.180999994277954,0.15000000596046448,2.1040000915527344
633,2.0799999237060547,3.822999954223633,-0.4269999861717224
636,2.502000093460083,4.757999897003174,8.755999565124512
639,5.461999893188477,-4.1570000648498535,-6.410999774932861
642,2.3299999237060547,-2.6679999828338623,1.2640000581741333
645,4.091000080108643,-5.940000057220459,2.994999885559082
648,4.269999980926514,0.8399999737739563,-2.566999912261963
651,7.663000106811523,-1.2610000371932983,-8.729999542236328
654,9.739999771118164,0.30000001192092896,-7.798999786376953
657,11.053999900817871,-0.9990000128746033,-5.757999897003174
660,6.668000221252441,0.28999999165534973,-4.836999893188477
663,5.48799991607666,-0.3970000147819519,-7.150000095367432
666,3.986999988555908,-2.4839999675750732,-10.65999984741211
669,5.890999794006348,-3.428999900817871,-9.008999824523926
672,6.2170000076293945,-4.734000205993652,-11.657999992370605
675,10.670999526977539,-2.0920000076293945,-3.0980000495910645
678,7.025000095367432,-3.869999885559082,-4.059000015258789
681,5.4039998054504395,-2.88100004196167,-0.7570000290870667
684,-9.857000350952148,4.190999984741211,-7.288000106811523
687,12.390000343322754,1.0750000476837158,-8.437999725341797
690,-7.603000164031982,2.6519999504089355,-8.029000282287598
693,-5.801000118255615,0.5220000147819519,-7.3480000495910645
696,-5.514999866485596,2.3989999294281006,-5.13700008392334
699,-5.993000030517578,-1.3359999656677246,-3.9730000495910645
702,7.964000225067139,-6.234000205993652,-5.2220001220703125
705,-9.564000129699707,-2.0399999618530273,-8.470999717712402
708,-7.38100004196167,-2.382999897003174,-10.015999794006348
711,-7.25,-1.7230000495910645,-6.4629998207092285
714,-7.081999778747559,-3.690999984741211,-3.428999900817871
717,-10.812999725341797,-5.855000019073486,-1.687000036239624
720,2.121999979019165,1.899999976158142,-3.808000087738037
723,1.343999981880188,2.3459999561309814,-6.258999824523926
726,0.375,4.599999904632568,-7.2829999923706055
729,0.9890000224113464,-2.056999921798706,-8.069999694824219
732,3.1489999294281006,-1.6449999809265137,-1.7339999675750732
735,1.996000051498413,-2.109999895095825,-4.071000099182129
738,-1.8509999513626099,-7.0329999923706055,-2.884999990463257
741,-1.86899995803833,-5.434999942779541,-5.138000011444092
744,-1.194000005722046,-6.36299991607666,-7.706999778747559
747,-0.7929999828338623,-3.8970000743865967,-8.687000274658203
750,1.1109999418258667,-4.7779998779296875,-3.8469998836517334
753,1.3380000591278076,-6.581999778747559,-0.6729999780654907
756,5.955999851226807,-2.5260000228881836,10.395999908447266
759,8.366000175476074,1.0210000276565552,13.954999923706055
762,7.2829999923706055,0.39500001072883606,-10.79800033569336
765,9.16100025177002,-1.7070000171661377,11.107999801635742
768,2.9140000343322754,-2.615000009536743,13.098999977111816
771,0.5090000033378601,-4.355000019073486,13.819000244140625
774,-9.774999618530273,0.8759999871253967,11.458000183105469
777,11.663000106811523,-0.7149999737739563,11.906000137329102
780,-9.708999633789063,-0.210999995470047,7.293000221252441
783,-2.953000068664551,-1.5640000104904175,12.946000099182129
786,-6.452000141143799,1.8229999542236328,-12.677000045776367
789,6.228000164031982,-0.3190000057220459,12.652999877929688
792,11.5600004196167,-5.2129998207092285,13.48900032043457
795,-8.336999893188477,-5.4679999351501465,12.392000198364258
798,11.916999816894531,-1.565999984741211,8.831000328063965
801,11.26200008392334,1.0449999570846558,-13.020000457763672
804,-7.953999996185303,-3.6549999713897705,-12.425000190734863
807,5.343999862670898,-2.552999973297119,14.076000213623047
810,-5.7789998054504395,-2.065000057220459,13.15999984741211
813,-2.8420000076293945,-3.9200000762939453,14.25
816,2.944000005722046,0.2879999876022339,-10.687000274658203
819,1.680999994277954,-0.2680000066757202,12.227999687194824
822,-3.0969998836517334,-3.140000104904175,-9.907999992370605
825,-4.994999885559082,-0.2750000059604645,-11.746999740600586
828,-2.197999954223633,0.27300000190734863,-12.185999870300293
831,-3.750999927520752,-7.063000202178955,12.727999687194824
834,-4.715000152587891,12.553999900817871,9.418999671936035
837,-1.0199999809265137,-6.565000057220459,12.810999870300293
840,-3.8259999752044678,-4.306000232696533,-7.072000026702881
843,-5.050000190734863,-1.222000002861023,-9.194999694824219
846,3.8369998931884766,0.8529999852180481,14.005000114440918
849,2.552999973297119,-6.083000183105469,9.795999526977539
852,-4.105000019073486,5.26800012588501,-10.725000381469727
855,-0.20800000429153442,-6.013000011444092,10.274999618530273
858,1.1970000267028809,1.312999963760376,6.830999851226807
861,1.2120000123977661,-3.3949999809265137,-10.847999572753906
864,10.302000045776367,5.552000045776367,13.411999702453613
867,6.5970001220703125,0.8489999771118164,2.2300000190734863
870,5.995999813079834,9.605999946594238,9.918999671936035
873,11.395000457763672,6.816999912261963,6.997000217437744
876,-11.055999755859375,5.275000095367432,9.104000091552734
879,11.937000274658203,-9.307999610900879,11.038999557495117
882,5.081999778747559,4.125,10.569999694824219
885,10.048999786376953,4.454999923706055,3.3980000019073486
888,8.498000144958496,2.056999921798706,4.107999801635742
891,8.041999816894531,4.922999858856201,1.2569999694824219
894,-9.86299991607666,2.1679999828338623,8.579999923706055
897,-10.979000091552734,3.563999891281128,13.397000312805176
900,-5.919000148773193,8.26200008392334,6.580999851226807
903,-8.586999893188477,9.022000312805176,5.361999988555908
906,-8.253000259399414,8.614999771118164,0.8080000281333923
909,-2.940000057220459,4.361000061035156,8.595000267028809
912,-3.681999921798706,6.744999885559082,9.638999938964844
915,-5.632999897003174,8.696999549865723,9.595999717712402
918,-7.900000095367432,5.734000205993652,4.131999969482422
921,-6.642000198364258,2.2720000743865967,2.9230000972747803
924,-5.333000183105469,5.61899995803833,6.757999897003174
927,0.0820000022649765,4.039000034332275,3.364000082015991
930,0.08100000023841858,-1.9789999723434448,10.819999694824219
933,-9.494999885559082,6.25,6.379000186920166
936,9.317000389099121,6.059000015258789,5.51800012588501
939,3.625,1.6349999904632568,0.12999999523162842
942,4.1579999923706055,10.305999755859375,2.5940001010894775
945,8.583999633789063,8.432999610900879,4.794000148773193
948,-0.1899999976158142,4.4039998054504395,9.53600025177002
951,1.3630000352859497,8.899999618530273,4.064000129699707
954,-4.473999977111816,2.436000108718872,9.934000015258789
957,-2.999000072479248,-0.6190000176429749,2.9769999980926514
960,5.640999794006348,3.3010001182556152,0.49399998784065247
963,0.09300000220537186,6.521999835968018,6.135000228881836
966,7.2789998054504395,1.6859999895095825,10.8100004196167
969,-1.8519999980926514,0.8169999718666077,11.307999610900879
972,4.063000202178955,1.9789999723434448,-7.077000141143799
975,4.5,11.081000328063965,-3.7760000228881836
978,6.339000225067139,9.722999572753906,1.1629999876022339
981,3.3919999599456787,4.999000072479248,-2.6470000743865967
984,6.324999809265137,5.142000198364258,-1.8200000524520874
987,11.437999725341797,2.38100004196167,-0.9629999995231628
990,9.722999572753906,10.746000289916992,-0.5799999833106995
993,-10.149999618530273,10.628000259399414,0.7919999957084656
996,10.194000244140625,7.182000160217285,-2.809000015258789
999,-10.640999794006348,6.24399995803833,-3.8489999771118164
1002,-10.376999855041504,8.861000061035156,3.069999933242798
1005,11.145000457763672,9.062000274658203,5.068999767303467
1008,8.972000122070313,3.7980000972747803,-0.8920000195503235
1011,11.184000015258789,-0.4339999854564667,-1.121999979019165
1014,-4.244999885559082,3.0,-0.847000002861023
1017,-10.475000381469727,3.8329999446868896,-2.319000005722046
1020,12.503999710083008,3.7780001163482666,2.4489998817443848
1023,6.938000202178955,7.995999813079834,-2.7039999961853027
1026,-9.411999702453613,8.369999885559082,-2.4719998836517334
1029,-5.869999885559082,5.659999847412109,-0.9520000219345093
1032,-2.990000009536743,5.771999835968018,-1.61899995803833
1035,-5.827000141143799,9.62399959564209,1.2829999923706055
1038,-2.7170000076293945,10.847999572753906,2.99399995803833
1041,-9.460000038146973,6.468999862670898,1.9769999980926514
1044,-4.543000221252441,3.638000011444092,1.9299999475479126
1047,-1.5770000219345093,2.1700000762939453,-0.8510000109672546
1050,0.28600001335144043,3.799999952316284,-2.3420000076293945
1053,0.12700000405311584,1.7920000553131104,1.4800000190734863
1056,-5.215000152587891,8.010000228881836,3.812000036239624
1059,-9.081000328063965,5.922999858856201,-0.765999972820282
1062,-0.8159999847412109,6.35099983215332,-0.08500000089406967
1065,-0.5109999775886536,9.010000228881836,-0.8569999933242798
1068,0.6589999794960022,6.828000068664551,2.306999921798706
1071,-1.156999945640564,-0.8550000190734863,0.765999972820282
1074,2.8389999866485596,8.102999687194824,-0.8220000267028809
1077,8.253000259399414,7.644999980926514,2.0869998931884766
1080,4.260000228881836,7.508999824523926,-5.763000011444092
1083,6.22599983215332,6.380000114440918,-10.51099967956543
1086,8.743000030517578,7.35099983215332,-9.73799991607666
1089,8.986000061035156,9.04699993133545,-5.705999851226807
1092,6.504000186920166,6.098999977111816,-4.894000053405762
1095,9.140999794006348,7.9670000076293945,-0.5659999847412109
1098,7.730999946594238,2.2839999198913574,-7.057000160217285
1101,5.188000202178955,2.1589999198913574,-9.932999610900879
1104,7.438000202178955,3.8580000400543213,-9.404000282287598
1107,8.380999565124512,6.008999824523926,-7.331999778747559
1110,9.9350004196167,4.169000148773193,-3.9560000896453857
1113,7.453000068664551,2.999000072479248,-4.258999824523926
1116,11.279999732971191,9.652000427246094,-8.267999649047852
1119,-10.03600025177002,10.737000465393066,-9.687999725341797
1122,-6.6579999923706055,10.1850004196167,-7.934999942779541
1125,-6.264999866485596,8.571999549865723,-3.9159998893737793
1128,-7.980000019073486,8.944000244140625,-5.802999973297119
1131,-10.520000457763672,10.157999992370605,-4.27400016784668
1134,11.133999824523926,4.510000228881836,-6.497000217437744
1137,-10.038999557495117,7.935999870300293,-7.171000003814697
1140,-8.420999526977539,5.203999996185303,-5.2230000495910645
1143,-6.34499979019165,5.848999977111816,-3.625999927520752
1146,-0.796999990940094,5.7230000495910645,-4.14300012588501
1149,10.932999610900879,7.39900016784668,-6.7789998054504395
1152,-5.084000110626221,10.434000015258789,-5.502999782562256
1155,-4.1570000648498535,6.026000022888184,-8.135000228881836
1158,0.7289999723434448,6.765999794006348,-9.142000198364258
1161,1.9570000171661377,8.057999610900879,-6.984000205993652
1164,-0.7609999775886536,8.456000328063965,-4.488999843597412
1167,-3.13700008392334,9.604000091552734,-3.7090001106262207
1170,-3.690999984741211,4.9120001792907715,-4.179999828338623
1173,-2.1540000438690186,4.946000099182129,-6.493000030517578
1176,-1.5980000495910645,6.60699987411499,-10.58899974822998
1179,2.678999900817871,7.704999923706055,-3.446000099182129
1182,4.788000106811523,3.8350000381469727,-4.960000038146973
1185,2.1410000324249268,5.377999782562256,-5.236000061035156
1188,5.52400016784668,11.446999549865723,11.697999954223633
1191,4.985000133514404,9.079000473022461,13.585000038146973
1194,4.6479997634887695,8.501999855041504,-11.097000122070313
1197,-11.119999885559082,7.945000171661377,12.458999633789063
1200,10.529999732971191,9.64900016784668,11.47700023651123
1203,6.250999927520752,5.35699987411499,14.034000396728516
1206,8.944000244140625,11.704999923706055,11.842000007629395
1209,-9.38599967956543,7.216000080108643,10.388999938964844
1212,-7.585999965667725,9.206000328063965,11.529000282287598
1215,-7.514999866485596,5.571000099182129,-12.49899959564209
1218,-9.11299991607666,8.23799991607666,-10.008999824523926
1221,10.708999633789063,5.876999855041504,-11.194999694824219
1224,11.725000381469727,2.427999973297119,-10.73900032043457
1227,-7.836999893188477,2.9200000762939453,12.048999786376953
1230,-8.062999725341797,4.295000076293945,7.953999996185303
1233,-9.887999534606934,4.5920000076293945,-11.486000061035156
1236,-10.984000205993652,5.949999809265137,-9.347999572753906
1239,10.09000015258789,4.264999866485596,-9.244000434875488
1242,-4.798999786376953,8.411999702453613,-11.968999862670898
1245,-3.0999999046325684,7.835000038146973,12.92300033569336
1248,-1.25,5.478000164031982,12.057999610900879
1251,-2.818000078201294,8.319000244140625,-8.86400032043457
1254,-3.7920000553131104,10.503999710083008,-10.105999946594238
1257,-6.71999979019165,9.46399974822998,-10.494999885559082
1260,-6.8460001945495605,3.9070000648498535,-10.487000465393066
1263,-5.3429999351501465,5.675000190734863,12.767000198364258
1266,-1.4670000076293945,2.489000082015991,13.486000061035156
1269,0.12099999934434891,-0.6439999938011169,-11.119999885559082
1272,-3.1029999256134033,4.6479997634887695,-13.170000076293945
1275,-7.308000087738037,6.041999816894531,-8.479000091552734
1278,1.1449999809265137,3.2750000953674316,13.467000007629395
1281,6.578999996185303,7.170000076293945,12.043000221252441
1284,2.121999979019165,7.335000038146973,-11.4350004196167
1287,4.455999851226807,3.5280001163482666,13.135000228881836
1290,8.102999687194824,3.809000015258789,12.555999755859375
1293,0.1420000046491623,5.7829999923706055,-12.583000183105469
