0,3.6419999599456787,-5.051000118255615,7.99399995803833
3,9.104999542236328,10.512999534606934,9.616999626159668
6,9.725000381469727,-4.947999954223633,8.319999694824219
9,-10.86299991607666,-8.432000160217285,8.045000076293945
12,12.567999839782715,-5.697999954223633,8.065999984741211
15,7.894999980926514,-3.053999900817871,6.565000057220459
18,8.848999977111816,10.684000015258789,6.90500020980835
21,10.199999809265137,13.135000228881836,8.777000427246094
24,11.583999633789063,11.057000160217285,6.7870001792907715
27,9.147000312805176,-7.4670000076293945,6.710000038146973
30,-10.052000045776367,11.72599983215332,9.446000099182129
33,6.119999885559082,11.178999900817871,7.5929999351501465
36,-7.935999870300293,-5.40500020980835,9.430999755859375
39,-10.42300033569336,-7.388999938964844,5.63700008392334
42,-2.490999937057495,-6.317999839782715,4.99399995803833
45,-2.697999954223633,-6.541999816894531,7.49399995803833
48,-0.7260000109672546,-5.688000202178955,9.585000038146973
51,-4.572000026702881,-7.586999893188477,9.454000473022461
54,-6.008999824523926,-6.050000190734863,7.572999954223633
57,-4.297999858856201,12.111000061035156,4.877999782562256
60,-6.934999942779541,-9.156999588012695,6.10099983215332
63,4.88700008392334,11.503000259399414,9.902000427246094
66,-2.1589999198913574,11.194999694824219,9.673999786376953
69,-4.896999835968018,12.130999565124512,9.569999694824219
72,2.2760000228881836,-8.130999565124512,5.5370001792907715
75,-0.5770000219345093,-8.470999717712402,5.067999839782715
78,2.9010000228881836,-6.192999839782715,3.0999999046325684
81,6.304999828338623,-7.685999870300293,7.24399995803833
84,1.9579999446868896,-6.298999786376953,9.704000473022461
87,2.7279999256134033,-9.00100040435791,9.404000282287598
90,1.9149999618530273,11.996999740600586,7.073999881744385
93,-1.0609999895095825,11.692000389099121,6.943999767303467
96,3.63100004196167,-8.701000213623047,2.865999937057495
99,4.692999839782715,-9.406999588012695,5.98199987411499
102,5.748000144958496,12.567999839782715,12.230999946594238
105,6.03000020980835,-7.039000034332275,11.807000160217285
108,5.815000057220459,-5.249000072479248,-1.7790000438690186
111,8.128000259399414,-5.880000114440918,2.1679999828338623
114,6.3460001945495605,-5.119999885559082,8.032999992370605
117,6.706999778747559,12.128999710083008,-1.309999942779541
120,5.775000095367432,-9.053999900817871,1.1790000200271606
123,8.201000213623047,12.045999526977539,2.3610000610351563
126,9.024999618530273,-4.355000019073486,0.20800000429153442
129,-11.125,-6.988999843597412,-1.3839999437332153
132,-8.873000144958496,-5.461999893188477,-1.8559999465942383
135,-8.187000274658203,-6.48199987411499,0.6660000085830688
138,-9.168999671936035,-6.758999824523926,3.2190001010894775
141,11.074000358581543,-9.130999565124512,4.986999988555908
144,10.532999992370605,10.638999938964844,3.015000104904175
147,11.019000053405762,-9.276000022888184,-1.399999976158142
150,-9.579999923706055,12.220999717712402,-1.781999945640564
153,-7.771999835968018,-9.335000038146973,0.5770000219345093
156,-7.823999881744385,13.105999946594238,3.6029999256134033
159,8.73799991607666,-8.144000053405762,4.117000102996826
162,-5.618000030517578,-5.50600004196167,0.953000009059906
165,-4.168000221252441,-5.901000022888184,-1.6150000095367432
168,-2.0810000896453857,-7.632999897003174,-1.9529999494552612
171,0.0689999982714653,-5.98799991607666,1.86899995803833
174,-0.3199999928474426,-0.9190000295639038,0.7490000128746033
177,-4.4720001220703125,-6.715000152587891,3.1989998817443848
180,-5.46999979019165,11.845999717712402,0.020999999716877937
183,-4.110000133514404,12.550000190734863,-2.4070000648498535
186,-0.4449999928474426,12.777999877929688,-1.0210000276565552
189,-0.08399999886751175,-8.793999671936035,2.450000047683716
192,-1.8580000400543213,11.803999900817871,1.031000018119812
195,-4.28000020980835,-9.472000122070313,2.1530001163482666
198,2.0799999237060547,-4.658999919891357,0.5199999809265137
201,3.4040000438690186,-6.446000099182129,-1.8289999961853027
204,5.980000019073486,-6.492000102996826,0.6050000190734863
207,2.111999988555908,12.14799976348877,1.065000057220459
210,4.077000141143799,-9.187999725341797,-1.6710000038146973
213,7.377999782562256,-3.6640000343322754,3.9019999504089355
216,6.684999942779541,-5.554999828338623,-6.311999797821045
219,8.557000160217285,-6.848999977111816,-8.211000442504883
222,11.246000289916992,-5.821000099182129,-8.473999977111816
225,11.98799991607666,-6.311999797821045,-5.834000110626221
228,11.190999984741211,-5.491000175476074,-3.2249999046325684
231,7.839000225067139,-5.585999965667725,-3.7119998931884766
234,7.394999980926514,12.057999610900879,-5.854000091552734
237,8.800999641418457,-9.621000289916992,-8.048999786376953
240,11.447999954223633,12.350000381469727,-8.793999671936035
243,11.972000122070313,-9.112000465393066,-6.1519999504089355
246,10.480999946594238,12.149999618530273,-3.828000068664551
249,7.8480000495910645,-8.550999641418457,-3.73799991607666
252,-8.753000259399414,-5.676000118255615,-6.3979997634887695
255,-6.810999870300293,-6.4720001220703125,-8.277000427246094
258,-4.103000164031982,-5.660999774932861,-8.86400032043457
261,-3.569000005722046,-7.261000156402588,-6.609000205993652
264,-4.701000213623047,-6.046000003814697,-4.5279998779296875
267,-7.7129998207092285,-6.682000160217285,-4.072000026702881
270,-8.579999923706055,12.347999572753906,-6.813000202178955
273,-6.953999996185303,-9.22599983215332,-8.741000175476074
276,-4.416999816894531,11.92199993133545,-8.692000389099121
279,-3.0769999027252197,12.409000396728516,-6.195000171661377
282,-5.3379998207092285,12.17199993133545,-4.9029998779296875
285,-8.079999923706055,12.70300006866455,-4.313000202178955
288,-1.3029999732971191,-5.5970001220703125,-6.324999809265137
291,0.3499999940395355,-6.453000068664551,-8.194000244140625
294,3.677999973297119,-5.7779998779296875,-8.833000183105469
297,4.114999771118164,-6.593999862670898,-6.193999767303467
300,2.2860000133514404,-5.714000225067139,-4.429999828338623
303,-0.2590000033378601,-6.689000129699707,-3.937999963760376
306,-0.3799999952316284,12.053999900817871,-6.199999809265137
309,1.0540000200271606,-9.423999786376953,-8.690999984741211
312,3.7320001125335693,11.819999694824219,-8.699999809265137
315,4.689000129699707,-9.477999687194824,-6.111999988555908
318,3.4760000705718994,11.574999809265137,-4.058000087738037
321,0.8109999895095825,-9.515000343322754,-3.7179999351501465
324,8.484000205993652,-7.427000045776367,10.335000038146973
327,9.272000312805176,-5.755000114440918,13.975000381469727
330,7.906000137329102,-5.763999938964844,-10.692000389099121
333,8.432000160217285,11.890999794006348,12.241999626159668
336,9.579000473022461,-8.831999778747559,-12.819000244140625
339,8.232999801635742,12.145999908447266,-10.732999801635742
342,12.187999725341797,-5.607999801635742,13.822999954223633
345,-10.260000228881836,-6.382999897003174,11.17300033569336
348,-5.442999839782715,-6.054999828338623,11.89900016784668
351,-6.065000057220459,-6.521999835968018,-12.432000160217285
354,-8.008999824523926,-5.619999885559082,-10.609000205993652
357,-10.678000450134277,-6.414000034332275,-10.590999603271484
360,12.142000198364258,-9.395000457763672,13.720000267028809
363,-9.402000427246094,-9.065999984741211,11.836000442504883
366,-6.927000045776367,12.199999809265137,11.392000198364258
369,-6.130000114440918,-9.425999641418457,-13.225000381469727
372,-7.59499979019165,11.805999755859375,-11.074000358581543
375,-10.130999565124512,-9.225000381469727,-10.930999755859375
378,-3.7839999198913574,-5.224999904632568,14.135000228881836
381,-1.6629999876022339,-7.423999786376953,11.64799976348877
384,1.4819999933242798,-5.942999839782715,12.359999656677246
387,2.321000099182129,-6.755000114440918,-12.373000144958496
390,0.02500000037252903,-6.053999900817871,-10.961999893188477
393,-2.740999937057495,-6.798999786376953,-10.885000228881836
396,-3.492000102996826,12.14900016784668,13.824000358581543
399,-1.5269999504089355,12.35099983215332,12.027000427246094
402,1.156999945640564,12.581999778747559,11.513999938964844
405,1.5210000276565552,-9.276000022888184,-12.961000442504883
408,-0.006000000052154064,11.656999588012695,-10.991999626159668
411,-2.5220000743865967,12.699999809265137,-10.795999526977539
414,4.863999843597412,-5.889999866485596,14.060999870300293
417,4.46999979019165,-2.6040000915527344,8.866999626159668
420,5.260000228881836,-7.0269999504089355,-10.73900032043457
423,3.996999979019165,11.890999794006348,-12.984000205993652
426,7.651000022888184,-3.9570000171661377,10.168999671936035
429,5.474999904632568,12.597000122070313,-10.659000396728516
432,8.61299991607666,2.61299991607666,5.590000152587891
435,10.378000259399414,1.2009999752044678,7.144999980926514
438,-11.08899974822998,1.2079999446868896,5.276000022888184
441,-5.710000038146973,-0.7590000033378601,8.720000267028809
444,-9.746000289916992,1.1369999647140503,9.722000122070313
447,10.890999794006348,0.7760000228881836,9.668000221252441
450,5.7769999504089355,-1.371999979019165,6.423999786376953
453,10.187000274658203,-1.6699999570846558,7.373000144958496
456,12.22700023651123,-1.9459999799728394,5.245999813079834
459,-7.791999816894531,-1.7450000047683716,7.394999980926514
462,-10.222000122070313,-3.5190000534057617,9.628999710083008
465,10.987000465393066,-2.0230000019073486,10.114999771118164
468,-9.07699966430664,2.6429998874664307,3.556999921798706
471,-9.0600004196167,0.5820000171661377,7.119999885559082
474,-4.9629998207092285,-0.4440000057220459,1.9759999513626099
477,-0.38199999928474426,3.802999973297119,4.827000141143799
480,-2.2850000858306885,1.5010000467300415,9.51200008392334
483,-4.822000026702881,1.8040000200271606,9.795000076293945
486,-3.9839999675750732,-4.242000102996826,7.676000118255615
489,-7.1579999923706055,-3.2339999675750732,4.789999961853027
492,-7.354000091552734,-6.043000221252441,5.01200008392334
495,-1.6610000133514404,-0.16200000047683716,7.11899995803833
498,-2.0,-3.316999912261963,10.390000343322754
501,-4.577000141143799,-2.8489999771118164,10.112000465393066
504,2.8410000801086426,4.9029998779296875,6.980999946594238
507,1.5429999828338623,1.496999979019165,7.39300012588501
510,1.6069999933242798,5.736999988555908,4.414000034332275
513,6.416999816894531,1.4620000123977661,6.927999973297119
516,5.452000141143799,1.6039999723434448,9.467000007629395
519,2.8359999656677246,0.8840000033378601,9.980999946594238
522,-0.4560000002384186,-2.5920000076293945,8.057999610900879
525,-4.072999954223633,-1.5509999990463257,6.693999767303467
528,-1.2910000085830688,-3.247999906539917,1.6749999523162842
531,0.11500000208616257,-3.440000057220459,5.25
534,2.1019999980926514,-5.460999965667725,5.659999847412109
537,2.0439999103546143,-1.694000005722046,9.437000274658203
540,5.256999969482422,2.7090001106262207,-1.1779999732971191
543,6.63700008392334,0.42500001192092896,-1.1319999694824219
546,9.161999702453613,1.4279999732971191,3.2090001106262207
549,5.638000011444092,-2.369999885559082,-1.093000054359436
552,8.545000076293945,0.009999999776482582,0.7269999980926514
555,2.059999942779541,-2.1730000972747803,3.6559998989105225
558,11.092000007629395,1.930999994277954,0.9620000123977661
561,11.458000183105469,1.024999976158142,-1.5520000457763672
564,-9.6850004196167,1.7630000114440918,-2.055000066757202
567,-8.305999755859375,0.7879999876022339,1.8040000200271606
570,-10.942000389099121,0.4020000100135803,2.3970000743865967
573,4.763999938964844,-2.703000068664551,4.065000057220459
576,11.081000328063965,-1.8600000143051147,1.2339999675750732
579,11.48900032043457,-1.6490000486373901,-1.4539999961853027
582,-9.29699993133545,-2.562000036239624,-1.6759999990463257
585,-8.446999549865723,-2.0269999504089355,1.093999981880188
588,-9.359999656677246,-2.0,3.618000030517578
591,9.722999572753906,-1.6030000448226929,3.6760001182556152
594,-6.077000141143799,1.8769999742507935,0.8159999847412109
597,-4.880000114440918,1.284999966621399,-1.6510000228881836
600,-2.046999931335449,1.715999960899353,-1.9079999923706055
603,1.7549999952316284,0.6790000200271606,0.5559999942779541
606,-2.621999979019165,0.9440000057220459,0.7039999961853027
609,-8.22700023651123,3.3570001125335693,6.0929999351501465
612,-6.078000068664551,-2.7720000743865967,0.3779999911785126
615,-4.749000072479248,-1.9170000553131104,-1.8609999418258667
618,-2.306999921798706,-2.884999990463257,-0.8709999918937683
621,0.5210000276565552,-2.943000078201294,-1.1360000371932983
624,-2.4719998836517334,-3.5859999656677246,4.335999965667725
627,-4.638000011444092,-2.069999933242798,4.129000186920166
630,2.686000108718872,3.134999990463257,3.184000015258789
633,3.135999917984009,0.7179999947547913,-1.9329999685287476
636,4.09499979019165,2.7269999980926514,5.986000061035156
639,2.99399995803833,-1.8539999723434448,-1.0399999618530273
642,1.9429999589920044,0.5109999775886536,3.313999891281128
645,4.632999897003174,-4.284999847412109,1.7690000534057617
648,7.14900016784668,1.7949999570846558,-6.146999835968018
651,8.89799976348877,1.4270000457763672,-8.168000221252441
654,11.635000228881836,1.7139999866485596,-8.692000389099121
657,11.76099967956543,1.059999942779541,-6.085999965667725
660,10.22599983215332,2.0850000381469727,-3.8440001010894775
663,7.966000080108643,0.671999990940094,-3.6570000648498535
666,7.589000225067139,-3.0840001106262207,-5.619999885559082
669,8.756999969482422,-1.809000015258789,-7.989999771118164
672,11.291000366210938,-3.009999990463257,-8.336000442504883
675,12.16100025177002,-1.680999994277954,-6.050000190734863
678,10.489999771118164,-2.5759999752044678,-4.047999858856201
681,7.428999900817871,-2.1530001163482666,-3.0789999961853027
684,-8.628999710083008,2.0829999446868896,-6.420000076293945
687,-7.196000099182129,1.1360000371932983,-8.432000160217285
690,-4.573999881744385,1.7280000448226929,-8.666999816894531
693,-3.5439999103546143,0.8299999833106995,-6.0920000076293945
696,-5.381999969482422,2.052999973297119,-4.297999858856201
699,-8.027999877929688,0.7170000076293945,-4.0329999923706055
702,-8.880000114440918,-2.924999952316284,-6.40500020980835
705,-6.605999946594238,-1.7020000219345093,-8.310999870300293
708,-4.0289998054504395,-2.615000009536743,-8.883999824523926
711,-3.447999954223633,-1.9579999446868896,-6.248000144958496
714,-5.36899995803833,-3.002000093460083,-4.281000137329102
717,-7.951000213623047,-2.01200008392334,-4.124000072479248
720,-0.7440000176429749,1.2949999570846558,-6.245999813079834
723,1.0,0.3089999854564667,-8.086000442504883
726,3.440000057220459,1.465999960899353,-7.954999923706055
729,4.9039998054504395,0.07000000029802322,-6.181000232696533
732,2.513000011444092,1.2630000114440918,-4.629000186920166
735,-0.1379999965429306,0.9200000166893005,-3.5380001068115234
738,-0.8209999799728394,-2.9649999141693115,-6.686999797821045
741,1.4780000448226929,-2.246000051498413,-8.276000022888184
744,3.9660000801086426,-2.871000051498413,-8.513999938964844
747,4.942999839782715,-2.6679999828338623,-5.750999927520752
750,3.2149999141693115,-3.0829999446868896,-3.86299991607666
753,0.5009999871253967,-1.819000005722046,-3.808000087738037
756,9.038999557495117,1.3739999532699585,11.614999771118164
759,9.597999572753906,1.1130000352859497,14.390999794006348
762,7.769000053405762,1.7239999771118164,-10.654000282287598
765,9.571000099182129,-3.1019999980926514,12.218999862670898
768,10.196000099182129,-1.8910000324249268,-12.579000473022461
771,7.961999893188477,-3.1470000743865967,-10.38599967956543
774,-11.265999794006348,1.5119999647140503,13.666000366210938
777,-9.095999717712402,0.593999981880188,12.350000381469727
780,-6.63700008392334,1.7549999952316284,11.881999969482422
783,-5.644000053405762,0.6669999957084656,14.39799976348877
786,-7.456999778747559,1.9359999895095825,-10.902999877929688
789,-10.673999786376953,0.6840000152587891,-10.77400016784668
792,-10.730999946594238,-2.8450000286102295,-12.918999671936035
795,-8.907999992370605,-2.2939999103546143,12.098999977111816
798,-6.376999855041504,-3.3499999046325684,12.017000198364258
801,-5.9710001945495605,-1.9830000400543213,-12.942999839782715
804,-7.554999828338623,-2.7880001068115234,-10.736000061035156
807,-10.348999977111816,-1.996999979019165,-10.418000221252441
810,-3.191999912261963,2.3369998931884766,14.274999618530273
813,-1.6139999628067017,1.1299999952316284,12.39799976348877
816,1.4819999933242798,2.003999948501587,12.11299991607666
819,1.9830000400543213,0.3310000002384186,14.166999816894531
822,0.6100000143051147,1.7100000381469727,-10.670000076293945
825,-2.3359999656677246,1.003999948501587,-10.640999794006348
828,-3.1429998874664307,-2.5910000801086426,-13.22599983215332
831,-1.0470000505447388,-1.7330000400543213,12.28499984741211
834,1.2059999704360962,-2.9800000190734863,11.569000244140625
837,2.252000093460083,-2.440000057220459,-12.791000366210938
840,0.5870000123977661,-3.2239999771118164,-10.85099983215332
843,-2.0810000896453857,-1.7790000438690186,-10.878999710083008
846,4.294000148773193,1.7480000257492065,13.82699966430664
849,6.175000190734863,0.8980000019073486,11.930000305175781
852,5.209000110626221,0.7059999704360962,-10.736000061035156
855,4.934999942779541,-3.240000009536743,-12.857000350952148
858,5.61299991607666,-2.5290000438690186,11.723999977111816
861,5.556000232696533,-2.0320000648498535,-10.416999816894531
864,9.38700008392334,6.263999938964844,8.204999923706055
867,9.913999557495117,5.580999851226807,5.460000038146973
870,11.576000213623047,7.951000213623047,7.914000034332275
873,-8.23799991607666,8.52299976348877,6.841000080108643
876,-9.795999526977539,9.0,9.093000411987305
879,12.081000328063965,10.652999877929688,12.057999610900879
882,6.796999931335449,6.560999870300293,7.366000175476074
885,12.324000358581543,4.89300012588501,7.688000202178955
888,12.187000274658203,4.186999797821045,4.960000038146973
891,-9.26099967956543,5.874000072479248,6.392000198364258
894,-9.35200023651123,3.813999891281128,9.217000007629395
897,10.746999740600586,4.755000114440918,10.24899959564209
900,-5.875999927520752,10.069000244140625,7.5370001792907715
903,-6.031000137329102,9.89900016784668,4.889999866485596
906,-1.6469999551773071,9.302000045776367,2.1530001163482666
909,-0.8519999980926514,8.210000038146973,7.073999881744385
912,-2.678999900817871,8.590999603271484,8.97700023651123
915,-5.353000164031982,8.130999565124512,9.383000373840332
918,-6.730999946594238,3.5829999446868896,8.569999694824219
921,-7.297999858856201,6.771999835968018,3.885999917984009
924,-1.5230000019073486,7.517000198364258,4.573999881744385
927,1.1299999952316284,8.437000274658203,4.105999946594238
930,-1.871000051498413,4.494999885559082,9.35200023651123
933,-5.183000087738037,5.486000061035156,9.60099983215332
936,1.6299999952316284,9.206000328063965,6.543000221252441
939,4.197999954223633,8.519000053405762,6.084000110626221
942,5.428999900817871,10.687999725341797,4.410999774932861
945,9.541000366210938,8.329999923706055,5.313000202178955
948,6.685999870300293,8.678999900817871,9.095000267028809
951,3.684999942779541,8.826000213623047,10.170999526977539
954,0.296999990940094,5.09499979019165,7.693999767303467
957,-0.17000000178813934,1.0499999523162842,5.269000053405762
960,4.709000110626221,6.218999862670898,2.302999973297119
963,4.96999979019165,5.848999977111816,5.377999782562256
966,5.960999965667725,4.7179999351501465,9.463000297546387
969,3.3469998836517334,5.788000106811523,9.630999565124512
972,6.267000198364258,8.63599967956543,-3.8919999599456787
975,7.614999771118164,9.25,-1.5290000438690186
978,7.841000080108643,9.559000015258789,3.190000057220459
981,7.089000225067139,4.833000183105469,-1.2769999504089355
984,6.281000137329102,7.25600004196167,-0.4699999988079071
987,9.732999801635742,6.296999931335449,2.3940000534057617
990,12.767000198364258,9.16100025177002,3.6730000972747803
993,12.164999961853027,8.29699993133545,-0.8669999837875366
996,-8.876999855041504,9.423999786376953,-1.375
999,-8.180999755859375,8.819000244140625,1.2669999599456787
1002,-8.467000007629395,10.310999870300293,3.76200008392334
1005,-9.177000045776367,11.194000244140625,6.340000152587891
1008,11.34000015258789,5.864999771118164,-1.465000033378601
1011,9.604999542236328,4.166999816894531,0.10700000077486038
1014,-8.704999923706055,4.486000061035156,-1.1660000085830688
1017,-8.062000274658203,6.017000198364258,1.0579999685287476
1020,-9.789999961853027,5.449999809265137,3.196000099182129
1023,12.218000411987305,7.146999835968018,1.6820000410079956
1026,-5.510000228881836,8.829000473022461,0.4699999988079071
1029,-3.936000108718872,8.423999786376953,-1.75
1032,-1.2829999923706055,8.699999809265137,-1.8450000286102295
1035,-0.328000009059906,7.538000106811523,0.6449999809265137
1038,-2.128999948501587,10.70199966430664,4.4629998207092285
1041,-4.390999794006348,8.616999626159668,2.877000093460083
1044,-5.191999912261963,4.580999851226807,0.4519999921321869
1047,-3.950000047683716,5.5329999923706055,-1.7910000085830688
1050,-1.475000023841858,4.4710001945495605,-2.3359999656677246
1053,-0.8989999890327454,4.890999794006348,0.765999972820282
1056,-2.013000011444092,5.120999813079834,3.183000087738037
1059,-4.834000110626221,5.743000030517578,2.865000009536743
1062,2.118000030517578,9.82699966430664,-0.6899999976158142
1065,3.7170000076293945,7.683000087738037,-1.4420000314712524
1068,2.072000026702881,7.659999847412109,1.6729999780654907
1071,1.159000039100647,3.322000026702881,0.671999990940094
1074,3.437000036239624,5.2170000076293945,-0.017000000923871994
1077,7.164999961853027,7.185999870300293,1.9869999885559082
1080,6.949999809265137,9.055000305175781,-6.704999923706055
1083,9.204000473022461,8.137999534606934,-7.953000068664551
1086,11.744999885559082,9.465999603271484,-8.720000267028809
1089,12.3149995803833,8.35099983215332,-6.284999847412109
1092,11.281999588012695,9.493000030517578,-3.5799999237060547
1095,9.520000457763672,7.505000114440918,-2.3589999675750732
1098,6.961999893188477,4.614999771118164,-5.763000011444092
1101,8.909000396728516,5.4120001792907715,-7.757999897003174
1104,11.418000221252441,4.564000129699707,-8.829999923706055
1107,12.767999649047852,5.63100004196167,-6.447000026702881
1110,10.788999557495117,4.728000164031982,-4.51200008392334
1113,8.361000061035156,5.479000091552734,-3.5850000381469727
1116,-8.763999938964844,9.42199993133545,-6.445000171661377
1119,-6.86299991607666,8.154999732971191,-8.321000099182129
1122,-4.3379998207092285,9.03499984741211,-9.08899974822998
1125,-3.242000102996826,8.25100040435791,-6.303999900817871
1128,-4.611000061035156,9.395000457763672,-4.256999969482422
1131,-7.453999996185303,8.711999893188477,-3.6570000648498535
1134,-8.305000305175781,4.747000217437744,-6.041999816894531
1137,-6.854000091552734,5.2729997634887695,-8.555000305175781
1140,-3.996000051498413,4.447999954223633,-8.604000091552734
1143,-3.240000009536743,5.5289998054504395,-6.041999816894531
1146,-5.11299991607666,5.034999847412109,-4.165999889373779
1149,-7.7870001792907715,5.86299991607666,-3.4119999408721924
1152,-0.5720000267028809,9.09000015258789,-6.499000072479248
1155,0.7409999966621399,8.029000282287598,-8.682999610900879
1158,3.236999988555908,9.079000473022461,-8.786999702453613
1161,4.320000171661377,7.947999954223633,-6.552000045776367
1164,3.4079999923706055,8.880999565124512,-4.15500020980835
1167,0.40400001406669617,8.02400016784668,-3.9560000896453857
1170,-1.0950000286102295,4.040999889373779,-6.375999927520752
1173,0.7239999771118164,5.165999889373779,-8.175000190734863
1176,3.3970000743865967,4.261000156402588,-7.7270002365112305
1179,4.663000106811523,5.939000129699707,-4.646999835968018
1182,2.677999973297119,4.065000057220459,-4.97599983215332
1185,0.23999999463558197,5.353000164031982,-4.413000106811523
1188,9.041000366210938,9.241999626159668,12.380999565124512
1191,9.319999694824219,8.053000450134277,-12.486000061035156
1194,8.182000160217285,9.215999603271484,-10.223999977111816
1197,8.720999717712402,4.0269999504089355,11.923999786376953
1200,9.279999732971191,5.116000175476074,-12.515000343322754
1203,7.8379998207092285,4.545000076293945,-10.024999618530273
1206,12.439000129699707,8.604000091552734,13.821999549865723
1209,-9.579999923706055,7.848999977111816,11.611000061035156
1212,-7.071000099182129,8.967000007629395,11.711999893188477
1215,-6.071000099182129,8.157999992370605,14.17300033569336
1218,-7.696000099182129,9.079000473022461,-10.704000473022461
1221,-10.27400016784668,8.189000129699707,-10.767000198364258
1224,12.348999977111816,4.322999954223633,-13.22599983215332
1227,-9.465999603271484,5.169000148773193,11.904000282287598
1230,-6.763000011444092,4.752999782562256,11.644000053405762
1233,-5.86899995803833,5.373000144958496,-12.880999565124512
1236,-7.736999988555908,4.673999786376953,-11.159000396728516
1239,-10.732999801635742,5.456999778747559,-10.89900016784668
1242,-3.259000062942505,9.312000274658203,13.805999755859375
1245,-1.2799999713897705,8.482000350952148,11.954999923706055
1248,1.3270000219345093,9.510000228881836,11.583999633789063
1251,2.130000114440918,8.369999885559082,14.237000465393066
1254,-0.10999999940395355,8.838000297546387,-11.49899959564209
1257,-2.694999933242798,7.939000129699707,-11.03600025177002
1260,-3.305000066757202,5.26200008392334,13.40999984741211
1263,-1.0889999866485596,5.73199987411499,11.732999801635742
1266,1.4290000200271606,4.788000106811523,11.49899959564209
1269,1.7790000438690186,5.322000026702881,-13.027000427246094
1272,0.4309999942779541,4.414999961853027,-10.75
1275,-2.26200008392334,4.8979997634887695,-10.90999984741211
1278,4.901000022888184,9.092000007629395,13.881999969482422
1281,6.501999855041504,8.20199966430664,11.776000022888184
1284,5.546000003814697,8.154000282287598,-10.29800033569336
1287,4.442999839782715,4.53000020980835,-12.944999694824219
1290,6.10099983215332,5.045000076293945,12.109999656677246
1293,5.129000186920166,5.1620001792907715,-9.87399959564209
