0,7.324999809265137,-3.490000009536743,7.605000019073486
3,11.291000366210938,-7.420000076293945,8.428999900817871
6,10.838000297546387,-6.179999828338623,5.651000022888184
9,-8.182999610900879,-6.103000164031982,7.423999786376953
12,-8.881999969482422,-4.678999900817871,9.788000106811523
15,12.005000114440918,-5.26200008392334,9.972999572753906
18,9.934000015258789,10.29699993133545,7.454999923706055
21,-10.305000305175781,-9.555999755859375,7.848999977111816
24,11.881999969482422,11.279999732971191,5.869999885559082
27,-9.085000038146973,-8.17300033569336,5.9019999504089355
30,-8.369000434875488,12.51200008392334,9.961999893188477
33,9.482000350952148,12.75100040435791,9.062999725341797
36,-3.4779999256134033,-5.316999912261963,7.966000080108643
39,-8.541000366210938,-3.989000082015991,5.828000068664551
42,-1.968999981880188,-4.916999816894531,5.664000034332275
45,-0.22499999403953552,-6.3460001945495605,7.355000019073486
48,-0.8159999847412109,-5.156000137329102,9.888999938964844
51,-3.4549999237060547,-5.913000106811523,10.505000114440918
54,-5.416999816894531,12.319999694824219,8.553999900817871
57,-5.7729997634887695,-7.500999927520752,7.72599983215332
60,-5.26200008392334,-9.168000221252441,5.421000003814697
63,0.4320000112056732,-8.96500015258789,7.702000141143799
66,-1.2039999961853027,12.479000091552734,9.96500015258789
69,-3.6700000762939453,-8.906999588012695,10.52400016784668
72,3.561000108718872,-5.434999942779541,7.9710001945495605
75,1.9830000400543213,-6.125999927520752,5.6579999923706055
78,4.406000137329102,-5.697999954223633,4.572000026702881
81,5.979000091552734,-7.2129998207092285,6.931000232696533
84,6.401000022888184,-3.5959999561309814,10.565999984741211
87,4.485000133514404,-5.732999801635742,10.722000122070313
90,3.4149999618530273,-9.461000442504883,7.921999931335449
93,0.032999999821186066,-8.446000099182129,5.057000160217285
96,4.186999797821045,-8.319999694824219,3.6640000343322754
99,5.302999973297119,12.725000381469727,5.979000091552734
102,6.631999969482422,-9.098999977111816,8.944999694824219
105,4.256999969482422,-8.664999961853027,10.585000038146973
108,7.927000045776367,-5.197000026702881,-1.4119999408721924
111,9.015999794006348,-5.994999885559082,1.0549999475479126
114,8.184000015258789,-5.61299991607666,5.922999858856201
117,7.729000091552734,12.46500015258789,-1.284999966621399
120,8.942000389099121,-8.928000450134277,1.0980000495910645
123,7.124000072479248,-9.0,3.203000068664551
126,11.454000473022461,-4.934999942779541,0.9480000138282776
129,-10.916000366210938,-6.315000057220459,-1.1460000276565552
132,-7.2779998779296875,-4.413000106811523,-1.4539999961853027
135,-6.96999979019165,-5.6519999504089355,1.0460000038146973
138,-8.78600025177002,-4.855000019073486,3.178999900817871
141,12.267000198364258,-6.410999774932861,3.371999979019165
144,11.843999862670898,12.571000099182129,1.2400000095367432
147,-10.725000381469727,-8.951000213623047,-1.2029999494552612
150,-7.624000072479248,-9.47599983215332,-1.1929999589920044
153,-6.938000202178955,-8.468000411987305,1.2640000581741333
156,-7.65500020980835,-9.373000144958496,3.806999921798706
159,-11.178999900817871,-9.060999870300293,3.9649999141693115
162,-4.265999794006348,-4.991000175476074,1.13100004196167
165,-2.819999933242798,-5.690000057220459,-1.1009999513626099
168,-0.02199999988079071,-4.9039998054504395,-1.5779999494552612
171,0.7170000076293945,-5.51800012588501,1.1349999904632568
174,0.03999999910593033,-4.823999881744385,3.821000099182129
177,-3.9679999351501465,-5.355999946594238,3.871000051498413
180,-4.290999889373779,-9.199000358581543,1.1330000162124634
183,-2.502000093460083,-8.458000183105469,-1.0740000009536743
186,0.07400000095367432,-9.569999694824219,-1.25600004196167
189,0.8029999732971191,-8.204000473022461,0.9419999718666077
192,-1.0520000457763672,-9.32699966430664,2.7660000324249268
195,-3.6989998817443848,-8.12399959564209,3.569000005722046
198,3.430999994277954,-5.2129998207092285,0.14800000190734863
201,5.6020002365112305,-6.561999797821045,-1.4800000190734863
204,5.515999794006348,-5.085000038146973,2.0869998931884766
207,3.1500000953674316,-9.595999717712402,1.2319999933242798
210,5.177000045776367,-9.038999557495117,-0.6890000104904175
213,7.5279998779296875,-6.28000020980835,3.4000000953674316
216,8.885000228881836,-5.052999973297119,-6.107999801635742
219,10.46399974822998,-5.853000164031982,-8.201000213623047
222,-10.663999557495117,-4.889999866485596,-8.342000007629395
225,-9.810999870300293,-6.0879998207092285,-6.056000232696533
228,-11.300999641418457,-5.2220001220703125,-3.747999906539917
231,9.503000259399414,-6.379000186920166,-3.7119998931884766
234,8.913999557495117,12.342000007629395,-5.8979997634887695
237,10.598999977111816,-9.055999755859375,-7.7179999351501465
240,-10.244999885559082,12.401000022888184,-7.671000003814697
243,-9.430000305175781,-8.765000343322754,-5.339000225067139
246,11.967000007629395,12.678000450134277,-3.7019999027252197
249,9.11400032043457,-9.07699966430664,-3.36299991607666
252,-7.159999847412109,-5.173999786376953,-5.771999835968018
255,-4.956999778747559,-5.7170000076293945,-7.2820000648498535
258,-2.2669999599456787,-5.510000228881836,-8.038000106811523
261,-1.3849999904632568,-5.797999858856201,-5.2789998054504395
264,-3.628000020980835,-4.926000118255615,-3.6610000133514404
267,-6.070000171661377,-5.892000198364258,-3.421999931335449
270,-6.821000099182129,-9.47599983215332,-5.757999897003174
273,-4.875999927520752,-8.689000129699707,-7.456999778747559
276,-2.239000082015991,-9.42300033569336,-7.751999855041504
279,-1.1039999723434448,-8.65999984741211,-4.888999938964844
282,-3.3519999980926514,-9.560999870300293,-3.5309998989105225
285,-5.9720001220703125,-8.767000198364258,-3.259999990463257
288,1.2079999446868896,-4.960999965667725,-5.168000221252441
291,2.2109999656677246,-5.974999904632568,-7.639999866485596
294,5.01800012588501,-4.964000225067139,-7.889999866485596
297,6.175000190734863,-6.058000087738037,-5.635000228881836
300,4.619999885559082,-5.138000011444092,-3.640000104904175
303,2.0880000591278076,-6.053999900817871,-2.819999933242798
306,1.1440000534057617,12.414999961853027,-5.625
309,2.763000011444092,-8.993000030517578,-7.84499979019165
312,5.440999984741211,12.803000450134277,-8.248000144958496
315,6.322000026702881,-9.102999687194824,-5.7170000076293945
318,4.445000171661377,12.70199966430664,-3.4619998931884766
321,1.809000015258789,-8.970000267028809,-3.196000099182129
324,11.133999824523926,-5.00600004196167,12.618000030517578
327,11.951000213623047,-5.794000148773193,-12.211999893188477
330,9.52400016784668,-5.0980000495910645,-10.87399959564209
333,10.265000343322754,-9.145999908447266,11.793000221252441
336,11.843000411987305,-8.555000305175781,-12.62399959564209
339,9.892000198364258,-9.215999603271484,-10.529000282287598
342,-8.83899974822998,-4.939000129699707,-12.319999694824219
345,-7.938000202178955,-5.566999912261963,12.347000122070313
348,-5.328000068664551,-5.001999855041504,12.477999687194824
351,-4.6020002365112305,-5.935999870300293,-12.166999816894531
354,-5.892000198364258,-4.840000152587891,-9.746000289916992
357,-8.401000022888184,-5.703999996185303,-9.909000396728516
360,-9.12399959564209,-9.223999977111816,-12.369999885559082
363,-7.829999923706055,-8.539999961853027,12.512999534606934
366,-5.201000213623047,-9.644000053405762,12.70199966430664
369,-4.4629998207092285,-8.6850004196167,-11.913000106811523
372,-6.019999980926514,-9.41100025177002,-9.833999633789063
375,-8.651000022888184,-8.560999870300293,-9.711999893188477
378,-1.9509999752044678,-5.2129998207092285,14.460000038146973
381,-0.13699999451637268,-6.109000205993652,12.60200023651123
384,2.453000068664551,-5.202000141143799,12.494999885559082
387,3.388000011444092,-5.5929999351501465,-12.062999725341797
390,1.5540000200271606,-4.697999954223633,-10.14799976348877
393,-0.8429999947547913,-6.11299991607666,-10.428999900817871
396,-1.7719999551773071,-9.428999900817871,-12.553000450134277
399,-0.1550000011920929,-8.958000183105469,12.458000183105469
402,2.507999897003174,-9.305999755859375,12.41100025177002
405,3.38100004196167,-8.281999588012695,-12.253000259399414
408,2.053999900817871,12.684000015258789,-10.460000038146973
411,-0.625,-9.02400016784668,-9.961999893188477
414,6.119999885559082,-4.434000015258789,-12.369999885559082
417,8.02400016784668,-4.783999919891357,12.71500015258789
420,6.96999979019165,-5.611000061035156,-10.095000267028809
423,5.828000068664551,12.567999839782715,-12.154000282287598
426,8.25,-7.804999828338623,13.104999542236328
429,7.2729997634887695,-8.432000160217285,-10.057000160217285
432,10.904999732971191,2.2980000972747803,5.59499979019165
435,-10.980999946594238,1.5119999647140503,7.8979997634887695
438,-8.255000114440918,2.5199999809265137,6.408999919891357
441,-6.909999847412109,1.1440000534057617,8.302000045776367
444,-8.406000137329102,2.2850000858306885,10.128999710083008
447,-11.04699993133545,1.6119999885559082,10.553000450134277
450,9.00100040435791,-1.3509999513626099,7.86299991607666
453,11.416000366210938,-2.8420000076293945,8.418000221252441
456,-11.187000274658203,-3.9639999866485596,6.234000205993652
459,-7.071000099182129,-1.531000018119812,8.185999870300293
462,-8.407999992370605,-2.1110000610351563,10.633999824523926
465,12.350000381469727,-1.3580000400543213,10.347999572753906
468,-4.190999984741211,1.7309999465942383,7.76200008392334
471,-5.4029998779296875,0.550000011920929,4.995999813079834
474,-3.509000062942505,4.144999980926514,6.793000221252441
477,0.9779999852180481,1.7760000228881836,7.875
480,-0.9869999885559082,2.4489998817443848,9.82800006866455
483,-3.6410000324249268,1.3240000009536743,10.383000373840332
486,-4.474999904632568,-2.515000104904175,7.874000072479248
489,-7.02400016784668,-1.5850000381469727,5.4629998207092285
492,-4.474999904632568,-2.822999954223633,5.0980000495910645
495,0.8349999785423279,-0.8759999871253967,7.947000026702881
498,-0.9070000052452087,-1.9950000047683716,9.838000297546387
501,-3.4230000972747803,-1.309999942779541,10.284000396728516
504,3.568000078201294,2.4830000400543213,7.71999979019165
507,1.0920000076293945,1.7660000324249268,5.052999973297119
510,2.575000047683716,3.2909998893737793,3.431999921798706
513,7.986000061035156,2.0309998989105225,7.427000045776367
516,6.993000030517578,2.2309999465942383,9.951000213623047
519,4.329999923706055,1.3009999990463257,10.190999984741211
522,3.2320001125335693,-2.561000108718872,8.213000297546387
525,1.843000054359436,-0.8960000276565552,5.3480000495910645
528,4.439000129699707,-1.399999976158142,4.336999893188477
531,6.309000015258789,0.5350000262260437,5.443999767303467
534,4.823999881744385,-3.4240000247955322,6.14900016784668
537,4.197000026702881,-1.4600000381469727,10.458000183105469
540,7.415999889373779,2.865999937057495,-1.8600000143051147
543,8.571000099182129,1.3270000219345093,0.04100000113248825
546,10.14799976348877,2.2330000400543213,2.868000030517578
549,8.36299991607666,-2.1740000247955322,-1.1139999628067017
552,9.496000289916992,-0.9390000104904175,1.1740000247955322
555,8.708999633789063,0.12300000339746475,3.950000047683716
558,11.329999923706055,2.0950000286102295,0.20900000631809235
561,-10.163000106811523,1.2730000019073486,-1.531999945640564
564,-7.675000190734863,2.625999927520752,-1.4290000200271606
567,-6.849999904632568,1.3949999809265137,0.8820000290870667
570,-7.195000171661377,2.0190000534057617,3.4739999771118164
573,10.687999725341797,-0.6200000047683716,5.699999809265137
576,11.791999816894531,-2.3459999561309814,1.2769999504089355
579,-10.222000122070313,-1.4190000295639038,-1.1019999980926514
582,-7.599999904632568,-1.3370000123977661,-1.5299999713897705
585,-6.514999866485596,-1.3769999742507935,1.3730000257492065
588,-8.527000427246094,-1.9789999723434448,3.244999885559082
591,12.267999649047852,-2.243000030517578,4.048999786376953
594,-4.386000156402588,2.671999931335449,0.9129999876022339
597,-2.7249999046325684,1.6039999723434448,-1.0829999446868896
600,-0.21299999952316284,2.7149999141693115,-1.315999984741211
603,0.8220000267028809,1.6729999780654907,1.1059999465942383
606,-1.1399999856948853,2.390000104904175,3.109999895095825
609,-3.3959999084472656,0.8259999752044678,2.875999927520752
612,-3.9000000953674316,-2.3989999294281006,1.2059999704360962
615,-2.6089999675750732,-1.274999976158142,-1.0180000066757202
618,0.010999999940395355,-1.9539999961853027,-1.652999997138977
621,1.1890000104904175,-1.437999963760376,0.8270000219345093
624,0.4000000059604645,-2.2149999141693115,3.2709999084472656
627,-2.2320001125335693,-1.6720000505447388,3.311000108718872
630,3.367000102996826,2.7049999237060547,0.6840000152587891
633,5.133999824523926,1.5870000123977661,-1.3389999866485596
636,4.736000061035156,2.7960000038146973,5.2170000076293945
639,3.243000030517578,-2.742000102996826,-0.6869999766349792
642,6.315000057220459,-0.4880000054836273,-0.15299999713897705
645,5.122000217437744,-2.4189999103546143,1.75600004196167
648,8.48799991607666,2.740999937057495,-6.044000148773193
651,10.28499984741211,1.5440000295639038,-7.699999809265137
654,-10.541999816894531,2.490999937057495,-7.978000164031982
657,-9.713000297546387,1.6829999685287476,-5.599999904632568
660,-11.354999542236328,2.493000030517578,-3.703000068664551
663,9.651000022888184,1.6950000524520874,-3.203000068664551
666,8.9350004196167,-2.3329999446868896,-5.7769999504089355
669,9.982000350952148,-1.2760000228881836,-7.931000232696533
672,-10.666999816894531,-1.9930000305175781,-8.175999641418457
675,-9.515000343322754,-1.378000020980835,-5.599999904632568
678,-10.979000091552734,-2.3510000705718994,-3.502000093460083
681,9.935999870300293,-1.2089999914169312,-3.260999917984009
684,-7.081999778747559,2.9690001010894775,-5.923999786376953
687,-5.019999980926514,1.5230000019073486,-7.505000114440918
690,-2.563999891281128,2.380000114440918,-8.303000450134277
693,-1.6319999694824219,1.378000020980835,-5.896999835968018
696,-3.2929999828338623,3.0810000896453857,-3.625
699,-5.952000141143799,2.0209999084472656,-3.5759999752044678
702,-7.0329999923706055,-2.2760000228881836,-5.854000091552734
705,-5.182000160217285,-1.2990000247955322,-7.64900016784668
708,-2.7899999618530273,-2.6549999713897705,-8.031000137329102
711,-1.7929999828338623,-1.3819999694824219,-5.76200008392334
714,-3.496999979019165,-2.2960000038146973,-3.765000104904175
717,-5.989999771118164,-0.7770000100135803,-3.569999933242798
720,0.8109999895095825,2.450000047683716,-5.896999835968018
723,2.6429998874664307,1.4420000314712524,-7.666999816894531
726,5.304999828338623,2.140000104904175,-7.97599983215332
729,6.058000087738037,1.4869999885559082,-5.394000053405762
732,4.3520002365112305,2.8970000743865967,-3.563999891281128
735,1.715000033378601,1.996000051498413,-3.2920000553131104
738,0.8119999766349792,-2.3570001125335693,-5.610000133514404
741,2.7060000896453857,-1.3600000143051147,-7.197000026702881
744,5.198999881744385,-2.2039999961853027,-7.843999862670898
747,6.13100004196167,-1.2790000438690186,-5.515999794006348
750,4.063000202178955,-2.253000020980835,-3.7009999752044678
753,1.8049999475479126,-0.8320000171661377,-3.4619998931884766
756,10.78499984741211,2.5399999618530273,12.112000465393066
759,11.505999565124512,1.5149999856948853,-12.67300033569336
762,10.081000328063965,2.3239998817443848,-10.392999649047852
765,10.602999687194824,-2.3269999027252197,12.178000450134277
768,11.574999809265137,-1.2949999570846558,-12.295999526977539
771,9.48799991607666,-2.382999897003174,-10.458000183105469
774,-9.416999816894531,2.2780001163482666,-12.196000099182129
777,-7.934999942779541,1.309999942779541,12.579000473022461
780,-5.15500020980835,2.3480000495910645,12.550000190734863
783,-4.2270002365112305,1.8370000123977661,-12.156999588012695
786,-5.820000171661377,2.0920000076293945,-9.961999893188477
789,-8.793000221252441,1.2489999532699585,-9.840999603271484
792,-9.517999649047852,-2.253999948501587,-12.085000038146973
795,-7.591000080108643,-1.7100000381469727,13.232999801635742
798,-4.827000141143799,-2.253999948501587,12.592000007629395
801,-4.197999954223633,-1.0509999990463257,-12.319999694824219
804,-5.914999961853027,-2.125,-10.243000030517578
807,-8.47599983215332,-1.347000002861023,-9.616000175476074
810,-1.3630000352859497,2.6080000400543213,-12.538999557495117
813,-0.09000000357627869,1.8630000352859497,12.182999610900879
816,2.562000036239624,2.7699999809265137,12.508999824523926
819,3.252000093460083,1.7860000133514404,-12.140000343322754
822,1.5850000381469727,2.2190001010894775,-10.043999671936035
825,-0.8389999866485596,1.11899995803833,-9.986000061035156
828,-1.6770000457763672,-2.5769999027252197,-12.503999710083008
831,-0.08900000154972076,-1.7680000066757202,12.4399995803833
834,2.615000009536743,-2.4000000953674316,12.432999610900879
837,3.0390000343322754,-0.9639999866485596,-12.343000411987305
840,1.6720000505447388,-1.8600000143051147,-9.876999855041504
843,-1.2760000228881836,-1.6490000486373901,-10.041999816894531
846,6.182000160217285,2.815999984741211,-12.538999557495117
849,8.093999862670898,1.8289999961853027,12.585000038146973
852,7.1519999504089355,1.7059999704360962,-9.96500015258789
855,5.691999912261963,-1.7259999513626099,-12.644000053405762
858,8.243000030517578,-0.9539999961853027,12.77400016784668
861,6.873000144958496,-1.2389999628067017,-10.012999534606934
864,8.883000373840332,8.395000457763672,9.032999992370605
867,10.317999839782715,7.073999881744385,4.676000118255615
870,12.130000114440918,9.074000358581543,4.130000114440918
873,-8.399999618530273,8.779000282287598,8.074000358581543
876,-8.95300006866455,9.758999824523926,10.579999923706055
879,12.192999839782715,9.140999794006348,11.486000061035156
882,9.156000137329102,5.802999973297119,8.446999549865723
885,11.093999862670898,5.060999870300293,6.465000152587891
888,-9.944999694824219,4.495999813079834,7.4079999923706055
891,-9.336000442504883,6.28000020980835,9.376999855041504
894,-7.307000160217285,4.925000190734863,10.335000038146973
897,11.583000183105469,6.869999885559082,9.73799991607666
900,-5.638000011444092,9.604000091552734,8.23799991607666
903,-5.591000080108643,9.253000259399414,5.570000171661377
906,0.7450000047683716,9.513999938964844,5.043000221252441
909,0.33799999952316284,9.206000328063965,7.770999908447266
912,-1.746000051498413,9.694999694824219,9.64799976348877
915,-4.218999862670898,9.012999534606934,10.366999626159668
918,-5.395999908447266,5.519999980926514,8.35200023651123
921,-5.703000068664551,6.456999778747559,5.663000106811523
924,-0.07400000095367432,6.743000030517578,5.203999996185303
927,0.6489999890327454,6.386000156402588,7.941999912261963
930,-1.0210000276565552,5.427999973297119,10.006999969482422
933,-3.6689999103546143,6.26200008392334,10.781999588012695
936,2.6630001068115234,10.350000381469727,8.829000473022461
939,5.013999938964844,9.199000358581543,7.867000102996826
942,5.425000190734863,10.015999794006348,4.925000190734863
945,8.314000129699707,8.901000022888184,5.946000099182129
948,6.159999847412109,10.364999771118164,10.057000160217285
951,3.8959999084472656,8.682999610900879,11.451000213623047
954,3.259000062942505,5.230000019073486,8.02400016784668
957,3.575000047683716,5.980000019073486,3.197999954223633
960,4.800000190734863,5.506999969482422,5.671000003814697
963,6.584000110626221,6.941999912261963,7.38700008392334
966,7.0879998207092285,4.956999778747559,10.366000175476074
969,4.5970001220703125,6.043000221252441,10.52299976348877
972,8.38599967956543,9.670999526977539,-1.4010000228881836
975,9.164999961853027,9.711999893188477,1.5700000524520874
978,7.8460001945495605,10.553000450134277,3.632999897003174
981,7.265999794006348,5.432000160217285,-3.078000068664551
984,7.993000030517578,7.263999938964844,1.9279999732971191
987,9.779999732971191,5.195000171661377,2.364000082015991
990,12.01099967956543,9.755999565124512,1.4320000410079956
993,-10.569999694824219,8.9350004196167,-0.902999997138977
996,-8.0600004196167,10.175000190734863,-1.218999981880188
999,-7.072999954223633,9.199999809265137,1.222000002861023
1002,-7.453999996185303,10.194000244140625,3.8380000591278076
1005,-9.319999694824219,8.63700008392334,5.506999969482422
1008,12.199000358581543,4.638999938964844,0.8299999833106995
1011,-10.392000198364258,6.189000129699707,-1.1770000457763672
1014,-7.813000202178955,5.223999977111816,-1.4570000171661377
1017,-6.9710001945495605,6.388999938964844,1.1109999418258667
1020,-8.085000038146973,5.25,4.97599983215332
1023,-9.25100040435791,5.681000232696533,2.5260000228881836
1026,-4.453999996185303,10.371000289916992,0.9139999747276306
1029,-2.6549999713897705,9.347999572753906,-0.9369999766349792
1032,0.023000000044703484,10.081000328063965,-1.5160000324249268
1035,0.3709999918937683,8.954000473022461,1.0490000247955322
1038,-1.3329999446868896,10.177000045776367,3.0959999561309814
1041,-3.8580000400543213,9.597000122070313,3.50600004196167
1044,-4.510000228881836,5.502999782562256,0.9229999780654907
1047,-2.6480000019073486,6.189000129699707,-1.0269999504089355
1050,-0.1679999977350235,5.316999912261963,-1.9869999885559082
1053,0.5879999995231628,6.25600004196167,0.574999988079071
1056,-0.9580000042915344,5.389999866485596,2.8389999866485596
1059,-3.746999979019165,6.763999938964844,3.4170000553131104
1062,2.9119999408721924,10.02299976348877,1.121000051498413
1065,4.675000190734863,10.192000389099121,-0.875
1068,3.1410000324249268,8.854999542236328,3.740999937057495
1071,3.3949999809265137,5.468999862670898,0.5389999747276306
1074,5.138999938964844,6.323999881744385,-1.5449999570846558
1077,6.458000183105469,8.159000396728516,-0.2750000059604645
1080,8.914999961853027,9.67300033569336,-6.2220001220703125
1083,10.564000129699707,9.111000061035156,-8.118000030517578
1086,-10.227999687194824,9.48799991607666,-8.277999877929688
1089,-9.802000045776367,8.869999885559082,-5.341000080108643
1092,12.222000122070313,9.873000144958496,-3.316999912261963
1095,9.689000129699707,8.777999877929688,-3.5799999237060547
1098,9.187999725341797,5.710000038146973,-6.38100004196167
1101,10.78600025177002,6.473999977111816,-8.378000259399414
1104,-10.243000030517578,5.415999889373779,-8.616999626159668
1107,-10.048999786376953,6.2129998207092285,-5.889999866485596
1110,12.663000106811523,5.261000156402588,-3.578000068664551
1113,9.961999893188477,5.999000072479248,-3.734999895095825
1116,-7.068999767303467,9.920000076293945,-5.690999984741211
1119,-5.414999961853027,8.994999885559082,-7.577000141143799
1122,-2.5420000553131104,9.395000457763672,-7.941999912261963
1125,-1.534000039100647,9.005000114440918,-5.24399995803833
1128,-3.555999994277954,9.98900032043457,-3.5199999809265137
1131,-6.269999980926514,9.246999740600586,-3.122999906539917
1134,-7.36899995803833,5.64900016784668,-5.8420000076293945
1137,-5.421999931335449,6.293000221252441,-7.668000221252441
1140,-2.7190001010894775,5.209000110626221,-8.166000366210938
1143,-1.6720000505447388,6.198999881744385,-5.755000114440918
1146,-3.572999954223633,5.869999885559082,-3.6679999828338623
1149,-6.375999927520752,6.519000053405762,-3.313999891281128
1152,1.0889999866485596,9.46399974822998,-6.006999969482422
1155,2.7339999675750732,8.621000289916992,-8.12600040435791
1158,5.413000106811523,9.967000007629395,-8.362000465393066
1161,6.283999919891357,8.864999771118164,-6.021999835968018
1164,4.605000019073486,9.888999938964844,-3.558000087738037
1167,1.9279999732971191,9.232000350952148,-3.2980000972747803
1170,0.8610000014305115,5.434000015258789,-6.063000202178955
1173,2.931999921798706,6.070000171661377,-7.784999847412109
1176,5.489999771118164,4.99399995803833,-8.199000358581543
1179,6.315999984741211,6.208000183105469,-5.651000022888184
1182,4.109000205993652,5.710000038146973,-4.01200008392334
1185,1.625,6.429999828338623,-3.625999927520752
1188,9.932999610900879,10.555000305175781,11.581999778747559
1191,11.29699993133545,9.170000076293945,14.310999870300293
1194,9.397000312805176,9.892999649047852,-10.567999839782715
1197,10.35200023651123,5.189000129699707,11.854000091552734
1200,11.177000045776367,6.195000171661377,-12.72700023651123
1203,9.71399974822998,5.074999809265137,-10.631999969482422
1206,-9.545999526977539,10.237000465393066,-12.456999778747559
1209,-7.796000003814697,8.857000350952148,13.045999526977539
1212,-5.3379998207092285,9.869999885559082,12.760000228881836
1215,-3.802999973297119,9.406999588012695,-12.109999656677246
1218,-5.7820000648498535,10.225000381469727,-10.125
1221,-8.321000099182129,8.868000030517578,-10.192000389099121
1224,-9.817000389099121,5.052999973297119,-12.767000198364258
1227,-7.763999938964844,6.093999862670898,12.807999610900879
1230,-5.0329999923706055,5.364999771118164,12.866000175476074
1233,-3.750999927520752,6.357999801635742,-11.871000289916992
1236,-5.906000137329102,5.1620001792907715,-10.45199966430664
1239,-8.454999923706055,6.074999809265137,-10.529999732971191
1242,-1.246999979019165,10.194000244140625,-12.237000465393066
1245,-0.42399999499320984,9.182000160217285,12.355999946594238
1248,1.7419999837875366,10.598999977111816,11.40999984741211
1251,3.5490000247955322,8.706999778747559,-12.52400016784668
1254,1.9390000104904175,9.855999946594238,-10.503000259399414
1257,-0.6949999928474426,8.85200023651123,-9.91100025177002
1260,-1.350000023841858,5.3979997634887695,-12.395999908447266
1263,-0.013000000268220901,6.35099983215332,12.560999870300293
1266,2.7109999656677246,5.466000080108643,12.404000282287598
1269,3.6389999389648438,5.974999904632568,-12.25100040435791
1272,1.8079999685287476,4.966000080108643,-9.956000328063965
1275,-0.6570000052452087,6.142000198364258,-9.885000228881836
1278,6.047999858856201,9.819000244140625,-12.572999954223633
1281,7.406000137329102,9.387999534606934,12.26099967956543
1284,6.952000141143799,8.720000267028809,-10.263999938964844
1287,6.2870001792907715,5.556000232696533,-12.888999938964844
1290,7.991000175476074,6.7129998207092285,12.293999671936035
1293,7.005000114440918,6.002999782562256,-10.262999534606934
