0,1.7269999980926514,-2.1449999809265137,4.706999778747559
3,6.11299991607666,9.800000190734863,-11.503000259399414
6,8.614999771118164,0.7689999938011169,-7.710999965667725
9,12.291000366210938,11.508000373840332,1.4730000495910645
12,-4.1579999923706055,-6.671999931335449,-12.480999946594238
15,5.659999847412109,7.730999946594238,7.738999843597412
18,4.1020002365112305,8.166000366210938,10.032999992370605
21,4.506999969482422,5.586999893188477,11.081999778747559
24,5.664999961853027,9.218999862670898,5.260000228881836
27,8.616000175476074,-7.355999946594238,-11.609999656677246
30,9.760000228881836,9.251999855041504,9.413999557495117
33,6.974999904632568,-8.298999786376953,7.431000232696533
36,-9.001999855041504,-5.876999855041504,5.706999778747559
39,-9.99899959564209,-6.627999782562256,10.432999610900879
42,0.5699999928474426,-8.510000228881836,5.51800012588501
45,-7.835999965667725,-5.2870001792907715,9.748000144958496
48,1.1390000581741333,-7.6620001792907715,8.071999549865723
51,-9.928000450134277,-7.224999904632568,7.835000038146973
54,-4.988999843597412,0.45899999141693115,10.449999809265137
57,-9.236000061035156,10.836000442504883,3.253000020980835
60,-6.3379998207092285,-6.795000076293945,5.756999969482422
63,7.5269999504089355,4.750999927520752,7.5320000648498535
66,-1.5959999561309814,11.527999877929688,14.022000312805176
69,-3.864000082015991,13.225000381469727,7.348999977111816
72,0.8709999918937683,11.175000190734863,-12.112000465393066
75,9.894000053405762,1.559999942779541,8.718000411987305
78,-6.824999809265137,3.3289999961853027,-1.819000005722046
81,-5.513999938964844,0.6100000143051147,3.4709999561309814
84,3.0329999923706055,12.375,7.300000190734863
87,-4.067999839782715,10.895000457763672,9.87600040435791
90,9.57800006866455,11.284000396728516,-8.888999938964844
93,-6.61299991607666,-9.045999526977539,7.214000225067139
96,7.958000183105469,-6.811999797821045,-3.5220000743865967
99,4.474999904632568,-8.944000244140625,3.2699999809265137
102,6.7170000076293945,12.484999656677246,-11.333000183105469
105,4.514999866485596,-8.152999877929688,5.810999870300293
108,4.954999923706055,0.7210000157356262,11.875
111,11.402000427246094,-5.175000190734863,10.675999641418457
114,-2.0989999771118164,-5.318999767303467,13.381999969482422
117,5.502999782562256,6.423999786376953,-10.25
120,9.95300006866455,-7.663000106811523,1.531000018119812
123,6.817999839782715,2.8519999980926514,5.168000221252441
126,-7.414000034332275,-7.288000106811523,0.8289999961853027
129,-0.42800000309944153,12.770999908447266,-0.39100000262260437
132,-0.6169999837875366,-5.869999885559082,-2.003000020980835
135,-9.40999984741211,-8.11400032043457,4.0970001220703125
138,-3.3269999027252197,-7.541999816894531,0.22200000286102295
141,12.093999862670898,-3.3440001010894775,5.309999942779541
144,6.75,9.954000473022461,13.067000389099121
147,12.32800006866455,-3.0,-0.32899999618530273
150,-3.250999927520752,7.633999824523926,-9.109999656677246
153,-8.942999839782715,4.664999961853027,2.384999990463257
156,-10.98799991607666,-7.916999816894531,1.6729999780654907
159,8.381999969482422,-8.928000450134277,3.240000009536743
162,-6.251999855041504,1.434999942779541,0.9330000281333923
165,-9.515999794006348,3.3989999294281006,-2.680999994277954
168,-5.793000221252441,-3.992000102996826,-2.753999948501587
171,5.010000228881836,-4.71999979019165,9.13599967956543
174,-0.11400000005960464,4.4629998207092285,4.452000141143799
177,-10.371000289916992,-1.4079999923706055,3.6080000400543213
180,-5.145999908447266,12.423999786376953,0.03200000151991844
183,4.875,-7.833000183105469,-6.392000198364258
186,-3.0899999141693115,-1.093999981880188,-5.164000034332275
189,-1.2589999437332153,-6.666999816894531,4.928999900817871
192,-0.7540000081062317,-7.447999954223633,-5.63100004196167
195,-2.638000011444092,9.026000022888184,-1.277999997138977
198,5.249000072479248,-6.290999889373779,-3.994999885559082
201,-2.444999933242798,-8.9399995803833,2.812000036239624
204,-1.3170000314712524,8.684000015258789,3.924999952316284
207,-4.8429999351501465,7.035999774932861,3.7730000019073486
210,4.519000053405762,1.5579999685287476,0.734000027179718
213,5.815999984741211,1.4850000143051147,-11.791000366210938
216,1.9010000228881836,-7.794000148773193,3.1440000534057617
219,-4.636000156402588,12.357000350952148,-3.765000104904175
222,-8.128999710083008,-7.461999893188477,-5.193999767303467
225,-2.7320001125335693,-8.482000350952148,-2.2909998893737793
228,0.9760000109672546,-8.057999610900879,-2.3380000591278076
231,9.52400016784668,-8.927000045776367,-2.002000093460083
234,8.734999656677246,-5.504000186920166,2.49399995803833
237,-9.939000129699707,11.638999938964844,-4.163000106811523
240,-10.376999855041504,8.678999900817871,5.2170000076293945
243,-7.811999797821045,-9.357000350952148,-0.9959999918937683
246,9.82699966430664,10.689000129699707,-2.4000000953674316
249,11.722999572753906,-5.181000232696533,-4.589000225067139
252,5.953000068664551,1.7120000123977661,-5.1529998779296875
255,-10.166000366210938,-1.371000051498413,-4.611999988555908
258,-7.995999813079834,-0.5640000104904175,-9.626999855041504
261,-7.138000011444092,-4.757999897003174,-6.703000068664551
264,0.675000011920929,-3.9509999752044678,-0.03799999877810478
267,-4.697000026702881,-1.6160000562667847,-7.748000144958496
270,8.652000427246094,10.192000389099121,-4.840000152587891
273,11.425000190734863,10.263999938964844,-6.923999786376953
276,11.67199993133545,12.675000190734863,-12.300000190734863
279,-7.117000102996826,-7.067999839782715,13.75
282,-6.883999824523926,-3.75,-10.017000198364258
285,-8.805999755859375,10.741999626159668,-12.786999702453613
288,-6.896999835968018,0.2980000078678131,-1.7480000257492065
291,3.131999969482422,-5.98799991607666,-2.109999895095825
294,5.0370001792907715,-9.152999877929688,-9.354999542236328
297,11.5600004196167,-6.951000213623047,-2.0490000247955322
300,7.874000072479248,-3.4019999504089355,-5.684999942779541
303,-6.961999893188477,-2.7160000801086426,-5.001999855041504
306,9.196000099182129,-5.749000072479248,-5.5289998054504395
309,3.739000082015991,-2.313999891281128,-12.038000106811523
312,6.554999828338623,12.925999641418457,-5.193999767303467
315,7.567999839782715,9.74899959564209,-7.436999797821045
318,6.6579999923706055,-9.579999923706055,-2.4089999198913574
321,-2.3310000896453857,-1.1610000133514404,-10.71399974822998
324,0.09600000083446503,-3.190999984741211,-12.541999816894531
327,7.86299991607666,7.36899995803833,13.050000190734863
330,9.944000244140625,-7.541999816894531,-7.379000186920166
333,2.313999891281128,-6.089000225067139,9.934000015258789
336,9.329000473022461,11.704999923706055,-11.600000381469727
339,11.998000144958496,10.076000213623047,13.604999542236328
342,7.839000225067139,13.315999984741211,-8.218999862670898
345,-3.2769999504089355,-3.055999994277954,9.623000144958496
348,-10.149999618530273,-4.928999900817871,-6.6020002365112305
351,-6.140999794006348,-2.3499999046325684,11.557000160217285
354,-7.604000091552734,10.319000244140625,11.446000099182129
357,8.965999603271484,11.866000175476074,12.958999633789063
360,-10.850000381469727,12.82800006866455,9.128000259399414
363,6.258999824523926,11.630000114440918,8.614999771118164
366,-6.110000133514404,12.723999977111816,9.958000183105469
369,-8.795999526977539,-9.397000312805176,11.04800033569336
372,4.224999904632568,-5.433000087738037,12.267999649047852
375,-9.71500015258789,10.361000061035156,7.366000175476074
378,-2.7320001125335693,-4.681000232696533,-10.930000305175781
381,7.519999980926514,8.192000389099121,-9.586000442504883
384,-3.371999979019165,-6.730999946594238,-9.098999977111816
387,-0.7210000157356262,-8.03499984741211,10.067000389099121
390,-2.8320000171661377,-8.902000427246094,-11.4399995803833
393,-0.7490000128746033,-7.830999851226807,-9.793999671936035
396,3.0369999408721924,6.86299991607666,-11.522000312805176
399,-5.317999839782715,12.440999984741211,-12.050999641418457
402,-5.638000011444092,-7.435999870300293,11.404000282287598
405,7.363999843597412,-6.144000053405762,-9.4399995803833
408,-5.5980000495910645,-6.0,8.458999633789063
411,-8.746000289916992,-3.3929998874664307,11.887999534606934
414,3.056999921798706,2.5339999198913574,-7.951000213623047
417,3.181999921798706,0.5929999947547913,-11.65999984741211
420,-4.333000183105469,0.460999995470047,-9.435999870300293
423,6.298999786376953,-1.406000018119812,-11.623000144958496
426,4.815000057220459,-0.007000000216066837,4.431000232696533
429,6.255000114440918,6.769000053405762,-6.295000076293945
432,8.800999641418457,-7.563000202178955,12.597000122070313
435,-10.871999740600586,-0.19499999284744263,13.1899995803833
438,-2.3510000705718994,-5.047999858856201,2.9709999561309814
441,-7.377999782562256,0.5509999990463257,-12.152000427246094
444,-7.372000217437744,4.499000072479248,6.802000045776367
447,8.640999794006348,4.958000183105469,-10.446999549865723
450,2.5260000228881836,-1.0190000534057617,11.878999710083008
453,7.051000118255615,-5.473999977111816,12.074000358581543
456,9.687000274658203,-4.605999946594238,4.992000102996826
459,-9.529000282287598,4.48799991607666,13.409000396728516
462,-11.199000358581543,-1.4900000095367432,8.616999626159668
465,9.005000114440918,-2.734999895095825,6.948999881744385
468,-4.36299991607666,2.9700000286102295,4.374000072479248
471,-8.03600025177002,3.7119998931884766,11.27299976348877
474,-2.015000104904175,-0.05700000002980232,6.455999851226807
477,-3.26200008392334,7.39900016784668,7.875
480,-2.1470000743865967,-0.34299999475479126,10.53499984741211
483,-7.453000068664551,5.853000164031982,-11.42199993133545
486,-9.161999702453613,-0.8539999723434448,10.472000122070313
489,-9.369999885559082,-3.8980000019073486,-9.258000373840332
492,-0.3720000088214874,-2.109999895095825,3.0420000553131104
495,-3.7869999408721924,3.388000011444092,13.345999717712402
498,10.293000221252441,-3.371999979019165,12.312999725341797
501,-8.428000450134277,12.529000282287598,-6.289000034332275
504,1.1950000524520874,8.536999702453613,5.275000095367432
507,2.8329999446868896,-0.45899999141693115,6.855999946594238
510,-8.244000434875488,2.062999963760376,7.574999809265137
513,5.563000202178955,-0.5220000147819519,9.38700008392334
516,0.18000000715255737,0.6790000200271606,11.22700023651123
519,-10.986000061035156,1.2200000286102295,7.702000141143799
522,-0.8410000205039978,-3.5220000743865967,8.331000328063965
525,-5.660999774932861,6.11299991607666,8.157999992370605
528,-5.2829999923706055,-5.790999889373779,3.427999973297119
531,-8.404999732971191,11.932000160217285,5.539999961853027
534,-8.442000389099121,-3.2179999351501465,7.328000068664551
537,6.1620001792907715,-2.6510000228881836,7.709000110626221
540,2.48799991607666,-4.24399995803833,-4.0970001220703125
543,8.17199993133545,-9.47599983215332,0.34700000286102295
546,8.220000267028809,6.949999809265137,0.1899999976158142
549,2.75600004196167,0.37700000405311584,2.691999912261963
552,4.616000175476074,-3.0789999961853027,4.60099983215332
555,8.22700023651123,1.6050000190734863,13.175999641418457
558,-7.14900016784668,11.140999794006348,1.6720000505447388
561,-8.612000465393066,-3.4570000171661377,-0.11999999731779099
564,8.413000106811523,-0.5910000205039978,-5.465000152587891
567,3.6760001182556152,-1.694000005722046,-8.42300033569336
570,9.82699966430664,0.6359999775886536,5.006999969482422
573,-11.1850004196167,-4.123000144958496,8.303000450134277
576,-5.235000133514404,-5.460000038146973,0.7749999761581421
579,-6.642000198364258,-8.076000213623047,-3.072000026702881
582,-7.039999961853027,-1.2890000343322754,0.35100001096725464
585,-4.849999904632568,-2.0399999618530273,2.5309998989105225
588,-4.215000152587891,-2.8580000400543213,0.017000000923871994
591,10.732999801635742,12.878999710083008,7.209000110626221
594,-8.484000205993652,5.260000228881836,-4.193999767303467
597,12.045999526977539,0.29100000858306885,-1.0740000009536743
600,-1.4470000267028809,-2.6740000247955322,-3.825000047683716
603,-3.319000005722046,-7.632999897003174,9.472000122070313
606,0.5130000114440918,1.3329999446868896,-0.1420000046491623
609,-6.073999881744385,5.868000030517578,-1.4329999685287476
612,-4.1479997634887695,0.15800000727176666,-0.4740000069141388
615,1.5099999904632568,-1.840999960899353,-3.052999973297119
618,-2.3369998931884766,4.495999813079834,-2.0260000228881836
621,3.119999885559082,-2.437000036239624,9.305000305175781
624,7.218999862670898,2.430999994277954,8.83899974822998
627,-2.76200008392334,8.45199966430664,10.694000244140625
630,8.557000160217285,5.704999923706055,4.947999954223633
633,0.6389999985694885,3.8910000324249268,0.9359999895095825
636,5.705999851226807,6.122000217437744,1.3320000171661377
639,3.2119998931884766,-4.881999969482422,-10.829999923706055
642,0.33899998664855957,-0.6499999761581421,8.180000305175781
645,7.390999794006348,-6.131999969482422,8.963000297546387
648,1.4989999532699585,-1.5290000438690186,1.3370000123977661
651,-5.330999851226807,12.765000343322754,-6.735000133514404
654,-10.008000373840332,6.9629998207092285,12.244999885559082
657,7.486999988555908,-1.9149999618530273,4.448999881744385
660,-7.7789998054504395,-1.475000023841858,4.271999835968018
663,8.861000061035156,-6.169000148773193,-1.0390000343322754
666,5.2729997634887695,-3.5250000953674316,-5.111999988555908
669,-10.329999923706055,-8.550000190734863,-0.906000018119812
672,-0.12600000202655792,0.7080000042915344,-2.8529999256134033
675,-10.265999794006348,-0.8949999809265137,0.9480000138282776
678,9.800999641418457,-3.927000045776367,0.5929999947547913
681,-1.6410000324249268,-0.27399998903274536,0.5360000133514404
684,-8.486000061035156,8.798999786376953,-10.95199966430664
687,-8.904999732971191,4.525000095367432,-6.859000205993652
690,-6.724999904632568,1.534999966621399,-8.513999938964844
693,9.220000267028809,1.9299999475479126,-4.6020002365112305
696,-7.211999893188477,8.734000205993652,-3.315999984741211
699,0.6439999938011169,10.291999816894531,-7.296999931335449
702,-10.36299991607666,-3.500999927520752,-2.924999952316284
705,12.496000289916992,-2.4630000591278076,-7.145999908447266
708,9.239999771118164,4.525000095367432,-3.8510000705718994
711,-9.355999946594238,0.7630000114440918,-2.5329999923706055
714,-1.7039999961853027,-2.7360000610351563,-0.9810000061988831
717,-5.701000213623047,-3.2839999198913574,4.702000141143799
720,3.240999937057495,-0.7179999947547913,-0.6570000052452087
723,1.1859999895095825,0.9649999737739563,-5.315000057220459
726,-1.1449999809265137,9.305000305175781,-10.411999702453613
729,1.809999942779541,0.08100000023841858,-7.709000110626221
732,5.039999961853027,2.867000102996826,3.005000114440918
735,3.1510000228881836,3.686000108718872,-0.6370000243186951
738,2.006999969482422,-3.7070000171661377,6.828000068664551
741,-2.677999973297119,1.1549999713897705,-7.2210001945495605
744,2.9690001010894775,9.746000289916992,-11.319999694824219
747,9.782999992370605,2.9040000438690186,-9.097000122070313
750,1.9079999923706055,-6.289000034332275,0.8960000276565552
753,6.9629998207092285,0.25,7.127999782562256
756,3.321000099182129,-7.0269999504089355,-12.609000205993652
759,12.119999885559082,4.288000106811523,-7.994999885559082
762,10.652999877929688,5.689000129699707,-6.076000213623047
765,11.611000061035156,-7.248000144958496,13.4399995803833
768,1.4049999713897705,2.736999988555908,-10.329999923706055
771,1.1399999856948853,6.218999862670898,-7.267000198364258
774,-4.881999969482422,6.493000030517578,13.923999786376953
777,-7.934000015258789,-0.8920000195503235,-6.974999904632568
780,-7.017000198364258,8.336999893188477,9.345999717712402
783,-4.249000072479248,-4.584000110626221,11.821999549865723
786,-2.51200008392334,6.375999927520752,-6.816999912261963
789,10.598999977111816,-6.105000019073486,-9.66100025177002
792,-6.854000091552734,-1.2949999570846558,9.192000389099121
795,-0.12300000339746475,2.7279999256134033,7.263000011444092
798,2.36299991607666,-3.5789999961853027,13.144000053405762
801,-10.368000030517578,-9.152999877929688,-10.067000389099121
804,10.906999588012695,0.02800000086426735,-3.871999979019165
807,10.5,-0.22499999403953552,-10.503999710083008
810,-5.258999824523926,5.994999885559082,-9.67300033569336
813,-3.0850000381469727,8.746000289916992,13.973999977111816
816,6.98199987411499,-0.8880000114440918,-9.013999938964844
819,9.420999526977539,-7.295000076293945,6.119999885559082
822,-2.007999897003174,-1.0679999589920044,13.72599983215332
825,-8.79699993133545,3.194999933242798,-9.319999694824219
828,-3.930000066757202,-3.003000020980835,-12.803999900817871
831,4.059000015258789,-6.547999858856201,-8.621000289916992
834,2.61899995803833,-5.999000072479248,5.436999797821045
837,7.558000087738037,-3.6059999465942383,-8.446999549865723
840,1.3370000123977661,-5.927999973297119,-6.026000022888184
843,-5.580999851226807,-1.003999948501587,13.692000389099121
846,1.843000054359436,-3.746000051498413,-8.711000442504883
849,-0.8069999814033508,-3.177999973297119,-9.772000312805176
852,-0.6019999980926514,0.722000002861023,-8.979000091552734
855,-0.19900000095367432,-5.385000228881836,10.90999984741211
858,6.985000133514404,-2.9860000610351563,13.520999908447266
861,-3.510999917984009,-6.86299991607666,-5.5980000495910645
864,12.220000267028809,8.140000343322754,-11.654000282287598
867,-8.130000114440918,9.819999694824219,-0.3310000002384186
870,1.559999942779541,11.27400016784668,5.364999771118164
873,-5.333000183105469,3.2039999961853027,10.85099983215332
876,-8.706000328063965,5.985000133514404,9.319999694824219
879,-5.570000171661377,-8.63700008392334,-9.38700008392334
882,8.284000396728516,-1.2669999599456787,11.588000297546387
885,3.884999990463257,5.789000034332275,7.449999809265137
888,-10.052000045776367,1.6169999837875366,11.440999984741211
891,8.366000175476074,11.220999717712402,4.991000175476074
894,-10.135000228881836,9.557000160217285,-8.722999572753906
897,11.067000389099121,-2.0360000133514404,-12.616999626159668
900,-4.047999858856201,5.88700008392334,1.2130000591278076
903,10.375,7.785999774932861,1.3569999933242798
906,-8.329000473022461,-5.3379998207092285,-1.9730000495910645
909,-3.436000108718872,8.52299976348877,5.534999847412109
912,1.7799999713897705,10.83899974822998,2.871000051498413
915,-4.289000034332275,10.58899974822998,7.13700008392334
918,12.190999984741211,5.932000160217285,10.041999816894531
921,-1.5019999742507935,1.9390000104904175,4.644000053405762
924,-8.753000259399414,-0.6549999713897705,6.580999851226807
927,1.6160000562667847,8.343000411987305,1.0509999990463257
930,0.671999990940094,-0.43299999833106995,-12.282999992370605
933,7.9720001220703125,7.251999855041504,9.888999938964844
936,3.8350000381469727,7.829999923706055,2.2990000247955322
939,3.3469998836517334,9.531000137329102,-1.496000051498413
942,9.057999610900879,9.786999702453613,0.1080000028014183
945,4.624000072479248,10.784000396728516,2.999000072479248
948,2.6730000972747803,4.355000019073486,13.027000427246094
951,2.628000020980835,7.765999794006348,-3.6500000953674316
954,-5.506999969482422,1.4520000219345093,7.882999897003174
957,-1.2089999914169312,5.567999839782715,7.0929999351501465
960,5.464000225067139,9.196000099182129,0.2150000035762787
963,1.4010000228881836,6.8520002365112305,7.386000156402588
966,-9.345999717712402,-5.052999973297119,13.956999778747559
969,-4.473999977111816,2.552999973297119,-11.13599967956543
972,9.847999572753906,2.188999891281128,-1.25
975,6.289000034332275,-7.09499979019165,3.197999954223633
978,-0.8059999942779541,11.0600004196167,2.9200000762939453
981,-0.6079999804496765,4.4039998054504395,-4.552000045776367
984,1.8569999933242798,5.936999797821045,-0.6679999828338623
987,-7.566999912261963,7.046999931335449,0.6579999923706055
990,-1.6239999532699585,9.029000282287598,-3.9089999198913574
993,-5.855999946594238,1.9889999628067017,-5.802999973297119
996,12.628000259399414,11.201000213623047,-1.7389999628067017
999,-1.1239999532699585,11.661999702453613,-2.9670000076293945
1002,10.64799976348877,5.744999885559082,7.1539998054504395
1005,-10.824000358581543,1.090999960899353,4.99399995803833
1008,-6.203999996185303,4.232999801635742,1.9730000495910645
1011,7.324999809265137,2.4679999351501465,-1.9630000591278076
1014,-5.6579999923706055,-0.41200000047683716,-4.190999984741211
1017,-3.9769999980926514,3.683000087738037,6.863999843597412
1020,-9.555999755859375,3.678999900817871,4.941999912261963
1023,9.220999717712402,13.175999641418457,-4.968999862670898
1026,2.359999895095825,-8.914999961853027,-6.658999919891357
1029,-1.2899999618530273,6.658999919891357,-0.6150000095367432
1032,-0.550000011920929,6.119999885559082,2.1470000743865967
1035,-5.001999855041504,-3.3459999561309814,7.510000228881836
1038,-2.5139999389648438,11.392999649047852,0.6930000185966492
1041,-9.72599983215332,5.984000205993652,6.515999794006348
1044,-4.504000186920166,9.57800006866455,-3.621000051498413
1047,-4.065999984741211,2.3959999084472656,-2.190000057220459
1050,-5.410999774932861,9.489999771118164,-8.04699993133545
1053,2.6610000133514404,3.805999994277954,3.562000036239624
1056,-7.001999855041504,9.607999801635742,6.910999774932861
1059,11.96399974822998,4.669000148773193,-1.2130000591278076
1062,1.2949999570846558,12.446999549865723,-4.3520002365112305
1065,-3.1679999828338623,6.414999961853027,-3.864000082015991
1068,11.897000312805176,-8.744999885559082,-4.431000232696533
1071,2.9860000610351563,6.309000015258789,4.454999923706055
1074,0.7799999713897705,10.147000312805176,-0.777999997138977
1077,7.099999904632568,10.753999710083008,1.6699999570846558
1080,3.3239998817443848,5.4710001945495605,-5.145999908447266
1083,8.395999908447266,5.519999980926514,-7.741000175476074
1086,11.375,8.324000358581543,-4.89300012588501
1089,12.062000274658203,12.932000160217285,-7.300000190734863
1092,-10.824999809265137,6.565000057220459,0.7820000052452087
1095,-6.638999938964844,-7.234000205993652,-7.50600004196167
1098,5.908999919891357,-0.5569999814033508,-1.781000018119812
1101,1.6119999885559082,3.812999963760376,-6.171000003814697
1104,11.206999778747559,5.533999919891357,-10.940999984741211
1107,4.817999839782715,10.88700008392334,-3.1760001182556152
1110,6.425000190734863,8.47599983215332,-3.944999933242798
1113,5.5929999351501465,4.561999797821045,-1.2710000276565552
1116,-9.28499984741211,-8.928999900817871,13.881999969482422
1119,-9.331000328063965,9.121000289916992,-5.0920000076293945
1122,-6.27400016784668,-4.570000171661377,-12.864999771118164
1125,-2.944000005722046,2.878999948501587,-4.64900016784668
1128,5.400000095367432,10.994000434875488,-6.645999908447266
1131,-3.0220000743865967,11.489999771118164,-6.705999851226807
1134,7.2829999923706055,3.2209999561309814,-7.159999847412109
1137,-7.921000003814697,8.362000465393066,-7.38700008392334
1140,-0.7770000100135803,12.852999687194824,-7.432000160217285
1143,0.004999999888241291,7.136000156402588,-4.961999893188477
1146,8.567000389099121,1.5729999542236328,-11.279000282287598
1149,-4.7829999923706055,-4.484000205993652,-7.980999946594238
1152,2.2790000438690186,9.906999588012695,-5.14900016784668
1155,1.1330000162124634,-8.369999885559082,-11.906999588012695
1158,5.306000232696533,10.354999542236328,10.772000312805176
1161,3.122999906539917,10.604999542236328,-8.442999839782715
1164,3.8580000400543213,-5.5289998054504395,3.11899995803833
1167,4.682000160217285,-4.172999858856201,-7.644000053405762
1170,-3.319999933242798,-4.785999774932861,-3.390000104904175
1173,-1.2669999599456787,4.382999897003174,13.156999588012695
1176,-0.25200000405311584,9.467000007629395,11.762999534606934
1179,5.150000095367432,4.8379998207092285,-7.795000076293945
1182,7.855000019073486,6.61299991607666,-2.632999897003174
1185,11.644000053405762,-4.876999855041504,-12.4350004196167
1188,8.812999725341797,11.241000175476074,7.811999797821045
1191,6.88100004196167,7.488999843597412,3.569999933242798
1194,7.010000228881836,5.329999923706055,-12.527000427246094
1197,9.91100025177002,11.114999771118164,2.5360000133514404
1200,-10.57800006866455,0.9900000095367432,-10.381999969482422
1203,9.657999992370605,-1.180999994277954,9.147000312805176
1206,9.623000144958496,-7.380000114440918,10.03600025177002
1209,-2.3259999752044678,12.27299976348877,11.527999877929688
1212,-7.339000225067139,8.39900016784668,13.28600025177002
1215,-0.2980000078678131,8.267999649047852,-12.954000473022461
1218,-10.317000389099121,-6.439000129699707,-8.854999542236328
1221,9.888999938964844,5.065999984741211,13.748000144958496
1224,-6.552000045776367,6.0289998054504395,-6.947999954223633
1227,10.536999702453613,8.54699993133545,-9.298999786376953
1230,-10.678000450134277,3.5980000495910645,-11.317000389099121
1233,-3.8970000743865967,5.76200008392334,11.187000274658203
1236,-5.8379998207092285,6.480000019073486,-4.045000076293945
1239,10.006999969482422,-1.7489999532699585,-8.192999839782715
1242,-8.482999801635742,11.739999771118164,-8.815999984741211
1245,2.8450000286102295,11.083999633789063,9.866999626159668
1248,0.6650000214576721,5.138999938964844,-12.319000244140625
1251,-6.565000057220459,10.548999786376953,-10.314000129699707
1254,2.378999948501587,-9.392999649047852,-9.406000137329102
1257,10.696999549865723,11.95300006866455,10.800000190734863
1260,-4.77400016784668,10.190999984741211,12.468999862670898
1263,-0.11599999666213989,3.374000072479248,10.831999778747559
1266,1.4509999752044678,8.621000289916992,9.58899974822998
1269,3.875999927520752,-0.2930000126361847,-4.640999794006348
1272,-7.363999843597412,3.1500000953674316,-12.626999855041504
1275,-4.377999782562256,4.369999885559082,-6.2779998779296875
1278,4.960000038146973,3.059000015258789,13.406999588012695
1281,11.659000396728516,8.880000114440918,11.324000358581543
1284,9.428999900817871,5.168000221252441,10.944000244140625
1287,6.767000198364258,3.8889999389648438,11.180999755859375
1290,11.442000389099121,3.3269999027252197,10.38700008392334
1293,1.1419999599456787,7.876999855041504,-9.604999542236328
