0,10.647000312805176,-4.790999889373779,7.173999786376953
3,11.765000343322754,-5.8480000495910645,4.840000152587891
6,-9.029000282287598,-5.019999980926514,4.798999786376953
9,-7.672999858856201,-5.946000099182129,7.2230000495910645
12,-9.288999557495117,-5.190999984741211,9.41100025177002
15,11.545000076293945,-6.084000110626221,9.428999900817871
18,10.36400032043457,-9.522000312805176,6.78000020980835
21,11.906999588012695,-8.661999702453613,4.809000015258789
24,-9.229000091552734,-9.630000114440918,4.570000171661377
27,-7.835000038146973,-8.734999656677246,6.889999866485596
30,-9.258000373840332,-9.498000144958496,8.95199966430664
33,11.680999755859375,-8.894000053405762,9.229000091552734
36,-5.150000095367432,-4.839000225067139,7.059999942779541
39,-3.796999931335449,-6.017000198364258,4.789000034332275
42,-1.2120000123977661,-4.7769999504089355,4.9710001945495605
45,0.1679999977350235,-5.788000106811523,7.197999954223633
48,-1.4390000104904175,-4.876999855041504,9.340999603271484
51,-4.064000129699707,-5.797999858856201,9.347000122070313
54,-5.23199987411499,12.633999824523926,6.864999771118164
57,-3.746000051498413,-8.8149995803833,4.715000152587891
60,-0.8939999938011169,-9.548999786376953,4.697999954223633
63,0.22100000083446503,-8.751999855041504,7.073999881744385
66,-1.559999942779541,12.60200023651123,8.836999893188477
69,-4.000999927520752,-8.791000366210938,9.234000205993652
72,2.8289999961853027,-5.260000228881836,6.966000080108643
75,4.0920000076293945,-6.130000114440918,4.744999885559082
78,6.658999919891357,-4.933000087738037,4.876999855041504
81,8.057000160217285,-5.6570000648498535,7.228000164031982
84,6.715000152587891,-4.572000026702881,9.402999877929688
87,3.872999906539917,-5.741000175476074,9.496999740600586
90,2.802000045776367,12.656000137329102,7.02400016784668
93,3.953000068664551,-8.875,4.559000015258789
96,6.6539998054504395,-9.48799991607666,4.73199987411499
99,7.51800012588501,-8.380999565124512,7.0279998779296875
102,6.422999858856201,-9.291999816894531,9.383999824523926
105,3.690000057220459,-8.470999717712402,9.404000282287598
108,10.461000442504883,-4.822999954223633,-1.7480000257492065
111,11.782999992370605,-6.033999919891357,0.37400001287460327
114,10.402000427246094,-4.984000205993652,2.615999937057495
117,10.539999961853027,12.654000282287598,-2.138000011444092
120,11.729999542236328,-8.892999649047852,0.4620000123977661
123,10.262999534606934,-9.581000328063965,2.569000005722046
126,-9.133999824523926,-5.013999938964844,0.22300000488758087
129,-7.895999908447266,-6.210999965667725,-1.937000036239624
132,-5.427000045776367,-5.1020002365112305,-2.0850000381469727
135,-4.119999885559082,-6.086999893188477,0.11599999666213989
138,-5.107999801635742,-5.11899995803833,2.4839999675750732
141,-7.686999797821045,-5.860000133514404,2.6530001163482666
144,-9.270000457763672,-9.649999618530273,0.4300000071525574
147,-7.823999881744385,-8.866000175476074,-1.6740000247955322
150,-5.079999923706055,12.803999900817871,-2.0759999752044678
153,-3.6640000343322754,-8.87399959564209,0.14900000393390656
156,-5.195000171661377,-9.586000442504883,2.186000108718872
159,-7.763000011444092,-8.593999862670898,2.447999954223633
162,-1.4839999675750732,-5.020999908447266,0.3700000047683716
165,-0.4000000059604645,-5.9710001945495605,-1.8320000171661377
168,2.309000015258789,-5.1519999504089355,-2.0429999828338623
171,3.7880001068115234,-5.835999965667725,0.23399999737739563
174,2.5959999561309814,-5.2729997634887695,2.50600004196167
177,-0.03500000014901161,-5.954999923706055,2.7100000381469727
180,-1.156999945640564,12.562000274658203,0.05000000074505806
183,-0.09399999678134918,-8.82800006866455,-2.2809998989105225
186,2.635999917984009,-9.407999992370605,-2.492000102996826
189,3.7799999713897705,-8.822999954223633,-0.09099999815225601
192,2.625,12.611000061035156,2.2690000534057617
195,0.04699999839067459,-8.633000373840332,2.2890000343322754
198,6.414999961853027,-5.026000022888184,0.14900000393390656
201,7.833000183105469,-5.90500020980835,-2.122999906539917
204,7.716000080108643,-5.9079999923706055,2.5230000019073486
207,6.48799991607666,-9.70199966430664,0.0949999988079071
210,7.742000102996826,-8.652000427246094,-2.299999952316284
213,7.676000118255615,-8.654000282287598,2.4010000228881836
216,10.873000144958496,-4.48799991607666,-6.2789998054504395
219,12.008999824523926,-5.889999866485596,-8.401000022888184
222,-9.053999900817871,-5.098999977111816,-8.826000213623047
225,-7.758999824523926,-6.183000087738037,-6.539999961853027
228,-8.888999938964844,-5.0370001792907715,-4.2129998207092285
231,11.913999557495117,-5.625,-3.944999933242798
234,11.0649995803833,-9.435999870300293,-6.360000133514404
237,11.565999984741211,-8.652000427246094,-8.826000213623047
240,-9.276000022888184,12.541000366210938,-8.991999626159668
243,-7.803999900817871,-8.840999603271484,-6.578000068664551
246,-8.713000297546387,-9.479999542236328,-4.136000156402588
249,12.26200008392334,-8.446000099182129,-3.8610000610351563
252,-5.150000095367432,-4.941999912261963,-6.729000091552734
255,-4.236000061035156,-5.920000076293945,-8.956999778747559
258,-1.687999963760376,-4.834000110626221,-8.967000007629395
261,-0.35600000619888306,-6.074999809265137,-6.697999954223633
264,-1.621999979019165,-5.267000198364258,-4.2179999351501465
267,-4.211999893188477,-6.073999881744385,-4.3420000076293945
270,-5.182000160217285,-9.468999862670898,-6.84499979019165
273,-4.119999885559082,-8.593000411987305,-9.057999610900879
276,-1.5880000591278076,12.690999984741211,-9.138999938964844
279,-0.20100000500679016,-8.89900016784668,-6.695000171661377
282,-1.4509999752044678,-9.668000221252441,-4.485000133514404
285,-4.144999980926514,-8.95199966430664,-4.507999897003174
288,2.1440000534057617,-4.964000225067139,-6.6479997634887695
291,3.4700000286102295,-5.776000022888184,-8.803999900817871
294,6.14900016784668,-5.038000106811523,-9.059000015258789
297,8.303999900817871,-5.434000015258789,-6.370999813079834
300,6.599999904632568,-4.864999771118164,-4.442999839782715
303,3.8480000495910645,-5.848999977111816,-4.264999866485596
306,2.4719998836517334,12.48900032043457,-6.815000057220459
309,3.578000068664551,-8.571000099182129,-9.194999694824219
312,6.117000102996826,12.760000228881836,-8.97700023651123
315,8.604999542236328,-8.173999786376953,-6.236999988555908
318,6.559000015258789,-9.5,-4.681000232696533
321,3.8550000190734863,-8.52400016784668,-4.796999931335449
324,10.604000091552734,-4.9710001945495605,11.704999923706055
327,11.9399995803833,-6.1570000648498535,13.951000213623047
330,10.996000289916992,-5.0269999504089355,-10.810999870300293
333,10.64799976348877,12.65999984741211,11.512999534606934
336,12.118000030517578,-8.842000007629395,13.63599967956543
339,10.555000305175781,-9.420999526977539,-11.23900032043457
342,-9.246999740600586,-5.1539998054504395,13.720000267028809
345,-7.804999828338623,-6.0370001792907715,11.64900016784668
348,-5.257999897003174,-4.7170000076293945,11.593999862670898
351,-4.113999843597412,-6.118000030517578,13.682000160217285
354,-5.39300012588501,-4.986999988555908,-11.420000076293945
357,-7.933000087738037,-6.23199987411499,-11.163000106811523
360,-8.939000129699707,12.715999603271484,13.437999725341797
363,-7.817999839782715,-8.795999526977539,11.26099967956543
366,-5.145999908447266,-9.666999816894531,11.630000114440918
369,-3.7019999027252197,-8.732999801635742,13.753999710083008
372,-5.144999980926514,12.673999786376953,-11.362000465393066
375,-7.835000038146973,-8.916000366210938,-11.279000282287598
378,-1.409999966621399,-5.116000175476074,13.527000427246094
381,-0.23499999940395355,-6.269999980926514,11.336999893188477
384,2.361999988555908,-4.629000186920166,11.612000465393066
387,3.9260001182556152,-5.294000148773193,13.866000175476074
390,2.2179999351501465,-4.888999938964844,-11.26099967956543
393,-0.35899999737739563,-5.822999954223633,-11.206000328063965
396,-1.190999984741211,12.699000358581543,13.362000465393066
399,-0.05000000074505806,-8.949000358581543,11.067000389099121
402,2.640000104904175,-9.621000289916992,11.559000015258789
405,3.9739999771118164,-8.206999778747559,13.631999969482422
408,2.500999927520752,-9.470999717712402,-11.545000076293945
411,-0.23600000143051147,-8.619999885559082,-11.357999801635742
414,6.7789998054504395,-4.874000072479248,14.185999870300293
417,7.815000057220459,-5.611999988555908,11.812999725341797
420,8.243000030517578,-5.77400016784668,-10.741999626159668
423,6.558000087738037,-9.644000053405762,13.902999877929688
426,8.005000114440918,-8.602999687194824,11.873000144958496
429,7.776000022888184,-8.362000465393066,-11.133999824523926
432,10.461000442504883,2.6640000343322754,7.015999794006348
435,12.314000129699707,2.0220000743865967,5.236999988555908
438,-8.64900016784668,2.634000062942505,4.995999813079834
441,-7.738999843597412,1.5290000438690186,7.445000171661377
444,-9.437999725341797,2.628000020980835,9.336000442504883
447,11.63700008392334,1.503999948501587,9.401000022888184
450,10.838000297546387,-2.1089999675750732,6.760000228881836
453,12.062999725341797,-0.8669999837875366,4.4679999351501465
456,-8.961000442504883,-2.134000062942505,4.611999988555908
459,-7.769999980926514,-1.1629999876022339,6.942999839782715
462,-9.17199993133545,-2.3369998931884766,9.097000122070313
465,11.880999565124512,-1.2599999904632568,9.102999687194824
468,-5.164000034332275,2.686000108718872,7.328999996185303
471,-3.750999927520752,1.7319999933242798,5.232999801635742
474,-1.1619999408721924,2.492000102996826,4.961999893188477
477,-0.12099999934434891,1.2350000143051147,7.0929999351501465
480,-1.1920000314712524,2.2839999198913574,9.342000007629395
483,-3.7839999198913574,1.315999984741211,9.152999877929688
486,-5.025000095367432,-1.9470000267028809,6.913000106811523
489,-3.628000020980835,-1.0260000228881836,4.724999904632568
492,-1.13100004196167,-2.0789999961853027,4.5229997634887695
495,0.15399999916553497,-1.6430000066757202,6.854000091552734
498,-1.0130000114440918,-2.2019999027252197,9.3100004196167
501,-3.5880000591278076,-1.4709999561309814,9.190999984741211
504,2.4079999923706055,2.374000072479248,6.956999778747559
507,4.142000198364258,1.347000002861023,4.9019999504089355
510,6.690999984741211,2.6610000133514404,4.413000106811523
513,7.788000106811523,1.7640000581741333,6.861000061035156
516,6.2769999504089355,2.6449999809265137,9.20199966430664
519,3.868000030517578,1.5609999895095825,9.449000358581543
522,2.938999891281128,-2.390000104904175,7.052999973297119
525,3.619999885559082,-1.3270000219345093,4.686999797821045
528,6.622000217437744,-1.8980000019073486,4.815000057220459
531,8.258000373840332,-0.9229999780654907,6.836999893188477
534,6.811999797821045,-1.7070000171661377,9.095999717712402
537,4.09499979019165,-1.1339999437332153,9.225000381469727
540,10.538999557495117,2.378999948501587,-1.6790000200271606
543,11.944999694824219,1.6640000343322754,0.515999972820282
546,10.585000038146973,2.747999906539917,2.7869999408721924
549,10.616999626159668,-2.128000020980835,-1.8910000324249268
552,12.119000434875488,-1.2640000581741333,0.3790000081062317
555,10.39799976348877,-2.117000102996826,2.4549999237060547
558,-9.104999542236328,2.7190001010894775,0.5019999742507935
561,-7.882999897003174,1.8380000591278076,-1.7760000228881836
564,-5.193999767303467,2.5950000286102295,-1.7790000438690186
567,-3.7290000915527344,1.9199999570846558,0.492000013589859
570,-4.901000022888184,2.9000000953674316,2.815000057220459
573,-7.552999973297119,1.5290000438690186,2.6059999465942383
576,-8.975000381469727,-2.1510000228881836,0.0729999989271164
579,-7.769000053405762,-1.0119999647140503,-2.1740000247955322
582,-5.239999771118164,-2.3369998931884766,-2.0230000019073486
585,-3.88700008392334,-0.9259999990463257,0.16899999976158142
588,-4.935999870300293,-2.1489999294281006,2.444999933242798
591,-7.574999809265137,-1.315000057220459,2.493000030517578
594,-0.9049999713897705,2.2839999198913574,0.2240000069141388
597,0.35499998927116394,1.503000020980835,-2.010999917984009
600,3.0429999828338623,2.359999895095825,-1.878999948501587
603,4.059999942779541,1.1820000410079956,0.3529999852180481
606,2.9140000343322754,2.555000066757202,2.5420000553131104
609,0.17900000512599945,1.562999963760376,2.7019999027252197
612,-1.406999945640564,-2.0199999809265137,0.296999990940094
615,0.1860000044107437,-1.2660000324249268,-1.8580000400543213
618,2.7260000705718994,-2.0969998836517334,-2.180999994277954
621,3.9170000553131104,-1.4769999980926514,0.2290000021457672
624,2.424999952316284,-2.625,2.499000072479248
627,0.054999999701976776,-1.121000051498413,2.372999906539917
630,6.52400016784668,2.4260001182556152,0.30000001192092896
633,7.876999855041504,1.6150000095367432,-1.9930000305175781
636,8.263999938964844,1.437999963760376,2.306999921798706
639,6.690000057220459,-2.2790000438690186,0.026000000536441803
642,7.732999801635742,-1.1449999809265137,-2.115999937057495
645,7.800000190734863,-1.225000023841858,2.4159998893737793
648,10.699999809265137,2.4630000591278076,-6.361999988555908
651,12.208000183105469,1.4880000352859497,-8.390000343322754
654,-8.871999740600586,2.614000082015991,-8.46399974822998
657,-7.609000205993652,1.5119999647140503,-6.301000118255615
660,-8.9399995803833,2.697999954223633,-4.208000183105469
663,11.88700008392334,1.503000020980835,-3.99399995803833
666,10.66100025177002,-1.7669999599456787,-6.802000045776367
669,12.314000129699707,-1.1480000019073486,-8.800999641418457
672,-8.98900032043457,-2.4590001106262207,-8.605999946594238
675,-7.572000026702881,-1.371999979019165,-6.579999923706055
678,-9.01099967956543,-2.2179999351501465,-4.335999965667725
681,12.045999526977539,-1.187000036239624,-4.170000076293945
684,-5.13700008392334,2.6619999408721924,-6.256999969482422
687,-3.9820001125335693,1.4789999723434448,-8.607999801635742
690,-1.3040000200271606,2.3459999561309814,-8.763999938964844
693,0.0560000017285347,1.5880000591278076,-6.566999912261963
696,-1.2740000486373901,2.4670000076293945,-4.306000232696533
699,-3.9570000171661377,1.6339999437332153,-4.085000038146973
702,-4.875999927520752,-2.3369998931884766,-6.306000232696533
705,-4.382999897003174,-1.3179999589920044,-8.807000160217285
708,-1.8109999895095825,-2.052999973297119,-9.062999725341797
711,-0.23600000143051147,-1.1990000009536743,-6.65500020980835
714,-1.1770000457763672,-2.50600004196167,-4.203000068664551
717,-3.9130001068115234,-1.1169999837875366,-4.172999858856201
720,2.9210000038146973,2.453000068664551,-6.473999977111816
723,3.806999921798706,1.6510000228881836,-8.868000030517578
726,6.638999938964844,2.328000068664551,-8.548999786376953
729,8.074000358581543,1.5369999408721924,-6.353000164031982
732,6.6579999923706055,2.4820001125335693,-4.239999771118164
735,4.125999927520752,1.5720000267028809,-4.185999870300293
738,2.382999897003174,-2.1470000743865967,-6.961999893188477
741,3.7190001010894775,-1.0980000495910645,-9.036999702453613
744,6.563000202178955,-2.2339999675750732,-8.916000366210938
747,7.940999984741211,-1.1480000019073486,-6.747000217437744
750,6.585999965667725,-2.059999942779541,-4.5320000648498535
753,3.6500000953674316,-1.2139999866485596,-4.553999900817871
756,10.652999877929688,2.5409998893737793,11.907999992370605
759,12.154000282287598,1.5069999694824219,14.095999717712402
762,10.53600025177002,2.5940001010894775,-11.079000473022461
765,10.479000091552734,-2.1519999504089355,11.314000129699707
768,11.86299991607666,-1.246000051498413,13.713000297546387
771,11.045999526977539,-2.260999917984009,-11.064000129699707
774,-8.909000396728516,2.4649999141693115,14.081999778747559
777,-7.929999828338623,1.3270000219345093,11.645000457763672
780,-5.267000198364258,2.1050000190734863,11.333000183105469
783,-4.284999847412109,1.5679999589920044,13.871000289916992
786,-5.289000034332275,2.493000030517578,-10.925000190734863
789,-7.914000034332275,1.4320000410079956,-10.67300033569336
792,-9.170000076293945,-2.377000093460083,13.720999717712402
795,-7.943999767303467,-1.3669999837875366,11.420999526977539
798,-5.302000045776367,-1.9759999513626099,11.222999572753906
801,-4.195000171661377,-1.4500000476837158,13.711999893188477
804,-5.276000022888184,-2.3310000896453857,-11.229000091552734
807,-8.050000190734863,-1.4700000286102295,-11.003000259399414
810,-1.399999976158142,2.5769999027252197,13.71399974822998
813,0.12399999797344208,1.777999997138977,11.597999572753906
816,2.7769999504089355,2.7119998931884766,11.694000244140625
819,4.166999816894531,1.5800000429153442,13.916000366210938
822,2.433000087738037,2.427000045776367,-11.246000289916992
825,-0.49399998784065247,1.625,-11.184000015258789
828,-1.3830000162124634,-2.3340001106262207,13.60099983215332
831,0.29600000381469727,-0.9179999828338623,11.60099983215332
834,2.8289999961853027,-1.8960000276565552,11.446000099182129
837,3.941999912261963,-1.1200000047683716,-13.277000427246094
840,2.3919999599456787,-2.0510001182556152,-11.300999641418457
843,-0.2070000022649765,-1.0640000104904175,-11.237000465393066
846,6.760000228881836,2.7100000381469727,14.369999885559082
849,7.689000129699707,2.003000020980835,11.810999870300293
852,8.050999641418457,1.472000002861023,-10.743000030517578
855,6.7170000076293945,-2.125,13.807999610900879
858,7.914000034332275,-0.8700000047683716,11.47599983215332
861,8.307999610900879,-1.2949999570846558,-10.89799976348877
864,10.20300006866455,10.0649995803833,7.1020002365112305
867,11.722999572753906,9.031999588012695,5.045000076293945
870,-9.154999732971191,10.036999702453613,5.0269999504089355
873,-7.894000053405762,9.048999786376953,7.249000072479248
876,-9.470000267028809,10.210000038146973,9.161999702453613
879,11.630999565124512,9.03600025177002,9.16100025177002
882,10.376999855041504,5.379000186920166,6.9720001220703125
885,11.987000465393066,6.257999897003174,4.729000091552734
888,-8.975000381469727,5.254000186920166,4.785999774932861
891,-7.7230000495910645,6.23799991607666,7.0879998207092285
894,-9.3149995803833,5.510000228881836,9.083999633789063
897,11.579999923706055,6.354000091552734,9.121000289916992
900,-5.2769999504089355,9.85200023651123,7.059000015258789
903,-3.934999942779541,9.156999588012695,4.797999858856201
906,-1.2139999866485596,10.092000007629395,4.929999828338623
909,-0.07699999958276749,8.918000221252441,7.238999843597412
912,-1.562000036239624,9.946000099182129,9.329000473022461
915,-4.209000110626221,9.109000205993652,9.487000465393066
918,-5.065999984741211,5.35099983215332,6.859000205993652
921,-3.9040000438690186,6.421999931335449,4.693999767303467
924,-1.3980000019073486,5.300000190734863,4.665999889373779
927,-0.23600000143051147,6.071000099182129,7.038000106811523
930,-1.1369999647140503,5.052999973297119,9.298999786376953
933,-3.7019999027252197,6.26800012588501,9.121999740600586
936,2.615999937057495,9.880999565124512,7.306000232696533
939,3.697999954223633,8.782999992370605,4.758999824523926
942,6.4670000076293945,10.055000305175781,5.059000015258789
945,7.650000095367432,8.918000221252441,7.4120001792907715
948,6.619999885559082,10.293000221252441,9.579000473022461
951,3.9719998836517334,9.095000267028809,9.609000205993652
954,2.2939999103546143,5.144000053405762,6.843999862670898
957,3.565000057220459,6.058000087738037,4.684000015258789
960,6.607999801635742,5.4629998207092285,4.767000198364258
963,7.683000087738037,6.031000137329102,7.210000038146973
966,6.394000053405762,5.322000026702881,9.406000137329102
969,3.687999963760376,6.435999870300293,9.156000137329102
972,10.470000267028809,9.991000175476074,-2.0190000534057617
975,11.640999794006348,9.090999603271484,0.3070000112056732
978,10.623000144958496,10.043000221252441,2.5759999752044678
981,10.487000465393066,5.261000156402588,-2.2330000400543213
984,11.493000030517578,6.300000190734863,0.08100000023841858
987,10.383000373840332,5.579999923706055,2.4839999675750732
990,-9.20300006866455,9.97700023651123,0.4090000092983246
993,-7.890999794006348,9.109000205993652,-1.8919999599456787
996,-5.196000099182129,9.930999755859375,-2.0339999198913574
999,-4.073999881744385,8.925999641418457,0.19499999284744263
1002,-5.131999969482422,10.045999526977539,2.4590001106262207
1005,-7.755000114440918,9.177000045776367,2.8540000915527344
1008,-9.329000473022461,5.47599983215332,0.32100000977516174
1011,-8.119999885559082,6.3979997634887695,-2.068000078201294
1014,-5.447000026702881,5.353000164031982,-2.122999906539917
1017,-3.7669999599456787,6.15500020980835,-0.017000000923871994
1020,-4.921000003814697,5.613999843597412,2.306999921798706
1023,-7.605000019073486,6.382999897003174,2.6449999809265137
1026,-1.38100004196167,9.772000312805176,0.3050000071525574
1029,-0.0430000014603138,9.010000228881836,-1.906999945640564
1032,2.4010000228881836,10.12399959564209,-1.9329999685287476
1035,3.996000051498413,8.857000350952148,0.26100000739097595
1038,2.6689999103546143,9.876999855041504,2.5820000171661377
1041,-0.014999999664723873,9.156000137329102,2.6500000953674316
1044,-1.1670000553131104,5.10099983215332,-0.01600000075995922
1047,-0.2720000147819519,6.230999946594238,-2.3259999752044678
1050,2.4260001182556152,5.066999912261963,-2.3480000495910645
1053,3.7850000858306885,6.144000053405762,-0.12200000137090683
1056,2.5510001182556152,5.436999797821045,2.2249999046325684
1059,-0.16099999845027924,6.270999908447266,2.2939999103546143
1062,6.63100004196167,9.892000198364258,0.39800000190734863
1065,7.947999954223633,8.984999656677246,-1.9910000562667847
1068,8.01099967956543,8.987000465393066,2.815000057220459
1071,6.458000183105469,5.2129998207092285,0.17299999296665192
1074,8.081000328063965,6.120999813079834,-1.8350000381469727
1077,7.686999797821045,6.25600004196167,2.4070000648498535
1080,10.788999557495117,9.998000144958496,-6.489999771118164
1083,11.968000411987305,8.914999961853027,-8.982999801635742
1086,-8.906000137329102,9.869999885559082,-8.982999801635742
1089,-7.77400016784668,9.206999778747559,-6.546000003814697
1092,-8.949000358581543,10.083999633789063,-4.190999984741211
1095,11.982000350952148,9.104999542236328,-4.164999961853027
1098,10.387999534606934,5.421999931335449,-6.607999801635742
1101,11.678999900817871,6.175000190734863,-8.857999801635742
1104,-9.267999649047852,5.296000003814697,-8.91100025177002
1107,-7.857999801635742,6.36899995803833,-6.744999885559082
1110,-9.079000473022461,5.432000160217285,-4.519999980926514
1113,12.017000198364258,6.144000053405762,-4.284999847412109
1116,-5.193999767303467,10.234000205993652,-6.495999813079834
1119,-3.9519999027252197,8.973999977111816,-8.54800033569336
1122,-1.4170000553131104,9.822999954223633,-8.607000350952148
1125,0.09399999678134918,8.989999771118164,-6.09499979019165
1128,-1.3279999494552612,10.04800033569336,-4.068999767303467
1131,-3.8259999752044678,8.954000473022461,-4.275000095367432
1134,-5.335999965667725,5.224999904632568,-6.682000160217285
1137,-4.043000221252441,5.926000118255615,-8.845000267028809
1140,-1.4470000267028809,5.067999839782715,-9.013999938964844
1143,-0.13199999928474426,6.116000175476074,-6.580999851226807
1146,-1.5509999990463257,5.135000228881836,-4.502999782562256
1149,-4.0289998054504395,6.205999851226807,-4.408999919891357
1152,2.7219998836517334,9.748000144958496,-6.579999923706055
1155,3.9830000400543213,8.82800006866455,-8.892000198364258
1158,6.539000034332275,10.133000373840332,-8.611000061035156
1161,7.76800012588501,9.295000076293945,-6.195000171661377
1164,6.461999893188477,10.125,-4.084000110626221
1167,3.871999979019165,8.904000282287598,-4.138000011444092
1170,2.6530001163482666,5.25600004196167,-6.52400016784668
1173,4.076000213623047,5.999000072479248,-8.847999572753906
1176,6.74399995803833,5.052999973297119,-8.664999961853027
1179,7.659999847412109,6.425000190734863,-6.591000080108643
1182,6.632999897003174,5.297999858856201,-4.3460001945495605
1185,3.950000047683716,6.202000141143799,-4.380000114440918
1188,10.557000160217285,9.812000274658203,11.465999603271484
1191,11.947999954223633,9.125,13.803000450134277
1194,10.522000312805176,9.968999862670898,-11.093999862670898
1197,10.604000091552734,5.196000099182129,11.571999549865723
1200,12.081999778747559,6.21999979019165,13.60200023651123
1203,10.571000099182129,5.309000015258789,-11.270000457763672
1206,-8.854000091552734,9.944000244140625,13.951000213623047
1209,-7.9679999351501465,8.859000205993652,11.494999885559082
1212,-5.460999965667725,9.9350004196167,11.934000015258789
1215,-4.0960001945495605,8.687000274658203,13.847999572753906
1218,-4.76200008392334,9.970999717712402,-10.967000007629395
1221,-7.330999851226807,8.967000007629395,-11.067000389099121
1224,-8.954999923706055,5.328000068664551,13.694000244140625
1227,-7.679999828338623,6.010000228881836,11.503000259399414
1230,-5.104000091552734,4.989999771118164,11.293999671936035
1233,-3.9240000247955322,5.994999885559082,13.626999855041504
1236,-5.120999813079834,5.150000095367432,-11.29699993133545
1239,-7.77400016784668,6.026000022888184,-11.182999610900879
1242,-1.24399995803833,9.958000183105469,13.930000305175781
1245,-0.017000000923871994,9.017000198364258,11.569000244140625
1248,2.6530001163482666,9.958000183105469,11.741000175476074
1251,4.071000099182129,9.215999603271484,14.059000015258789
1254,2.453000068664551,10.166999816894531,-11.12600040435791
1257,-0.009999999776482582,8.923999786376953,-10.92300033569336
1260,-1.312999963760376,5.360000133514404,13.532999992370605
1263,0.2290000021457672,6.198999881744385,11.47599983215332
1266,3.063999891281128,5.556000232696533,11.769000053405762
1269,4.145999908447266,6.484000205993652,-12.960000038146973
1272,2.447999954223633,5.236999988555908,-11.180000305175781
1275,-0.3089999854564667,6.289999961853027,-11.182999610900879
1278,6.715000152587891,10.055000305175781,14.130999565124512
1281,7.868000030517578,9.157999992370605,11.854999542236328
1284,7.98799991607666,9.038999557495117,-10.717000007629395
1287,6.728000164031982,5.590000152587891,-13.138999938964844
1290,7.961999893188477,6.36899995803833,11.598999977111816
1293,8.02400016784668,6.343999862670898,-10.904000282287598
