0,6.664999961853027,-2.552999973297119,6.638000011444092
3,10.373000144958496,-7.855999946594238,8.6850004196167
6,10.6850004196167,-5.533999919891357,6.775000095367432
9,-8.675999641418457,-5.2129998207092285,6.866000175476074
12,-9.520999908447266,-4.017000198364258,9.307000160217285
15,11.28499984741211,-4.13700008392334,9.255000114440918
18,8.503999710083008,10.90999984741211,6.794000148773193
21,12.51200008392334,-9.005999565124512,7.361000061035156
24,10.779000282287598,12.01200008392334,5.718999862670898
27,-9.571000099182129,-7.848999977111816,5.245999813079834
30,-8.951000213623047,-8.869999885559082,9.064000129699707
33,7.735000133514404,-8.506999969482422,7.866000175476074
36,-4.5980000495910645,-4.604000091552734,6.611999988555908
39,-10.86299991607666,-4.605999946594238,5.340000152587891
42,-2.4230000972747803,-4.434000015258789,4.671999931335449
45,-0.8140000104904175,-5.573999881744385,6.583000183105469
48,-1.9529999494552612,-4.091000080108643,9.300999641418457
51,-4.702000141143799,-5.25600004196167,9.298999786376953
54,-6.3429999351501465,-8.973999977111816,8.111000061035156
57,-6.306000232696533,-6.625999927520752,6.517000198364258
60,-6.431000232696533,-8.392000198364258,4.419000148773193
63,-0.15700000524520874,-8.067999839782715,7.744999885559082
66,-1.8700000047683716,-8.765000343322754,9.60200023651123
69,-4.5320000648498535,-8.050000190734863,10.123000144958496
72,3.305999994277954,-4.875,6.465000152587891
75,1.3309999704360962,-5.25600004196167,4.570000171661377
78,5.206999778747559,-4.65500020980835,3.5759999752044678
81,5.803999900817871,-6.459000110626221,6.900000095367432
84,4.785999774932861,-2.8340001106262207,8.979999542236328
87,3.440000057220459,-5.28000020980835,9.288999557495117
90,2.614000082015991,-8.390999794006348,7.666999816894531
93,-0.6790000200271606,-8.762999534606934,5.040999889373779
96,3.246000051498413,-6.688000202178955,3.187000036239624
99,4.281000137329102,-8.097999572753906,5.243000030517578
102,5.264999866485596,-9.11299991607666,9.630000114440918
105,2.9700000286102295,-7.833000183105469,10.366000175476074
108,6.014999866485596,-4.328000068664551,-2.943000078201294
111,8.404000282287598,-4.888999938964844,1.2690000534057617
114,8.067000389099121,-5.085999965667725,6.191999912261963
117,6.922999858856201,-8.866000175476074,-1.809999942779541
120,7.824999809265137,-7.830999851226807,0.5440000295639038
123,9.067999839782715,-8.345999717712402,3.3529999256134033
126,10.880000114440918,-4.104000091552734,0.44999998807907104
129,12.137999534606934,-5.519999980926514,-1.8550000190734863
132,-8.659000396728516,-4.585000038146973,-1.9880000352859497
135,-7.650000095367432,-5.269999980926514,0.44699999690055847
138,-9.281000137329102,-4.507999897003174,2.924999952316284
141,-11.093000411987305,-6.317999839782715,1.944000005722046
144,-10.97599983215332,-8.869999885559082,1.0260000228881836
147,-11.053000450134277,-8.29699993133545,-1.7400000095367432
150,-8.520999908447266,-8.972999572753906,-2.114000082015991
153,-7.761000156402588,-7.820000171661377,0.42399999499320984
156,-8.704000473022461,-8.85099983215332,2.8959999084472656
159,11.628000259399414,-8.006999969482422,3.941999912261963
162,-5.445000171661377,-4.01200008392334,-0.04699999839067459
165,-3.8889999389648438,-4.570000171661377,-2.075000047683716
168,-1.2350000143051147,-4.00600004196167,-1.8140000104904175
171,0.4090000092983246,-4.697999954223633,0.47200000286102295
174,-0.37400001287460327,-3.736999988555908,2.8350000381469727
177,-4.625,-4.624000072479248,3.2009999752044678
180,-5.090000152587891,-8.812999725341797,0.3050000071525574
183,-3.559000015258789,-7.413000106811523,-1.9459999799728394
186,-0.9039999842643738,-8.156000137329102,-1.8890000581741333
189,-0.30300000309944153,-7.330999851226807,0.8529999852180481
192,-2.125999927520752,-8.060999870300293,2.6610000133514404
195,-4.724999904632568,-7.359000205993652,2.7320001125335693
198,2.7109999656677246,-4.304999828338623,-0.7440000176429749
201,3.7690000534057617,-5.816999912261963,-2.687000036239624
204,6.39300012588501,-2.7639999389648438,0.7490000128746033
207,2.375999927520752,-7.989999771118164,0.5130000114440918
210,4.2210001945495605,-8.177000045776367,-1.4240000247955322
213,7.738999843597412,-5.947999954223633,3.6559998989105225
216,7.677999973297119,-4.125,-6.445000171661377
219,9.397000312805176,-4.7870001792907715,-8.713000297546387
222,12.053999900817871,-4.247000217437744,-8.895999908447266
225,-10.515999794006348,-5.4120001792907715,-6.710999965667725
228,11.180000305175781,-4.316999912261963,-4.668000221252441
231,8.493000030517578,-5.034999847412109,-4.0229997634887695
234,8.015999794006348,-8.883999824523926,-6.216000080108643
237,9.968000411987305,-8.20199966430664,-8.052000045776367
240,12.486000061035156,-9.274999618530273,-8.420000076293945
243,-10.156000137329102,-8.097999572753906,-6.144000053405762
246,11.246000289916992,-9.081999778747559,-4.0920000076293945
249,8.805999755859375,-7.961999893188477,-3.569000005722046
252,-7.932000160217285,-4.218999862670898,-6.434999942779541
255,-6.396999835968018,-5.204999923706055,-8.477999687194824
258,-4.006999969482422,-4.138999938964844,-9.116000175476074
261,-2.927000045776367,-5.203999996185303,-6.797999858856201
264,-4.440999984741211,-3.924999952316284,-4.702000141143799
267,-6.875,-5.071000099182129,-4.057000160217285
270,-7.451000213623047,-8.932000160217285,-6.335999965667725
273,-6.203999996185303,-8.050999641418457,-8.574000358581543
276,-3.6050000190734863,-8.788999557495117,-8.696999549865723
279,-2.5840001106262207,-7.914999961853027,-6.24399995803833
282,-4.177999973297119,-8.762999534606934,-4.2789998054504395
285,-6.7129998207092285,-7.758999824523926,-3.934000015258789
288,-0.414000004529953,-4.014999866485596,-6.77400016784668
291,2.3489999771118164,-5.769999980926514,-8.847999572753906
294,4.333000183105469,-3.872999906539917,-8.892000198364258
297,5.064000129699707,-4.994999885559082,-6.460999965667725
300,2.8269999027252197,-4.5960001945495605,-5.01200008392334
303,0.3179999887943268,-4.642000198364258,-3.9739999771118164
306,0.014000000432133675,-8.961000442504883,-6.561999797821045
309,2.2269999980926514,-8.45199966430664,-8.631999969482422
312,4.979000091552734,-9.220999717712402,-8.753999710083008
315,5.3979997634887695,-8.152999877929688,-6.370999813079834
318,3.687999963760376,-8.807000160217285,-4.28000020980835
321,0.8080000281333923,-7.60099983215332,-4.198999881744385
324,10.569999694824219,-4.013999938964844,11.918999671936035
327,10.642000198364258,-5.460000038146973,14.258999824523926
330,8.755999565124512,-3.815999984741211,-11.265999794006348
333,9.723999977111816,-8.090999603271484,11.39900016784668
336,11.0,-8.326000213623047,-13.265999794006348
339,10.088000297546387,12.517000198364258,-10.661999702453613
342,-10.190999984741211,-4.584000110626221,13.937999725341797
345,-8.414999961853027,-5.293000221252441,11.741000175476074
348,-5.822000026702881,-4.382999897003174,11.651000022888184
351,-5.078999996185303,-5.546000003814697,14.14900016784668
354,-7.053999900817871,-4.316999912261963,-11.119000434875488
357,-9.769000053405762,-5.544000148773193,-10.640000343322754
360,-9.925000190734863,-9.182000160217285,-13.083000183105469
363,-8.10200023651123,-8.059000015258789,12.086999893188477
366,-5.702000141143799,-9.263999938964844,12.315999984741211
369,-4.806000232696533,-8.460000038146973,-12.461000442504883
372,-7.0269999504089355,-9.482999801635742,-10.758000373840332
375,-9.722999572753906,-8.42300033569336,-10.527999877929688
378,-2.7239999771118164,-4.2779998779296875,13.782999992370605
381,-0.9079999923706055,-5.320000171661377,11.47599983215332
384,1.6660000085830688,-4.324999809265137,11.61400032043457
387,2.431999921798706,-5.124000072479248,14.13599967956543
390,0.7059999704360962,-4.401000022888184,-10.944999694824219
393,-1.9819999933242798,-4.999000072479248,-10.895000457763672
396,-2.115000009536743,-8.95199966430664,-12.878999710083008
399,-1.0470000505447388,-7.915999889373779,12.093000411987305
402,1.440999984741211,-9.11299991607666,12.25
405,2.993000030517578,-7.895999908447266,-12.442000389099121
408,0.7860000133514404,-9.246000289916992,-10.881999969482422
411,-1.5369999408721924,-7.855999946594238,-10.255000114440918
414,4.822000026702881,-4.109000205993652,13.571999549865723
417,6.2870001792907715,-3.309999942779541,11.29800033569336
420,6.144000053405762,-4.322000026702881,-10.696000099182129
423,5.425000190734863,-8.98799991607666,-12.383999824523926
426,8.234000205993652,-5.73199987411499,11.810999870300293
429,7.314000129699707,12.916999816894531,-10.20199966430664
432,9.22599983215332,3.503999948501587,5.570000171661377
435,10.887999534606934,1.9240000247955322,7.254000186920166
438,-10.52299976348877,2.5999999046325684,5.704999923706055
441,-7.164000034332275,1.1009999513626099,8.555000305175781
444,-9.151000022888184,2.877000093460083,9.33899974822998
447,11.291999816894531,2.8570001125335693,9.763999938964844
450,8.380000114440918,-0.3370000123977661,6.400000095367432
453,10.208999633789063,-1.940000057220459,8.038000106811523
456,12.072999954223633,-1.9780000448226929,6.060999870300293
459,-8.890000343322754,-1.180999994277954,6.901000022888184
462,-9.652000427246094,-1.2879999876022339,9.47599983215332
465,11.383999824523926,-0.19099999964237213,9.82699966430664
468,-5.328000068664551,3.0829999446868896,7.0269999504089355
471,-7.783999919891357,1.093999981880188,5.802000045776367
474,-4.5229997634887695,2.381999969482422,4.4079999923706055
477,-0.13699999451637268,2.6029999256134033,7.113999843597412
480,-1.7669999599456787,2.9240000247955322,9.145999908447266
483,-4.295000076293945,2.0380001068115234,9.263999938964844
486,-5.855999946594238,-2.002000093460083,7.230999946594238
489,-8.668999671936035,-2.2679998874664307,4.373000144958496
492,-5.98199987411499,-2.571000099182129,4.5929999351501465
495,-1.3639999628067017,-1.305999994277954,6.710000038146973
498,-2.177000045776367,-1.3079999685287476,9.340999603271484
501,-4.841000080108643,-0.9300000071525574,9.699000358581543
504,2.680000066757202,3.3469998836517334,7.142000198364258
507,-0.574999988079071,2.069000005722046,4.3979997634887695
510,1.4229999780654907,3.5969998836517334,2.6740000247955322
513,7.379000186920166,2.053999900817871,7.033999919891357
516,6.011000156402588,2.696000099182129,9.42199993133545
519,3.1519999504089355,2.2330000400543213,9.607000350952148
522,3.502000093460083,-0.23899999260902405,6.835999965667725
525,-1.972000002861023,-0.08699999749660492,4.13700008392334
528,3.2939999103546143,-3.253999948501587,1.7419999837875366
531,5.294000148773193,1.5160000324249268,5.426000118255615
534,4.267000198364258,-2.6050000190734863,5.36899995803833
537,3.1080000400543213,-0.6710000038146973,9.539999961853027
540,6.01200008392334,4.434000015258789,-1.4830000400543213
543,7.090000152587891,1.843000054359436,-0.6740000247955322
546,10.538999557495117,2.753000020980835,3.193000078201294
549,7.934000015258789,-1.6859999895095825,-1.3200000524520874
552,8.196000099182129,-0.10100000351667404,0.7720000147819519
555,6.758999824523926,0.3840000033378601,3.3340001106262207
558,12.454999923706055,2.997999906539917,0.4819999933242798
561,-10.862000465393066,1.6160000562667847,-1.8609999418258667
564,-8.498000144958496,3.1730000972747803,-1.8919999599456787
567,-7.5980000495910645,1.9329999685287476,0.40799999237060547
570,-10.326000213623047,2.5220000743865967,2.9809999465942383
573,9.359999656677246,0.6259999871253967,4.188000202178955
576,10.60200023651123,-1.440000057220459,0.7480000257492065
579,12.47700023651123,-0.9819999933242798,-1.1710000038146973
582,-8.590999603271484,-1.819000005722046,-1.6230000257492065
585,-7.958000183105469,-0.781000018119812,0.7440000176429749
588,-9.730999946594238,-0.18000000715255737,2.884000062942505
591,11.324000358581543,-1.2039999961853027,3.3919999599456787
594,-5.269999980926514,3.437000036239624,0.020999999716877937
597,-3.621999979019165,2.5139999389648438,-1.8700000047683716
600,-1.1380000114440918,3.5950000286102295,-2.062999963760376
603,-1.2130000591278076,2.9749999046325684,0.652999997138977
606,-2.382999897003174,3.8550000190734863,3.046999931335449
609,-7.482999801635742,2.5510001182556152,3.1649999618530273
612,-5.291999816894531,-1.1339999437332153,0.35199999809265137
615,-3.7730000019073486,-0.2540000081062317,-1.7680000066757202
618,-1.1080000400543213,-1.093000054359436,-2.240999937057495
621,-0.027000000700354576,0.14900000393390656,-0.1599999964237213
624,-1.7000000476837158,-1.2990000247955322,1.625
627,-4.432000160217285,-1.0889999866485596,2.924999952316284
630,1.3240000009536743,3.640000104904175,-0.0949999988079071
633,3.7939999103546143,2.9489998817443848,-1.1820000410079956
636,3.4170000553131104,3.1579999923706055,4.497000217437744
639,2.7130000591278076,-1.4589999914169312,-1.9459999799728394
642,4.53000020980835,0.4909999966621399,-0.3840000033378601
645,4.765999794006348,-0.8799999952316284,1.968000054359436
648,7.820000171661377,3.2019999027252197,-5.765999794006348
651,9.354999542236328,2.506999969482422,-8.17199993133545
654,11.993000030517578,2.7899999618530273,-8.682999610900879
657,-10.675000190734863,2.430000066757202,-5.985000133514404
660,11.348999977111816,3.2790000438690186,-3.821000099182129
663,8.54699993133545,2.2730000019073486,-3.065999984741211
666,7.7220001220703125,-1.4179999828338623,-6.098999977111816
669,9.45300006866455,-0.42100000381469727,-8.194000244140625
672,12.04800033569336,-1.3930000066757202,-8.880999565124512
675,-10.76099967956543,-0.3490000069141388,-6.309999942779541
678,11.609000205993652,-1.4739999771118164,-3.8929998874664307
681,8.968000411987305,-0.6269999742507935,-3.7079999446868896
684,-7.921999931335449,3.2039999961853027,-6.5329999923706055
687,-6.138999938964844,2.0810000896453857,-8.447999954223633
690,-3.5220000743865967,3.11299991607666,-8.460000038146973
693,-2.5429999828338623,2.5380001068115234,-6.01200008392334
696,-4.706999778747559,3.1500000953674316,-4.4039998054504395
699,-7.218999862670898,2.0209999084472656,-4.085000038146973
702,-8.197999954223633,-1.1399999856948853,-6.538000106811523
705,-6.651000022888184,-0.6589999794960022,-8.878000259399414
708,-4.050000190734863,-1.434999942779541,-8.984999656677246
711,-3.2279999256134033,-0.18000000715255737,-6.556000232696533
714,-4.671999931335449,-1.253000020980835,-4.328000068664551
717,-7.323999881744385,-0.796999990940094,-3.8350000381469727
720,0.17900000512599945,3.0260000228881836,-6.48199987411499
723,2.00600004196167,2.010999917984009,-8.173999786376953
726,4.507999897003174,3.2679998874664307,-8.345999717712402
729,5.158999919891357,2.115000009536743,-5.629000186920166
732,3.1659998893737793,3.1600000858306885,-4.074999809265137
735,0.5699999928474426,2.2790000438690186,-3.944000005722046
738,-0.46299999952316284,-1.2400000095367432,-6.372000217437744
741,1.8919999599456787,-0.6129999756813049,-7.848999977111816
744,4.580999851226807,-0.9129999876022339,-8.494000434875488
747,5.276000022888184,-0.578000009059906,-5.709000110626221
750,2.953000068664551,-1.8830000162124634,-4.547999858856201
753,0.6460000276565552,-0.4350000023841858,-4.14900016784668
756,9.35200023651123,3.055000066757202,11.66100025177002
759,10.241000175476074,2.75,14.163999557495117
762,8.755999565124512,3.499000072479248,-10.781999588012695
765,9.918000221252441,-1.187000036239624,12.032999992370605
768,10.890999794006348,-0.024000000208616257,-12.770000457763672
771,9.065999984741211,-0.8640000224113464,-10.861000061035156
774,-10.550000190734863,3.1589999198913574,13.878000259399414
777,-8.444999694824219,2.0980000495910645,12.08899974822998
780,-5.730000019073486,2.882999897003174,11.38700008392334
783,-5.01200008392334,2.2780001163482666,13.937999725341797
786,-6.574999809265137,2.9820001125335693,-11.008000373840332
789,-9.637999534606934,2.515000104904175,-10.803999900817871
792,-10.720000267028809,-1.7860000133514404,13.800999641418457
795,-8.86400032043457,-0.7400000095367432,12.008000373840332
798,-6.284999847412109,-1.6510000228881836,11.763999938964844
801,-5.441999912261963,-0.8679999709129333,-12.779000282287598
804,-7.539000034332275,-1.6399999856948853,-11.21399974822998
807,-9.970000267028809,-0.460999995470047,-10.753999710083008
810,-2.4189999103546143,3.0850000381469727,14.24899959564209
813,-0.9599999785423279,2.1700000762939453,11.958000183105469
816,1.7309999465942383,3.124000072479248,12.03499984741211
819,2.687999963760376,2.1559998989105225,14.430999755859375
822,1.1610000133514404,2.9570000171661377,-10.508999824523926
825,-1.5759999752044678,2.25600004196167,-10.312000274658203
828,-2.73799991607666,-1.5240000486373901,-12.777000427246094
831,-1.0709999799728394,-0.5690000057220459,11.854999542236328
834,1.7039999961853027,-1.4980000257492065,11.765000343322754
837,2.3350000381469727,-0.7229999899864197,-12.847000122070313
840,1.1979999542236328,-1.8140000104904175,-10.534000396728516
843,-1.621000051498413,-0.4830000102519989,-10.366999626159668
846,5.248000144958496,3.1659998893737793,14.163999557495117
849,6.736000061035156,2.0220000743865967,11.918000221252441
852,6.275000095367432,2.4040000438690186,-10.420999526977539
855,5.2179999351501465,-1.3020000457763672,-12.868000030517578
858,7.1479997634887695,-0.7070000171661377,12.335000038146973
861,6.480000019073486,-0.25200000405311584,-10.27400016784668
864,8.666000366210938,9.0600004196167,8.987000465393066
867,10.477999687194824,7.751999855041504,4.2270002365112305
870,11.63599967956543,10.104000091552734,3.4100000858306885
873,-8.809000015258789,9.45300006866455,8.005000114440918
876,-9.91100025177002,11.027999877929688,10.185999870300293
879,11.354999542236328,10.345000267028809,11.425999641418457
882,7.590000152587891,6.775000095367432,7.75600004196167
885,10.166000366210938,6.118000030517578,6.438000202178955
888,-10.746000289916992,5.63700008392334,6.304999828338623
891,-10.675999641418457,7.0329999923706055,8.642000198364258
894,-8.51200008392334,5.53000020980835,9.373000144958496
897,10.677000045776367,7.620999813079834,10.314000129699707
900,-6.288000106811523,10.60099983215332,7.6020002365112305
903,-6.104000091552734,11.196999549865723,4.803999900817871
906,-0.46799999475479126,9.593999862670898,4.7829999923706055
909,-0.5389999747276306,9.85200023651123,7.410999774932861
912,-2.4010000228881836,10.692999839782715,9.380999565124512
915,-4.789000034332275,9.16100025177002,9.545000076293945
918,-6.638999938964844,5.815000057220459,7.335999965667725
921,-6.718999862670898,6.126999855041504,4.7230000495910645
924,-0.10199999809265137,6.988999843597412,4.6539998054504395
927,-0.24400000274181366,7.068999767303467,7.613999843597412
930,-1.9079999923706055,5.966000080108643,9.494999885559082
933,-4.749000072479248,6.420000076293945,9.256999969482422
936,1.8309999704360962,11.196999549865723,8.006999969482422
939,4.256999969482422,10.166999816894531,6.688000202178955
942,4.663000106811523,11.607000350952148,4.249000072479248
945,7.9720001220703125,9.126999855041504,4.644000053405762
948,5.289000034332275,10.708000183105469,9.109000205993652
951,3.4660000801086426,9.4350004196167,10.90999984741211
954,2.312999963760376,6.144999980926514,7.413000106811523
957,1.9739999771118164,6.39300012588501,3.009000062942505
960,3.631999969482422,6.098999977111816,5.050000190734863
963,5.577000141143799,7.681000232696533,6.151000022888184
966,5.75600004196167,5.5269999504089355,9.63700008392334
969,3.431999921798706,6.814000129699707,10.166999816894531
972,7.302999973297119,10.699999809265137,-1.4259999990463257
975,8.586999893188477,10.741999626159668,1.0299999713897705
978,7.38700008392334,11.713000297546387,3.311000108718872
981,8.359000205993652,5.869999885559082,-1.1640000343322754
984,7.541999816894531,8.20300006866455,0.5270000100135803
987,9.517999649047852,6.671999931335449,1.871000051498413
990,11.1850004196167,10.954000473022461,0.8339999914169312
993,-10.906000137329102,10.098999977111816,-1.4129999876022339
996,-8.248000144958496,10.732999801635742,-1.7450000047683716
999,-7.201000213623047,10.07800006866455,0.824999988079071
1002,-8.4399995803833,10.54699993133545,3.2699999809265137
1005,-9.982999801635742,9.375,5.281000137329102
1008,11.1850004196167,5.288000106811523,0.25099998712539673
1011,-10.692999839782715,7.288000106811523,-0.6460000276565552
1014,-8.333999633789063,5.974999904632568,-1.6729999780654907
1017,-7.208000183105469,7.23199987411499,0.6859999895095825
1020,-9.329000473022461,6.883999824523926,4.38100004196167
1023,-9.590999603271484,8.111000061035156,1.812999963760376
1026,-4.697000026702881,10.861000061035156,0.44200000166893005
1029,-2.9809999465942383,10.13700008392334,-1.555999994277954
1032,-0.4300000071525574,11.258000373840332,-1.7330000400543213
1035,-0.15600000321865082,10.482000350952148,0.9200000166893005
1038,-1.8420000076293945,11.461999893188477,2.875
1041,-4.327000141143799,10.067000389099121,3.0350000858306885
1044,-4.565999984741211,6.163000106811523,0.5899999737739563
1047,-3.6449999809265137,7.124000072479248,-1.8830000162124634
1050,-1.0010000467300415,6.296999931335449,-1.5089999437332153
1053,-0.4300000071525574,7.617000102996826,0.7649999856948853
1056,-1.940999984741211,6.607999801635742,2.6579999923706055
1059,-4.423999786376953,7.283999919891357,3.2890000343322754
1062,2.2860000133514404,11.555000305175781,1.194000005722046
1065,3.9739999771118164,11.451000213623047,-1.2009999752044678
1068,1.8509999513626099,10.61400032043457,3.8610000610351563
1071,2.190999984741211,6.927999973297119,0.4490000009536743
1074,4.070000171661377,6.617000102996826,-1.4270000457763672
1077,5.301000118255615,9.062000274658203,-0.7509999871253967
1080,8.194999694824219,10.788000106811523,-5.909999847412109
1083,9.694999694824219,9.913999557495117,-8.138999938964844
1086,-11.20199966430664,10.3100004196167,-8.434000015258789
1089,-10.501999855041504,9.505000114440918,-5.913000106811523
1092,11.640000343322754,10.689000129699707,-3.8910000324249268
1095,9.121000289916992,9.907999992370605,-3.4590001106262207
1098,8.213000297546387,6.046999931335449,-5.723999977111816
1101,9.369000434875488,6.890999794006348,-8.178000450134277
1104,12.043000221252441,5.5370001792907715,-8.189000129699707
1107,-10.343000411987305,6.453000068664551,-5.980000019073486
1110,12.131999969482422,6.043000221252441,-3.5360000133514404
1113,9.630999565124512,7.109000205993652,-3.5280001163482666
1116,-7.708000183105469,10.574000358581543,-6.191999912261963
1119,-5.765999794006348,9.765999794006348,-7.828999996185303
1122,-3.3350000381469727,10.673999786376953,-8.494000434875488
1125,-2.4260001182556152,9.902999877929688,-6.020999908447266
1128,-4.251999855041504,10.67300033569336,-4.23799991607666
1131,-6.7829999923706055,9.487000465393066,-3.9049999713897705
1134,-7.583000183105469,6.015999794006348,-6.434000015258789
1137,-6.232999801635742,6.986000061035156,-8.62399959564209
1140,-3.7939999103546143,5.803999900817871,-8.644000053405762
1143,-2.690999984741211,7.010000228881836,-6.288000106811523
1146,-4.372000217437744,6.007999897003174,-4.452000141143799
1149,-7.0960001945495605,6.736999988555908,-3.9010000228881836
1152,0.44699999690055847,10.706999778747559,-6.173999786376953
1155,2.118000030517578,9.70199966430664,-8.461000442504883
1158,4.823999881744385,10.312999725341797,-8.588000297546387
1161,5.6620001792907715,9.899999618530273,-5.741000175476074
1164,3.9600000381469727,10.906000137329102,-3.822999954223633
1167,1.1419999599456787,9.541000366210938,-3.937999963760376
1170,0.2809999883174896,5.934000015258789,-6.406000137329102
1173,2.244999885559082,6.75600004196167,-8.055999755859375
1176,4.953999996185303,6.043000221252441,-8.154999732971191
1179,5.703999996185303,7.23799991607666,-5.645999908447266
1182,3.1500000953674316,5.853000164031982,-3.880000114440918
1185,0.6729999780654907,6.875,-3.734999895095825
1188,8.951000213623047,11.652999877929688,10.432000160217285
1191,11.02299976348877,9.597999572753906,14.187000274658203
1194,9.248000144958496,10.006999969482422,-11.081999778747559
1197,9.093000411987305,5.947999954223633,11.774999618530273
1200,10.482999801635742,6.815000057220459,-13.086999893188477
1203,8.798999786376953,6.335999965667725,-10.991999626159668
1206,-10.057000160217285,10.468000411987305,14.444000244140625
1209,-8.718999862670898,9.57699966430664,12.175000190734863
1212,-6.089000225067139,10.21500015258789,11.944999694824219
1215,-5.331999778747559,9.482000350952148,14.472999572753906
1218,-6.421000003814697,10.32699966430664,-10.381999969482422
1221,-9.307999610900879,9.513999938964844,-10.21500015258789
1224,-10.236000061035156,5.928999900817871,-13.11299991607666
1227,-8.390000343322754,6.623000144958496,11.963000297546387
1230,-5.7769999504089355,5.660999774932861,11.741999626159668
1233,-5.499000072479248,6.585000038146973,-12.894000053405762
1236,-7.2820000648498535,5.723999977111816,-10.835000038146973
1239,-9.873000144958496,6.785999774932861,-10.196999549865723
1242,-2.6470000743865967,10.704000473022461,14.29699993133545
1245,-1.1649999618530273,10.005999565124512,11.892999649047852
1248,1.222000002861023,10.98900032043457,10.746999740600586
1251,3.0320000648498535,9.135000228881836,13.97700023651123
1254,1.2649999856948853,10.258999824523926,-11.08899974822998
1257,-1.36899995803833,9.501999855041504,-10.366000175476074
1260,-2.680000066757202,6.046000003814697,-12.869000434875488
1263,-1.3350000381469727,6.863999843597412,12.097000122070313
1266,1.13100004196167,5.741000175476074,11.866000175476074
1269,2.5409998893737793,6.303999900817871,-12.866000175476074
1272,1.1069999933242798,5.909999847412109,-10.569999694824219
1275,-1.6469999551773071,6.622000217437744,-10.279999732971191
1278,5.4079999923706055,10.692000389099121,14.161999702453613
1281,6.703999996185303,10.545000076293945,11.619000434875488
1284,6.478000164031982,9.461000442504883,-10.815999984741211
1287,5.205999851226807,6.061999797821045,-13.107999801635742
1290,6.547999858856201,6.9019999504089355,11.904999732971191
1293,6.10699987411499,6.807000160217285,-10.536999702453613
