0,8.336999893188477,-2.6410000324249268,5.8979997634887695
3,10.9350004196167,-4.646999835968018,6.192999839782715
6,-10.105999946594238,-3.8310000896453857,5.664999961853027
9,-8.680999755859375,-5.302000045776367,7.53000020980835
12,-7.585999965667725,-3.2850000858306885,8.788000106811523
15,9.151000022888184,-3.811000108718872,8.088000297546387
18,9.036999702453613,11.82800006866455,4.64300012588501
21,9.833000183105469,-6.894000053405762,4.836999893188477
24,12.406000137329102,-8.048999786376953,4.119999885559082
27,-10.088000297546387,-7.60699987411499,6.561999797821045
30,-7.925000190734863,-7.814000129699707,8.696999549865723
33,8.246000289916992,-8.515999794006348,6.439000129699707
36,-5.139999866485596,-3.0239999294281006,7.742000102996826
39,-4.7230000495910645,-4.320000171661377,5.26800012588501
42,-2.23799991607666,-3.6760001182556152,4.519999980926514
45,-0.4690000116825104,-4.434000015258789,6.801000118255615
48,-1.343999981880188,-3.302000045776367,9.093000411987305
51,-3.6989998817443848,-4.343999862670898,9.73900032043457
54,-5.263000011444092,-8.253999710083008,7.48199987411499
57,-5.065000057220459,-7.109000205993652,4.895999908447266
60,-2.946000099182129,-8.609000205993652,3.9089999198913574
63,0.453000009059906,-6.999000072479248,6.2820000648498535
66,-0.652999997138977,-7.675000190734863,8.708000183105469
69,-3.312000036239624,-6.947999954223633,9.133000373840332
72,2.0299999713897705,-3.3359999656677246,6.091000080108643
75,1.5199999809265137,-4.25600004196167,3.4660000801086426
78,3.7990000247955322,-3.497999906539917,2.1480000019073486
81,5.583000183105469,-4.605999946594238,3.9509999752044678
84,5.607999801635742,-2.7320001125335693,6.019000053405762
87,3.630000114440918,-3.822999954223633,8.324000358581543
90,3.2079999446868896,-7.790999889373779,5.9070000648498535
93,1.340000033378601,-7.044000148773193,3.625999927520752
96,3.5169999599456787,-8.454999923706055,2.0969998836517334
99,5.074999809265137,-7.2779998779296875,3.9739999771118164
102,5.835000038146973,-8.378000259399414,8.196999549865723
105,3.569000005722046,-6.6570000648498535,8.260000228881836
108,9.781000137329102,-3.453000068664551,-1.5449999570846558
111,10.814000129699707,-4.382999897003174,1.1720000505447388
114,10.01099967956543,-3.444000005722046,3.63100004196167
117,9.602999687194824,-7.814000129699707,-1.7410000562667847
120,11.083000183105469,-7.136000156402588,0.6000000238418579
123,8.704000473022461,-7.111999988555908,2.1579999923706055
126,-10.347000122070313,-3.259000062942505,0.5720000267028809
129,-9.208000183105469,-4.421999931335449,-2.055000066757202
132,-6.868000030517578,-3.0910000801086426,-2.3580000400543213
135,-5.914000034332275,-4.354000091552734,0.07400000095367432
138,-6.245999813079834,-3.5390000343322754,2.9110000133514404
141,-9.295999526977539,-4.2789998054504395,2.931999921798706
144,-9.968000411987305,-7.933000087738037,0.43799999356269836
147,-9.093000411987305,-7.138000011444092,-2.1449999809265137
150,-6.709000110626221,-8.541999816894531,-2.3459999561309814
153,-5.796999931335449,-7.090000152587891,-0.050999999046325684
156,-6.5279998779296875,-8.031999588012695,2.5889999866485596
159,-9.005999565124512,-6.964000225067139,2.809999942779541
162,-3.319999933242798,-3.200000047683716,-0.28200000524520874
165,-1.8040000200271606,-3.996000051498413,-2.48799991607666
168,0.574999988079071,-3.002000093460083,-3.4549999237060547
171,2.128000020980835,-3.990999937057495,-1.1490000486373901
174,0.6050000190734863,-3.315000057220459,1.0959999561309814
177,-1.9609999656677246,-4.163000106811523,1.8969999551773071
180,-3.2239999771118164,-7.984000205993652,-0.3919999897480011
183,-1.944000005722046,-6.7220001220703125,-2.678999900817871
186,0.5199999809265137,-8.015999794006348,-3.2009999752044678
189,1.7200000286102295,-6.75600004196167,-1.156000018119812
192,0.20499999821186066,-7.757999897003174,1.1080000400543213
195,-2.1389999389648438,-6.853000164031982,1.8799999952316284
198,4.427000045776367,-4.3979997634887695,-2.569999933242798
201,7.97599983215332,-5.60099983215332,-0.9679999947547913
204,5.513000011444092,-3.609999895095825,-0.2759999930858612
207,4.151000022888184,-8.229000091552734,-0.8679999709129333
210,5.764999866485596,-6.728000164031982,-2.5360000133514404
213,7.0,-5.050000190734863,1.621000051498413
216,9.968000411987305,-3.200000047683716,-6.824999809265137
219,10.911999702453613,-4.089000225067139,-9.446000099182129
222,-10.052000045776367,-3.381999969482422,-9.562000274658203
225,-9.104999542236328,-4.186999797821045,-6.686999797821045
228,-10.406999588012695,-3.13100004196167,-4.394999980926514
231,10.565999984741211,-4.002999782562256,-4.190999984741211
234,9.534000396728516,-7.703000068664551,-7.067999839782715
237,11.093000411987305,-7.008999824523926,-9.241999626159668
240,-10.015000343322754,-8.116000175476074,-9.02400016784668
243,-9.121999740600586,-6.934000015258789,-6.710000038146973
246,-10.368000030517578,-7.855000019073486,-4.434000015258789
249,10.600000381469727,-6.926000118255615,-4.4120001792907715
252,-6.324999809265137,-3.569999933242798,-6.8429999351501465
255,-4.834000110626221,-4.4029998779296875,-8.946000099182129
258,-2.191999912261963,-3.3480000495910645,-9.583999633789063
261,-1.1829999685287476,-3.808000087738037,-7.144000053405762
264,-2.6549999713897705,-3.194999933242798,-4.88700008392334
267,-5.451000213623047,-4.3480000495910645,-4.25600004196167
270,-6.454999923706055,-7.984000205993652,-6.836999893188477
273,-4.617000102996826,-7.291999816894531,-9.013999938964844
276,-1.9819999933242798,-8.11400032043457,-9.204999923706055
279,-1.0499999523162842,-6.607999801635742,-7.195000171661377
282,-2.7639999389648438,-7.754000186920166,-5.118000030517578
285,-5.51200008392334,-7.1519999504089355,-4.456999778747559
288,1.531000018119812,-3.3429999351501465,-7.828999996185303
291,3.568000078201294,-4.573999881744385,-9.494999885559082
294,6.445000171661377,-3.124000072479248,-8.991000175476074
297,7.210999965667725,-4.426000118255615,-6.565000057220459
300,5.060999870300293,-3.691999912261963,-5.184999942779541
303,2.3329999446868896,-4.1519999504089355,-5.27400016784668
306,1.5160000324249268,-8.131999969482422,-7.65500020980835
309,3.5299999713897705,-7.420000076293945,-9.442000389099121
312,6.0970001220703125,-8.197999954223633,-9.574000358581543
315,6.7220001220703125,-7.146999835968018,-7.011000156402588
318,5.086999893188477,-7.794000148773193,-5.046999931335449
321,2.36899995803833,-7.0929999351501465,-5.0980000495910645
324,10.736000061035156,-3.2660000324249268,10.729000091552734
327,11.383000373840332,-4.144000053405762,13.387999534606934
330,9.805999755859375,-3.1429998874664307,-11.913000106811523
333,9.392000198364258,-8.376999855041504,8.902000427246094
336,12.107000350952148,-6.919000148773193,13.496000289916992
339,10.210000038146973,-8.027999877929688,-11.644000053405762
342,-9.385000228881836,-3.6470000743865967,13.444000244140625
345,-7.696000099182129,-4.210999965667725,11.574999809265137
348,-5.183000087738037,-3.359999895095825,11.916999816894531
351,-4.0,-4.480000019073486,14.069999694824219
354,-5.840000152587891,-3.5429999828338623,-11.39900016784668
357,-8.3100004196167,-4.640999794006348,-11.368000030517578
360,-8.855999946594238,-7.857999801635742,13.41100025177002
363,-7.454999923706055,-6.974999904632568,11.196000099182129
366,-4.679999828338623,-8.210000038146973,11.21500015258789
369,-3.921999931335449,-7.296000003814697,13.722999572753906
372,-5.546999931335449,-8.116000175476074,-11.51099967956543
375,-8.156000137329102,-7.389999866485596,-11.005000114440918
378,-1.4550000429153442,-3.321000099182129,13.649999618530273
381,-0.08399999886751175,-4.056000232696533,11.406999588012695
384,2.385999917984009,-3.1059999465942383,10.734999656677246
387,3.674999952316284,-4.466000080108643,12.67300033569336
390,2.7330000400543213,-3.6730000972747803,-12.031999588012695
393,-0.22100000083446503,-4.39900016784668,-11.329000473022461
396,-1.156000018119812,-7.8480000495910645,13.211999893188477
399,0.5009999871253967,-6.709000110626221,11.045999526977539
402,3.0810000896453857,-7.7829999923706055,10.708000183105469
405,3.941999912261963,-7.171999931335449,13.281999588012695
408,2.2980000972747803,-8.093999862670898,-11.838000297546387
411,-0.4560000002384186,-7.181000232696533,-11.456000328063965
414,6.419000148773193,-3.565000057220459,12.85099983215332
417,8.020000457763672,-4.201000213623047,10.77400016784668
420,7.302999973297119,-4.427000045776367,-11.487000465393066
423,6.431000232696533,-8.293000221252441,13.041000366210938
426,7.103000164031982,-7.261000156402588,10.368000030517578
429,7.438000202178955,-7.177999973297119,-11.720000267028809
432,10.041000366210938,4.3520002365112305,4.968999862670898
435,11.826000213623047,2.9189999103546143,6.75600004196167
438,-9.201000213623047,3.8259999752044678,5.816999912261963
441,-7.291999816894531,2.888000011444092,7.574999809265137
444,-8.381999969482422,3.9089999198913574,9.86400032043457
447,-11.27299976348877,3.2790000438690186,9.414999961853027
450,9.335000038146973,-0.039000000804662704,5.684999942779541
453,11.583000183105469,0.23800000548362732,7.313000202178955
456,-10.366000175476074,-1.0420000553131104,5.809999942779541
459,-8.329999923706055,0.3970000147819519,7.181000232696533
462,-8.206000328063965,-0.6299999952316284,9.744999885559082
465,-10.555999755859375,0.49799999594688416,9.807000160217285
468,-4.702000141143799,3.99399995803833,7.281000137329102
471,-4.995999813079834,3.2679998874664307,4.546999931335449
474,-0.9909999966621399,4.206999778747559,4.215000152587891
477,-0.1379999965429306,3.11299991607666,6.764999866485596
480,-0.9829999804496765,4.460000038146973,9.085000038146973
483,-3.615000009536743,3.194000005722046,9.60099983215332
486,-4.072000026702881,-0.628000020980835,6.619999885559082
489,-6.057000160217285,0.6259999871253967,5.431000232696533
492,-1.965000033378601,-0.9490000009536743,4.965000152587891
495,-0.23199999332427979,0.2199999988079071,6.7170000076293945
498,-1.1640000343322754,-0.5199999809265137,9.17199993133545
501,-3.6579999923706055,0.414000004529953,9.29800033569336
504,2.553999900817871,3.7360000610351563,6.370999813079834
507,2.9170000553131104,3.075000047683716,3.6579999923706055
510,5.183000087738037,4.5960001945495605,2.63100004196167
513,8.119999885559082,2.424999952316284,5.663000106811523
516,6.934999942779541,3.931999921798706,8.220999717712402
519,4.203000068664551,3.246999979019165,8.5600004196167
522,2.365000009536743,-0.5950000286102295,6.183000087738037
525,3.0450000762939453,0.18700000643730164,3.6480000019073486
528,4.833000183105469,-1.034000039100647,1.8650000095367432
531,6.552999973297119,-0.15299999713897705,3.937000036239624
534,5.948999881744385,-0.03799999877810478,6.614999771118164
537,3.8469998836517334,0.3959999978542328,8.338000297546387
540,8.857999801635742,3.934000015258789,-1.9520000219345093
543,9.61400032043457,2.8459999561309814,0.44600000977516174
546,11.093999862670898,4.5879998207092285,2.0889999866485596
549,9.218000411987305,-0.6740000247955322,-1.5169999599456787
552,10.597999572753906,0.18799999356269836,0.6610000133514404
555,8.982000350952148,-0.5550000071525574,3.0869998931884766
558,-10.175999641418457,4.173999786376953,0.9700000286102295
561,-9.423999786376953,3.453000068664551,-1.49399995803833
564,-6.760000228881836,4.001999855041504,-2.140000104904175
567,-5.686999797821045,3.2200000286102295,0.20800000429153442
570,-6.570000171661377,4.486999988555908,2.6019999980926514
573,-8.940999984741211,3.0460000038146973,3.1080000400543213
576,-10.21399974822998,-0.5049999952316284,0.7289999723434448
579,-9.345999717712402,0.3199999928474426,-1.7599999904632568
582,-6.736999988555908,-0.4659999907016754,-2.26200008392334
585,-5.521999835968018,0.44699999690055847,0.3149999976158142
588,-6.591000080108643,-0.8240000009536743,3.0789999961853027
591,-9.12399959564209,0.328000009059906,3.381999969482422
594,-2.9800000190734863,4.211999893188477,-0.01899999938905239
597,-1.4329999685287476,3.2990000247955322,-2.1670000553131104
600,1.0460000038146973,4.326000213623047,-2.5899999141693115
603,1.7130000591278076,3.244999885559082,-0.11100000143051147
606,0.9120000004768372,4.389999866485596,2.2100000381469727
609,-2.7939999103546143,2.7809998989105225,2.680000066757202
612,-2.7990000247955322,-0.3070000112056732,-0.31299999356269836
615,-1.871999979019165,0.492000013589859,-2.7019999027252197
618,0.7459999918937683,-0.33500000834465027,-3.058000087738037
621,1.8990000486373901,0.5649999976158142,-0.8379999995231628
624,0.7929999828338623,-0.4729999899864197,1.7380000352859497
627,-1.9210000038146973,-0.04899999871850014,2.3340001106262207
630,4.238999843597412,4.710000038146973,-0.019999999552965164
633,6.077000141143799,3.622999906539917,-1.9869999885559082
636,6.60099983215332,2.316999912261963,3.0910000801086426
639,4.13700008392334,-0.6399999856948853,-2.4779999256134033
642,6.890999794006348,2.0739998817443848,0.3370000123977661
645,6.269999980926514,-0.6740000247955322,-0.453000009059906
648,9.800000190734863,3.859999895095825,-6.392000198364258
651,11.138999938964844,3.381999969482422,-8.723999977111816
654,-9.857000350952148,4.48199987411499,-8.61299991607666
657,-8.862000465393066,3.436000108718872,-6.159999847412109
660,-10.395000457763672,4.452000141143799,-4.099999904632568
663,10.817999839782715,3.3429999351501465,-3.7690000534057617
666,9.71399974822998,-0.41999998688697815,-6.980000019073486
669,11.140000343322754,0.45899999141693115,-9.241999626159668
672,-9.704000473022461,-0.24199999868869781,-9.081000328063965
675,-8.942000389099121,0.5260000228881836,-6.670000076293945
678,-10.387999534606934,-0.25,-4.392000198364258
681,10.194999694824219,0.0,-4.060999870300293
684,-6.260000228881836,4.074999809265137,-6.775000095367432
687,-4.829999923706055,3.0220000743865967,-8.803000450134277
690,-2.2799999713897705,4.122000217437744,-8.916000366210938
693,-0.9589999914169312,3.1089999675750732,-6.688000202178955
696,-2.380000114440918,4.4120001792907715,-4.598999977111816
699,-5.005000114440918,3.4059998989105225,-4.107999801635742
702,-6.370999813079834,-0.6620000004768372,-7.059999942779541
705,-4.714000225067139,0.21299999952316284,-9.10099983215332
708,-2.194999933242798,-0.6639999747276306,-9.663000106811523
711,-1.1610000133514404,0.4429999887943268,-7.460000038146973
714,-2.6019999980926514,-0.414000004529953,-5.241000175476074
717,-5.334000110626221,0.4269999861717224,-4.663000106811523
720,1.7730000019073486,4.020999908447266,-7.021999835968018
723,3.566999912261963,3.4189999103546143,-9.111000061035156
726,6.129000186920166,4.308000087738037,-9.003999710083008
729,7.008999824523926,3.1089999675750732,-6.630000114440918
732,5.294000148773193,4.080999851226807,-4.616000175476074
735,2.693000078201294,3.1570000648498535,-4.585999965667725
738,1.444000005722046,-0.550000011920929,-7.73799991607666
741,3.489000082015991,0.3490000069141388,-9.376999855041504
744,6.251999855041504,-0.22599999606609344,-9.491000175476074
747,6.9120001792907715,0.36800000071525574,-6.809999942779541
750,4.775000095367432,-0.4779999852180481,-5.197999954223633
753,2.2839999198913574,0.6290000081062317,-5.389999866485596
756,10.51200008392334,4.074999809265137,11.331000328063965
759,11.404000282287598,2.9189999103546143,13.633000373840332
762,9.956999778747559,3.743000030517578,-11.267000198364258
765,10.70300006866455,-0.5189999938011169,11.017000198364258
768,12.196999549865723,0.2800000011920929,13.458999633789063
771,10.45199966430664,-0.3569999933242798,-11.64799976348877
774,-9.802000045776367,4.267000198364258,13.954999923706055
777,-7.61299991607666,3.319999933242798,12.439000129699707
780,-5.182000160217285,4.40500020980835,11.574999809265137
783,-4.038000106811523,3.572000026702881,14.031999588012695
786,-5.896999835968018,4.244999885559082,-11.199999809265137
789,-8.73900032043457,3.3389999866485596,-10.788000106811523
792,-9.027999877929688,-0.9350000023841858,13.65999984741211
795,-7.171999931335449,0.29499998688697815,12.083999633789063
798,-4.755000114440918,-0.5619999766349792,11.548999786376953
801,-3.86899995803833,0.5270000100135803,13.95199966430664
804,-5.763000011444092,-0.8109999895095825,-11.571999549865723
807,-8.182999610900879,0.5329999923706055,-11.173999786376953
810,-1.5019999742507935,4.197000026702881,13.630999565124512
813,0.032999999821186066,3.506999969482422,11.449999809265137
816,2.755000114440918,3.86899995803833,10.800999641418457
819,3.7960000038146973,3.121999979019165,13.11299991607666
822,2.1470000743865967,3.7990000247955322,-11.675999641418457
825,-0.6240000128746033,3.1670000553131104,-11.151000022888184
828,-1.3559999465942383,-0.47600001096725464,13.494000434875488
831,0.05999999865889549,0.6140000224113464,11.355999946594238
834,2.5880000591278076,-0.3959999978542328,10.718999862670898
837,3.6670000553131104,0.28299999237060547,13.23900032043457
840,2.5959999561309814,-0.9309999942779541,-11.748000144958496
843,-0.1550000011920929,0.42800000309944153,-11.197999954223633
846,6.408999919891357,4.117000102996826,13.288999557495117
849,7.7210001945495605,2.9649999141693115,11.052000045776367
852,7.284999847412109,3.1429998874664307,-11.199999809265137
855,6.4019999504089355,-0.7860000133514404,13.319999694824219
858,8.274999618530273,0.289000004529953,11.652999877929688
861,7.791999816894531,0.3240000009536743,-11.689000129699707
864,9.822999954223633,8.744000434875488,7.625999927520752
867,11.09000015258789,10.145999908447266,5.034999847412109
870,-11.015999794006348,11.71399974822998,3.430000066757202
873,-7.609000205993652,10.307999610900879,7.26200008392334
876,-8.62600040435791,11.873000144958496,9.361000061035156
879,-11.142000198364258,11.019000053405762,10.307999610900879
882,8.970999717712402,6.813000202178955,5.76800012588501
885,11.411999702453613,7.546000003814697,4.577000141143799
888,-9.628999710083008,6.577000141143799,5.494999885559082
891,-9.142999649047852,7.947000026702881,7.7210001945495605
894,-7.127999782562256,6.519999980926514,8.824000358581543
897,12.065999984741211,8.395999908447266,9.397000312805176
900,-4.593999862670898,11.265000343322754,6.880000114440918
903,-4.254000186920166,11.104000091552734,4.215000152587891
906,-0.4880000054836273,12.486000061035156,4.6529998779296875
909,0.4339999854564667,11.097000122070313,6.906000137329102
912,-0.7760000228881836,11.925000190734863,9.194999694824219
915,-3.371000051498413,10.939000129699707,9.371000289916992
918,-4.803999900817871,6.815000057220459,7.501999855041504
921,-4.3520002365112305,8.182000160217285,5.0329999923706055
924,-1.6959999799728394,7.073999881744385,4.756999969482422
927,-0.23399999737739563,8.298999786376953,6.7129998207092285
930,-0.7789999842643738,7.294000148773193,9.196000099182129
933,-3.3420000076293945,8.140000343322754,9.463000297546387
936,3.0999999046325684,11.821999549865723,6.320000171661377
939,3.8550000190734863,10.369000434875488,3.989000082015991
942,6.015999794006348,12.637999534606934,4.374000072479248
945,7.051000118255615,10.812999725341797,6.068999767303467
948,6.178999900817871,11.331999778747559,8.684000015258789
951,3.6500000953674316,10.48900032043457,8.713000297546387
954,1.9160000085830688,6.616000175476074,6.64300012588501
957,2.802999973297119,7.763000011444092,4.269999980926514
960,5.316999912261963,7.505000114440918,3.509999990463257
963,6.513000011444092,7.9730000495910645,5.980000019073486
966,6.499000072479248,6.951000213623047,8.682999610900879
969,3.6470000743865967,7.5980000495910645,8.847000122070313
972,8.755999565124512,11.661999702453613,-2.2760000228881836
975,9.684000015258789,11.13700008392334,0.4090000092983246
978,7.980000019073486,12.722000122070313,2.306999921798706
981,9.107999801635742,6.828000068664551,-2.049999952316284
984,8.751999855041504,8.449999809265137,0.4959999918937683
987,11.684000015258789,7.296000003814697,1.8070000410079956
990,-11.199999809265137,11.946999549865723,0.6480000019073486
993,-9.60099983215332,10.987000465393066,-1.649999976158142
996,-6.882999897003174,11.230999946594238,-2.2290000915527344
999,-5.889999866485596,10.355999946594238,0.14900000393390656
1002,-6.49399995803833,11.531999588012695,2.7109999656677246
1005,-8.418000221252441,10.592000007629395,4.525000095367432
1008,-9.260000228881836,7.236999988555908,0.8059999942779541
1011,-9.022000312805176,8.102999687194824,-1.7730000019073486
1014,-6.589000225067139,6.783999919891357,-1.9910000562667847
1017,-5.072000026702881,7.715000152587891,0.20200000703334808
1020,-5.859000205993652,7.193999767303467,2.8450000286102295
1023,-8.460000038146973,7.956999778747559,3.49399995803833
1026,-3.4790000915527344,11.654000282287598,-0.07800000160932541
1029,-2.0169999599456787,10.661999702453613,-2.1070001125335693
1032,0.45899999141693115,11.678999900817871,-2.888000011444092
1035,1.5809999704360962,10.854999542236328,-0.5429999828338623
1038,-0.15299999713897705,11.817000389099121,1.4259999990463257
1041,-2.4639999866485596,10.562999725341797,2.1440000534057617
1044,-2.5910000801086426,6.8480000495910645,0.09099999815225601
1047,-1.8530000448226929,7.927999973297119,-2.4600000381469727
1050,0.8289999961853027,7.151000022888184,-2.8949999809265137
1053,1.86899995803833,8.043000221252441,-0.5299999713897705
1056,1.3650000095367432,7.079999923706055,1.9989999532699585
1059,-1.2640000581741333,8.109999656677246,2.2070000171661377
1062,4.160999774932861,11.376999855041504,-1.1380000114440918
1065,6.258999824523926,10.527000427246094,-2.635999917984009
1068,4.179999828338623,11.335000038146973,1.5219999551773071
1071,4.4770002365112305,7.322000026702881,-0.8460000157356262
1074,6.506999969482422,7.714000225067139,-2.799999952316284
1077,5.78000020980835,9.111000061035156,1.2009999752044678
1080,9.836999893188477,11.86400032043457,-6.795000076293945
1083,11.071999549865723,10.83899974822998,-9.053999900817871
1086,-9.857000350952148,11.555999755859375,-8.994000434875488
1089,-9.109000205993652,10.8149995803833,-6.150000095367432
1092,-10.583000183105469,11.857999801635742,-4.142000198364258
1095,10.345999717712402,10.883999824523926,-4.2129998207092285
1098,9.515000343322754,6.723999977111816,-6.723999977111816
1101,11.093999862670898,7.711999893188477,-8.87600040435791
1104,-9.673999786376953,7.374000072479248,-8.86299991607666
1107,-8.621000289916992,7.8470001220703125,-6.38700008392334
1110,-10.178999900817871,7.175000190734863,-4.166999816894531
1113,10.57699966430664,7.9670000076293945,-4.211999893188477
1116,-6.275000095367432,11.498000144958496,-6.705999851226807
1119,-4.591000080108643,10.821999549865723,-8.670999526977539
1122,-1.940000057220459,11.729000091552734,-8.769000053405762
1125,-1.003999948501587,10.708999633789063,-6.465000152587891
1128,-2.7130000591278076,11.6850004196167,-4.534999847412109
1131,-5.201000213623047,10.52400016784668,-4.408999919891357
1134,-6.110000133514404,6.76200008392334,-6.943999767303467
1137,-4.883999824523926,8.111000061035156,-9.024999618530273
1140,-2.4200000762939453,7.064000129699707,-9.357999801635742
1143,-1.0540000200271606,7.926000118255615,-6.989999771118164
1146,-2.802000045776367,7.26200008392334,-5.002999782562256
1149,-5.357999801635742,7.677999973297119,-4.500999927520752
1152,1.5399999618530273,11.590999603271484,-6.992000102996826
1155,3.3299999237060547,10.812000274658203,-9.043999671936035
1158,6.208000183105469,11.27400016784668,-9.444999694824219
1161,6.999000072479248,10.878999710083008,-6.910999774932861
1164,5.2220001220703125,11.616000175476074,-4.986999988555908
1167,2.4119999408721924,10.66100025177002,-4.578000068664551
1170,1.4910000562667847,6.883999824523926,-7.216000080108643
1173,3.075000047683716,7.896999835968018,-9.246999740600586
1176,5.888999938964844,7.205999851226807,-9.276000022888184
1179,7.014999866485596,8.053000450134277,-6.796999931335449
1182,5.241000175476074,6.914000034332275,-4.964000225067139
1185,2.7260000705718994,7.9120001792907715,-4.745999813079834
1188,9.984000205993652,11.222000122070313,8.935999870300293
1191,12.105999946594238,10.970999717712402,13.482999801635742
1194,10.097999572753906,11.52299976348877,-11.85099983215332
1197,10.414999961853027,6.964000225067139,11.213000297546387
1200,11.53499984741211,7.824999809265137,13.84000015258789
1203,10.145000457763672,6.49399995803833,-11.253000259399414
1206,-8.644000053405762,11.84000015258789,13.649999618530273
1209,-7.454999923706055,10.369000434875488,11.439000129699707
1212,-4.947999954223633,11.456999778747559,11.430000305175781
1215,-3.5239999294281006,10.9399995803833,13.694999694824219
1218,-5.110000133514404,11.383000373840332,-11.232000350952148
1221,-8.015000343322754,10.800999641418457,-10.996999740600586
1224,-9.467000007629395,7.111000061035156,13.50100040435791
1227,-7.7230000495910645,7.541999816894531,11.298999786376953
1230,-4.9720001220703125,7.269000053405762,11.508000373840332
1233,-4.131999969482422,8.270999908447266,13.878999710083008
1236,-6.015999794006348,7.066999912261963,-11.343000411987305
1239,-8.472999572753906,8.11400032043457,-11.326000213623047
1242,-0.7680000066757202,11.906000137329102,13.579000473022461
1245,0.16899999976158142,10.593000411987305,11.293000221252441
1248,2.753999948501587,11.795999526977539,11.168999671936035
1251,3.561000108718872,10.281999588012695,13.383000373840332
1254,2.2790000438690186,11.456000328063965,-11.57699966430664
1257,-0.3959999978542328,10.86400032043457,-10.968000411987305
1260,-1.6059999465942383,6.886000156402588,13.654999732971191
1263,0.23499999940395355,7.796000003814697,11.631999969482422
1266,2.7170000076293945,6.690000057220459,11.343999862670898
1269,3.73799991607666,7.51200008392334,13.968999862670898
1272,1.9919999837875366,6.611000061035156,-11.319000244140625
1275,-0.4659999907016754,7.952000141143799,-11.10099983215332
1278,6.309000015258789,11.128999710083008,13.083999633789063
1281,7.664999961853027,10.420999526977539,10.899999618530273
1284,7.644000053405762,10.47599983215332,-11.645999908447266
1287,6.565999984741211,6.789000034332275,13.524999618530273
1290,7.681000232696533,7.511000156402588,11.151000022888184
1293,7.756999969482422,7.690000057220459,-11.298999786376953
