0,1.031999945640564,-1.8550000190734863,4.335000038146973
3,5.673999786376953,10.026000022888184,-11.888999938964844
6,7.380000114440918,1.0110000371932983,-7.7829999923706055
9,-10.357000350952148,12.970999717712402,2.246000051498413
12,-3.119999885559082,-7.1570000648498535,-12.968999862670898
15,4.913000106811523,5.107999801635742,5.769999980926514
18,3.8480000495910645,8.631999969482422,8.914999961853027
21,4.329999923706055,5.191999912261963,10.020000457763672
24,7.243000030517578,8.907999992370605,5.076000213623047
27,7.874000072479248,-7.76800012588501,-12.543000221252441
30,9.970999717712402,7.031000137329102,9.53600025177002
33,8.144000053405762,12.970000267028809,6.801000118255615
36,12.383999824523926,-7.599999904632568,5.813000202178955
39,-10.232000350952148,-8.446999549865723,11.036999702453613
42,1.371999979019165,-7.7789998054504395,6.0920000076293945
45,-8.173999786376953,-6.27400016784668,10.335000038146973
48,2.990999937057495,-9.043000221252441,8.081999778747559
51,-10.204999923706055,-8.815999984741211,8.10099983215332
54,-3.4590001106262207,0.9100000262260437,12.517000198364258
57,-10.218999862670898,9.628999710083008,3.243000030517578
60,-6.690999984741211,-6.565999984741211,6.9079999923706055
63,7.750999927520752,5.014999866485596,6.827000141143799
66,-2.121000051498413,11.25,14.098999977111816
69,-3.9030001163482666,-6.2829999923706055,6.23799991607666
72,-0.7720000147819519,12.569999694824219,-11.08899974822998
75,10.239999771118164,0.9229999780654907,9.394000053405762
78,-6.558000087738037,3.7669999599456787,-2.4590001106262207
81,-7.257999897003174,-0.16899999976158142,3.384999990463257
84,4.74399995803833,8.916999816894531,6.3979997634887695
87,-4.551000118255615,11.704999923706055,10.66100025177002
90,9.621000289916992,11.295999526977539,-8.940999984741211
93,-7.758999824523926,12.678000450134277,6.828000068664551
96,6.824999809265137,-5.814000129699707,-3.8010001182556152
99,4.203000068664551,-8.649999618530273,4.170000076293945
102,6.709000110626221,12.574999809265137,-11.253999710083008
105,5.5879998207092285,-8.413999557495117,6.809000015258789
108,6.874000072479248,0.14800000190734863,12.560999870300293
111,11.911999702453613,-6.203999996185303,9.71500015258789
114,-0.8659999966621399,-6.091000080108643,12.843000411987305
117,5.072000026702881,6.854000091552734,-9.781999588012695
120,9.1899995803833,-8.37399959564209,1.840999960899353
123,5.829999923706055,0.5130000114440918,5.696000099182129
126,-7.954999923706055,-6.040999889373779,2.3010001182556152
129,-0.6779999732971191,-8.62399959564209,0.5540000200271606
132,-1.246000051498413,-4.625999927520752,0.2669999897480011
135,-8.708000183105469,-6.551000118255615,4.863999843597412
138,-3.4660000801086426,-8.173999786376953,1.0789999961853027
141,11.673999786376953,-4.6519999504089355,5.604000091552734
144,6.815000057220459,9.982999801635742,12.446000099182129
147,11.888999938964844,-4.044000148773193,1.121000051498413
150,-3.575000047683716,9.340999603271484,-7.826000213623047
153,-9.57699966430664,4.267000198364258,3.6679999828338623
156,11.979999542236328,-7.071000099182129,1.4270000457763672
159,6.8379998207092285,-8.968000411987305,0.12800000607967377
162,-6.093999862670898,1.5429999828338623,1.2660000324249268
165,-9.352999687194824,3.9170000553131104,-2.259000062942505
168,-4.568999767303467,-4.250999927520752,-0.2919999957084656
171,5.9710001945495605,-5.822000026702881,9.802000045776367
174,-2.9670000076293945,3.6489999294281006,3.6630001068115234
177,-11.119000434875488,-2.5840001106262207,3.8469998836517334
180,-7.081999778747559,10.468000411987305,3.999000072479248
183,4.183000087738037,-8.020000457763672,-5.571000099182129
186,-1.531000018119812,-2.1760001182556152,-6.5269999504089355
189,0.17000000178813934,-5.756999969482422,7.632999897003174
192,-0.7170000076293945,-6.311999797821045,-5.873000144958496
195,-5.00600004196167,9.178000450134277,0.1080000028014183
198,4.3480000495910645,-6.868000030517578,-3.124000072479248
201,-0.6880000233650208,-8.817999839782715,3.3510000705718994
204,-1.2000000476837158,9.909000396728516,7.283999919891357
207,-5.110000133514404,5.2179999351501465,4.019000053405762
210,4.074999809265137,3.0989999771118164,0.9070000052452087
213,5.730000019073486,2.115000009536743,-12.378000259399414
216,1.7059999704360962,-7.539000034332275,3.5460000038146973
219,-4.807000160217285,11.904000282287598,-3.507999897003174
222,-8.748000144958496,-6.874000072479248,-2.986999988555908
225,-4.242000102996826,-8.52299976348877,-1.5160000324249268
228,0.4189999997615814,-6.671999931335449,-0.9639999866485596
231,9.291000366210938,10.621000289916992,-2.4690001010894775
234,8.031999588012695,-6.353000164031982,3.065999984741211
237,-10.03499984741211,11.751999855041504,-4.666999816894531
240,-8.97700023651123,8.097000122070313,5.170000076293945
243,-8.72599983215332,13.161999702453613,0.09700000286102295
246,10.067999839782715,8.154999732971191,-1.3459999561309814
249,11.442999839782715,-6.513000011444092,-4.182000160217285
252,6.668000221252441,1.9950000047683716,-4.072000026702881
255,-9.475000381469727,-1.2979999780654907,-3.9549999237060547
258,-7.548999786376953,-1.0399999618530273,-10.105999946594238
261,-8.866999626159668,-4.078000068664551,-7.193999767303467
264,-0.10199999809265137,-2.0759999752044678,0.7400000095367432
267,-4.129000186920166,-2.2200000286102295,-8.267999649047852
270,8.913000106811523,8.925000190734863,-5.519000053405762
273,11.083000183105469,9.062000274658203,-8.079999923706055
276,11.317999839782715,-7.4720001220703125,-12.513999938964844
279,-5.447999954223633,-7.724999904632568,13.163999557495117
282,-6.702000141143799,-3.3420000076293945,-8.859999656677246
285,-8.300000190734863,12.29800033569336,13.550000190734863
288,-6.692999839782715,0.824999988079071,-1.5429999828338623
291,3.131999969482422,-5.370999813079834,-1.312999963760376
294,4.2820000648498535,-9.147000312805176,-10.241000175476074
297,10.003999710083008,-8.324999809265137,-2.3540000915527344
300,8.288999557495117,-2.6579999923706055,-5.933000087738037
303,-6.84499979019165,-4.681000232696533,-5.104000091552734
306,9.166999816894531,-5.057000160217285,-5.053999900817871
309,4.2230000495910645,-2.2869999408721924,-11.244000434875488
312,7.044000148773193,13.008999824523926,-5.626999855041504
315,7.539999961853027,9.925999641418457,-7.559999942779541
318,4.257999897003174,-8.583999633789063,-0.9900000095367432
321,-1.8220000267028809,-1.5089999437332153,-9.687000274658203
324,0.6710000038146973,-4.09499979019165,-12.135000228881836
327,5.989999771118164,7.377999782562256,12.680999755859375
330,9.13700008392334,-7.388999938964844,-6.669000148773193
333,3.3540000915527344,-6.783999919891357,9.61299991607666
336,9.199999809265137,10.253000259399414,-12.182999610900879
339,-11.022000312805176,11.020999908447266,13.656999588012695
342,8.57699966430664,-8.494000434875488,-9.649999618530273
345,-1.2059999704360962,-2.4809999465942383,10.767000198364258
348,-10.861000061035156,-5.638999938964844,-6.306000232696533
351,-5.743000030517578,-3.049999952316284,11.708999633789063
354,-7.4070000648498535,7.724999904632568,10.572999954223633
357,9.581000328063965,10.961000442504883,12.53600025177002
360,-8.704999923706055,10.079000473022461,9.531000137329102
363,8.208000183105469,10.104000091552734,7.5960001945495605
366,-6.1519999504089355,-8.718000411987305,9.494000434875488
369,-7.980999946594238,12.348999977111816,10.864999771118164
372,3.7809998989105225,-5.65500020980835,12.60200023651123
375,-7.735000133514404,9.906000137329102,6.681000232696533
378,-2.0290000438690186,-4.651000022888184,-11.786999702453613
381,7.156000137329102,8.654999732971191,-10.032999992370605
384,-4.954999923706055,-8.206999778747559,-5.960000038146973
387,-0.6539999842643738,-8.42300033569336,10.387999534606934
390,-3.299999952316284,-9.062000274658203,-11.053999900817871
393,-1.1699999570846558,-6.629000186920166,-10.246000289916992
396,3.0209999084472656,8.177000045776367,-11.368000030517578
399,-5.781000137329102,12.095999717712402,-12.081999778747559
402,-4.659999847412109,-6.688000202178955,10.342000007629395
405,7.622000217437744,-5.940999984741211,-10.482999801635742
408,-4.071000099182129,-3.9739999771118164,7.553999900817871
411,-8.350000381469727,-4.020999908447266,12.232999801635742
414,2.7239999771118164,3.7739999294281006,-9.02299976348877
417,3.6619999408721924,0.335999995470047,-10.571000099182129
420,-2.4040000438690186,1.0980000495910645,-8.92199993133545
423,7.5289998054504395,-0.5849999785423279,-12.01099967956543
426,3.4170000553131104,-1.034999966621399,6.545000076293945
429,6.264999866485596,7.182000160217285,-6.166999816894531
432,10.640999794006348,-8.722999572753906,12.461999893188477
435,-11.085000038146973,0.6489999890327454,-12.508000373840332
438,-3.305999994277954,-7.5879998207092285,3.7090001106262207
441,-6.59499979019165,0.8009999990463257,-12.13700008392334
444,-6.410999774932861,3.4790000915527344,7.204999923706055
447,8.951000213623047,5.258999824523926,-10.081000328063965
450,3.2739999294281006,-1.9889999628067017,11.628000259399414
453,5.110000133514404,-7.853000164031982,13.229999542236328
456,8.930999755859375,-6.144000053405762,5.5320000648498535
459,-9.477999687194824,4.479000091552734,13.782999992370605
462,-11.333999633789063,-1.715000033378601,8.92300033569336
465,9.130000114440918,-4.489999771118164,7.552000045776367
468,-7.11299991607666,1.9010000228881836,4.948999881744385
471,-8.145000457763672,4.086999893188477,11.026000022888184
474,-1.7660000324249268,-0.09200000017881393,5.820000171661377
477,-3.434999942779541,5.559999942779541,8.730999946594238
480,-0.6859999895095825,0.28600001335144043,11.357000350952148
483,-6.807000160217285,5.979000091552734,-11.680999755859375
486,-9.112000465393066,-1.6920000314712524,10.682999610900879
489,-10.470000267028809,-4.295000076293945,-10.444000244140625
492,-1.3739999532699585,-0.9819999933242798,3.0869998931884766
495,-3.8239998817443848,3.3289999961853027,13.836999893188477
498,-11.017000198364258,-3.996000051498413,11.225000381469727
501,-7.309000015258789,12.263999938964844,-4.6570000648498535
504,-1.434000015258789,7.328999996185303,6.033999919891357
507,3.867000102996826,-0.3869999945163727,9.23799991607666
510,-8.984999656677246,2.5290000438690186,7.895999908447266
513,6.25,-1.2259999513626099,10.177000045776367
516,1.5980000495910645,1.0570000410079956,9.579000473022461
519,-11.12399959564209,0.3919999897480011,7.230999946594238
522,0.6840000152587891,-4.303999900817871,9.932000160217285
525,-4.603000164031982,3.0829999446868896,9.222000122070313
528,-4.264999866485596,-4.994999885559082,2.989000082015991
531,-8.40999984741211,13.085000038146973,4.09499979019165
534,-7.883999824523926,-4.559000015258789,8.312999725341797
537,6.568999767303467,-3.6700000762939453,8.25
540,3.9760000705718994,-3.3499999046325684,-3.2039999961853027
543,5.729000091552734,9.444000244140625,0.8709999918937683
546,9.105999946594238,6.01800012588501,0.39800000190734863
549,1.6160000562667847,1.6109999418258667,3.0869998931884766
552,3.5429999828338623,-1.2109999656677246,3.5789999961853027
555,9.776000022888184,0.9599999785423279,-12.574999809265137
558,-7.757999897003174,8.871999740600586,1.5789999961853027
561,-8.878000259399414,-3.4210000038146973,1.0089999437332153
564,8.614999771118164,0.23999999463558197,-5.170000076293945
567,4.331999778747559,-1.284000039100647,-8.220999717712402
570,9.008999824523926,-1.746999979019165,5.251999855041504
573,-10.58899974822998,-4.2220001220703125,8.104000091552734
576,-5.692999839782715,-6.572000026702881,1.062999963760376
579,-9.199000358581543,-6.604000091552734,-0.3370000123977661
582,-6.693999767303467,-1.6790000200271606,-0.22200000286102295
585,-5.144999980926514,-2.5880000591278076,1.805999994277954
588,-3.931999921798706,-0.07599999755620956,2.305000066757202
591,12.151000022888184,11.189000129699707,8.494000434875488
594,-9.255000114440918,5.3470001220703125,-4.485000133514404
597,-11.218000411987305,1.2339999675750732,0.18400000035762787
600,-0.5690000057220459,-2.6410000324249268,-3.890000104904175
603,-2.263000011444092,-6.7179999351501465,8.892999649047852
606,1.6790000200271606,2.561000108718872,-0.21199999749660492
609,-6.258999824523926,6.040999889373779,-1.340000033378601
612,-3.6089999675750732,2.0739998817443848,0.0729999989271164
615,2.880000114440918,-0.8920000195503235,-2.7760000228881836
618,-1.6679999828338623,5.182000160217285,-1.8860000371932983
621,3.49399995803833,-3.9049999713897705,9.628999710083008
624,8.180999755859375,3.0139999389648438,8.720000267028809
627,-2.0299999713897705,7.394000053405762,10.006999969482422
630,7.873000144958496,6.033999919891357,4.388000011444092
633,0.7689999938011169,4.60699987411499,-1.4229999780654907
636,4.260000228881836,6.843999862670898,0.8999999761581421
639,3.809999942779541,-4.710999965667725,-10.006999969482422
642,1.1030000448226929,0.503000020980835,5.539999961853027
645,7.974999904632568,-7.254000186920166,8.626999855041504
648,2.015000104904175,-0.382999986410141,0.8510000109672546
651,-3.558000087738037,-9.163000106811523,-8.215999603271484
654,-9.126999855041504,7.361999988555908,12.715999603271484
657,6.533999919891357,-1.9830000400543213,4.052000045776367
660,-8.26099967956543,-1.9570000171661377,5.041999816894531
663,7.913000106811523,-6.801000118255615,-1.1970000267028809
666,5.48799991607666,-2.322000026702881,-5.498000144958496
669,-10.661999702453613,-9.006999969482422,-2.2309999465942383
672,0.4950000047683716,1.7059999704360962,-2.9030001163482666
675,-10.194999694824219,-0.8989999890327454,1.534999966621399
678,9.65999984741211,-5.60699987411499,0.7749999761581421
681,-0.8370000123977661,1.3669999837875366,-0.25600001215934753
684,-8.550999641418457,8.119999885559082,-11.137999534606934
687,-9.850000381469727,3.3410000801086426,-6.269000053405762
690,-5.809000015258789,3.440000057220459,-8.960000038146973
693,11.619000434875488,2.196000099182129,-3.500999927520752
696,-8.437000274658203,9.79699993133545,-2.01200008392334
699,-0.628000020980835,11.17199993133545,-6.978000164031982
702,-11.057999610900879,-5.541999816894531,-1.8990000486373901
705,-10.836999893188477,-2.3420000076293945,-6.505000114440918
708,10.041999816894531,4.427000045776367,-3.131999969482422
711,-9.817000389099121,1.0140000581741333,-2.3519999980926514
714,-0.1289999932050705,-0.7110000252723694,-1.8040000200271606
717,-6.007999897003174,-3.627000093460083,4.895999908447266
720,4.534999847412109,0.13699999451637268,-0.6890000104904175
723,1.6970000267028809,1.6160000562667847,-5.334000110626221
726,-1.3079999685287476,10.496000289916992,-9.527000427246094
729,3.006999969482422,1.3220000267028809,-7.853000164031982
732,4.486000061035156,1.9889999628067017,3.4509999752044678
735,4.906000137329102,5.335999965667725,-1.24399995803833
738,1.8639999628067017,-4.776000022888184,5.310999870300293
741,-2.549999952316284,0.34599998593330383,-6.394999980926514
744,3.8499999046325684,10.534000396728516,-9.883999824523926
747,9.819000244140625,2.069999933242798,-9.041000366210938
750,2.2149999141693115,-5.50600004196167,1.2910000085830688
753,7.4670000076293945,0.14499999582767487,7.758999824523926
756,2.4539999961853027,-6.053999900817871,-12.116000175476074
759,11.387999534606934,3.861999988555908,-7.761000156402588
762,10.748000144958496,5.703999996185303,-5.619999885559082
765,-10.687000274658203,-5.178999900817871,13.645999908447266
768,0.902999997138977,2.5759999752044678,-10.901000022888184
771,1.1319999694824219,6.354000091552734,-8.739999771118164
774,-5.473999977111816,7.599999904632568,13.934000015258789
777,-5.769999980926514,0.23100000619888306,-7.985000133514404
780,-7.301000118255615,6.671000003814697,7.927000045776367
783,-3.2149999141693115,-4.5929999351501465,11.66100025177002
786,-3.5910000801086426,5.808000087738037,-7.363999843597412
789,9.618000030517578,-3.4079999923706055,-11.003000259399414
792,-6.868000030517578,-1.8580000400543213,9.368000030517578
795,0.878000020980835,2.743000030517578,7.28000020980835
798,4.769999980926514,-3.377000093460083,13.527000427246094
801,12.605999946594238,12.597000122070313,-11.281999588012695
804,11.16100025177002,0.3089999854564667,-6.048999786376953
807,11.86400032043457,-0.07800000160932541,-8.53600025177002
810,-5.118000030517578,6.196000099182129,-9.470000267028809
813,-4.607999801635742,10.532999992370605,13.180999755859375
816,7.315999984741211,-1.1770000457763672,-9.262999534606934
819,10.00100040435791,-8.79699993133545,4.841000080108643
822,0.9589999914169312,-1.7430000305175781,13.39799976348877
825,-8.451000213623047,2.565000057220459,-8.817000389099121
828,-3.8570001125335693,-2.506999969482422,-11.67199993133545
831,4.429999828338623,-6.949999809265137,-8.097999572753906
834,4.609000205993652,-3.756999969482422,5.927000045776367
837,7.535999774932861,-3.993000030517578,-8.772000312805176
840,1.340000033378601,-4.284999847412109,-5.177999973297119
843,-5.105999946594238,-1.1779999732971191,13.597999572753906
846,2.625,-3.4719998836517334,-7.686999797821045
849,0.3709999918937683,-2.993000030517578,-9.493000030517578
852,0.6200000047683716,0.010999999940395355,-8.086000442504883
855,1.2910000085830688,-6.4720001220703125,11.314000129699707
858,7.335000038146973,-3.443000078201294,14.472999572753906
861,-2.8450000286102295,-7.394000053405762,-3.75
864,-11.307999610900879,7.479000091552734,-11.656000137329102
867,-11.090999603271484,7.4039998054504395,-1.996999979019165
870,1.8200000524520874,9.210000038146973,5.593999862670898
873,-5.683000087738037,4.456999778747559,12.232999801635742
876,-9.32800006866455,5.125,8.633999824523926
879,-9.27400016784668,-8.545999526977539,-6.918000221252441
882,8.822999954223633,-1.8819999694824219,11.508000373840332
885,2.9210000038146973,4.823999881744385,7.554999828338623
888,-10.28499984741211,0.6930000185966492,11.795999526977539
891,9.218999862670898,10.868000030517578,4.7230000495910645
894,-9.958000183105469,9.10099983215332,-9.071999549865723
897,11.496999740600586,-1.656999945640564,12.302000045776367
900,-4.982999801635742,5.9770002365112305,1.378000020980835
903,10.654999732971191,6.863999843597412,2.5880000591278076
906,-4.639999866485596,-5.22599983215332,-3.431999921798706
909,-3.9579999446868896,7.699999809265137,7.019999980926514
912,0.6510000228881836,9.906999588012695,2.9639999866485596
915,-3.6530001163482666,10.22599983215332,8.51200008392334
918,12.482000350952148,5.961999893188477,10.387999534606934
921,-3.819000005722046,1.406000018119812,4.980999946594238
924,-7.076000213623047,-0.33000001311302185,6.935999870300293
927,0.2290000021457672,8.333000183105469,-0.7609999775886536
930,0.9670000076293945,-0.4300000071525574,-11.288000106811523
933,7.072999954223633,6.686999797821045,9.45199966430664
936,1.2899999618530273,6.820000171661377,1.218999981880188
939,2.8949999809265137,11.609000205993652,-2.191999912261963
942,10.024999618530273,9.157999992370605,1.281999945640564
945,4.879000186920166,11.258999824523926,4.364999771118164
948,2.4170000553131104,5.065000057220459,12.069999694824219
951,3.2980000972747803,9.156000137329102,-3.4800000190734863
954,-7.835999965667725,1.2999999523162842,11.206000328063965
957,-0.7289999723434448,4.158999919891357,8.949000358581543
960,3.367000102996826,10.279999732971191,2.1489999294281006
963,0.6909999847412109,6.196000099182129,7.370999813079834
966,-8.1850004196167,-4.447999954223633,-12.156000137329102
969,-4.438000202178955,2.013000011444092,-11.022000312805176
972,10.666999816894531,3.249000072479248,1.253999948501587
975,5.664000034332275,-7.35099983215332,2.1010000705718994
978,-1.4980000257492065,10.836000442504883,4.4710001945495605
981,-1.5169999599456787,4.434999942779541,-6.184000015258789
984,2.1489999294281006,6.918000221252441,-2.318000078201294
987,-8.723999977111816,7.466000080108643,-0.5809999704360962
990,-0.9819999933242798,9.357999801635742,-4.539000034332275
993,-7.449999809265137,1.8320000171661377,-6.394000053405762
996,-10.798999786376953,10.822999954223633,-1.4110000133514404
999,-2.0460000038146973,11.458999633789063,-3.132999897003174
1002,10.197999954223633,7.414000034332275,5.304999828338623
1005,11.281999588012695,-0.05400000140070915,4.793000221252441
1008,-7.026000022888184,3.502000093460083,2.8919999599456787
1011,7.9670000076293945,2.609999895095825,0.5690000057220459
1014,-5.966000080108643,0.7360000014305115,-4.301000118255615
1017,-5.251999855041504,0.3700000047683716,10.284000396728516
1020,12.498000144958496,1.7209999561309814,3.13100004196167
1023,9.446999549865723,11.743000030517578,-4.991000175476074
1026,1.7860000133514404,-9.645999908447266,-5.318999767303467
1029,-2.364000082015991,8.20199966430664,0.31700000166893005
1032,-2.2639999389648438,6.173999786376953,2.3889999389648438
1035,-2.2669999599456787,-1.7970000505447388,7.895999908447266
1038,-4.339000225067139,10.75,4.190000057220459
1041,-10.324000358581543,5.888999938964844,6.196000099182129
1044,-5.715000152587891,9.420999526977539,-2.8540000915527344
1047,-3.681999921798706,3.6510000228881836,-2.2939999103546143
1050,-6.201000213623047,8.776000022888184,-8.79800033569336
1053,0.531000018119812,4.254000186920166,2.760999917984009
1056,-6.322999954223633,7.302000045776367,5.447999954223633
1059,11.991000175476074,4.639999866485596,-0.7770000100135803
1062,0.6499999761581421,-8.741999626159668,-3.069000005722046
1065,-3.499000072479248,8.319000244140625,-5.343999862670898
1068,11.593000411987305,-8.984000205993652,-5.563000202178955
1071,0.29100000858306885,7.127999782562256,3.9489998817443848
1074,0.13600000739097595,11.371000289916992,-1.4249999523162842
1077,7.864999771118164,11.329999923706055,1.5609999895095825
1080,1.8949999809265137,6.519999980926514,-6.229000091552734
1083,8.300999641418457,5.836999893188477,-7.504000186920166
1086,11.543000221252441,8.267000198364258,-5.534999847412109
1089,11.746999740600586,12.979999542236328,-8.305000305175781
1092,-10.331000328063965,6.269999980926514,2.2019999027252197
1095,-7.550000190734863,-7.389999866485596,-5.224999904632568
1098,5.984000205993652,2.5380001068115234,-1.2940000295639038
1101,1.1480000019073486,3.878000020980835,-6.827000141143799
1104,10.336000442504883,5.577000141143799,-12.664999961853027
1107,6.942999839782715,9.479999542236328,-1.4910000562667847
1110,6.855999946594238,7.689000129699707,-3.6459999084472656
1113,6.769999980926514,6.441999912261963,1.9900000095367432
1116,-8.654999732971191,-7.10699987411499,13.880999565124512
1119,-9.42300033569336,9.267999649047852,-4.492000102996826
1122,-5.73799991607666,-4.732999801635742,-11.100000381469727
1125,-3.4019999504089355,2.8239998817443848,-4.806000232696533
1128,5.795000076293945,10.331999778747559,-4.956999778747559
1131,-2.75,12.604000091552734,-5.553999900817871
1134,6.965000152587891,3.559000015258789,-6.710999965667725
1137,-8.295000076293945,8.303000450134277,-6.9679999351501465
1140,-0.2329999953508377,-8.321999549865723,-7.59499979019165
1143,-0.3790000081062317,6.616000175476074,-4.510000228881836
1146,8.116000175476074,2.5969998836517334,-10.996000289916992
1149,-4.034999847412109,-4.489999771118164,-6.451000213623047
1152,3.2829999923706055,10.567999839782715,-6.080999851226807
1155,0.4189999997615814,-7.88100004196167,-12.510000228881836
1158,6.364999771118164,10.21500015258789,9.552000045776367
1161,1.9559999704360962,11.388999938964844,-8.27400016784668
1164,4.559999942779541,-4.718999862670898,3.0190000534057617
1167,5.6479997634887695,-4.867000102996826,-6.630000114440918
1170,-2.6019999980926514,-3.5320000648498535,-1.9570000171661377
1173,-0.5440000295639038,4.718999862670898,13.73799991607666
1176,-0.37700000405311584,9.52400016784668,11.119000434875488
1179,5.039000034332275,5.211999893188477,-7.561999797821045
1182,7.693999767303467,5.454999923706055,-2.2799999713897705
1185,11.696999549865723,-2.9089999198913574,-12.409000396728516
1188,10.741000175476074,8.994999885559082,7.7230000495910645
1191,6.864999771118164,3.7829999923706055,3.1670000553131104
1194,5.5229997634887695,5.715000152587891,-12.407999992370605
1197,11.005000114440918,11.423999786376953,2.6689999103546143
1200,-9.59000015258789,0.6259999871253967,-10.373000144958496
1203,9.437000274658203,-1.7569999694824219,8.50100040435791
1206,10.401000022888184,-8.487000465393066,9.508000373840332
1209,-1.8899999856948853,11.666999816894531,11.343999862670898
1212,-7.632999897003174,9.5649995803833,13.836999893188477
1215,-0.21899999678134918,9.36400032043457,-13.08899974822998
1218,11.859999656677246,-6.888999938964844,-9.663999557495117
1221,7.914000034332275,4.945000171661377,13.319999694824219
1224,-6.8379998207092285,6.125,-5.910999774932861
1227,9.918000221252441,8.232999801635742,-10.418000221252441
1230,-10.89900016784668,3.6559998989105225,-11.312000274658203
1233,-2.8010001182556152,6.241000175476074,13.385000228881836
1236,-5.052999973297119,6.833000183105469,-3.7360000610351563
1239,9.932000160217285,-1.968999981880188,-7.8979997634887695
1242,-9.095999717712402,12.26200008392334,-9.088000297546387
1245,0.9430000185966492,12.010000228881836,8.944999694824219
1248,1.281000018119812,6.784999847412109,13.982000350952148
1251,-6.499000072479248,11.593000411987305,-9.385000228881836
1254,1.5570000410079956,-8.42199993133545,-9.654000282287598
1257,11.803999900817871,10.704000473022461,11.015999794006348
1260,-4.560999870300293,8.329999923706055,10.718000411987305
1263,0.17299999296665192,3.3420000076293945,11.281000137329102
1266,1.062000036239624,8.777999877929688,8.645999908447266
1269,4.4770002365112305,0.3799999952316284,-4.5929999351501465
1272,-7.525000095367432,3.384000062942505,-11.670999526977539
1275,-5.500999927520752,3.697999954223633,-6.250999927520752
1278,4.574999809265137,3.861999988555908,12.850000381469727
1281,11.46500015258789,8.373000144958496,13.192000389099121
1284,10.494000434875488,4.764999866485596,11.815999984741211
1287,6.478000164031982,3.9019999504089355,10.923999786376953
1290,10.843999862670898,2.053999900817871,12.02299976348877
1293,0.6240000128746033,8.52400016784668,-10.335000038146973
