0,2.8929998874664307,-4.593999862670898,7.874000072479248
3,8.63599967956543,-8.369999885559082,8.807000160217285
6,9.232999801635742,-5.586999893188477,9.166000366210938
9,-9.906000137329102,-7.125999927520752,7.4730000495910645
12,12.11299991607666,-5.495999813079834,9.218000411987305
15,7.757999897003174,-4.107999801635742,7.307000160217285
18,7.980000019073486,10.437999725341797,6.630000114440918
21,10.644000053405762,-9.512999534606934,6.729000091552734
24,9.98799991607666,11.151000022888184,4.605999946594238
27,9.276000022888184,-6.51200008392334,4.982999801635742
30,-10.730999946594238,11.875,9.458000183105469
33,6.242000102996826,12.774999618530273,7.011000156402588
36,-7.829999923706055,-5.9079999923706055,8.873000144958496
39,12.545000076293945,-6.26200008392334,5.1529998779296875
42,-3.753999948501587,-5.703000068664551,4.058000087738037
45,-3.571000099182129,-5.572999954223633,6.7769999504089355
48,-2.569999933242798,-4.796000003814697,9.269000053405762
51,-5.264999866485596,-6.997000217437744,8.836999893188477
54,-6.771999835968018,-5.546999931335449,6.297999858856201
57,-7.415999889373779,-8.262999534606934,5.5960001945495605
60,-10.119999885559082,12.555000305175781,6.396999835968018
63,4.519000053405762,12.531999588012695,9.128000259399414
66,-3.4489998817443848,-9.22700023651123,8.767999649047852
69,-6.8420000076293945,-9.26099967956543,8.784000396728516
72,0.4880000054836273,-7.480000019073486,6.2729997634887695
75,-1.7999999523162842,-7.552999973297119,4.620999813079834
78,2.253000020980835,-5.820000171661377,3.380000114440918
81,4.75600004196167,-7.715000152587891,5.304999828338623
84,0.8199999928474426,-5.96999979019165,8.786999702453613
87,1.9559999704360962,-8.746000289916992,9.460000038146973
90,1.9739999771118164,-9.730999946594238,7.0370001792907715
93,-2.7119998931884766,12.92199993133545,6.210000038146973
96,3.4800000190734863,-7.389999866485596,1.3250000476837158
99,3.0910000801086426,-9.07699966430664,3.549999952316284
102,5.620999813079834,-9.048999786376953,11.604999542236328
105,5.886000156402588,-6.515999794006348,11.826000213623047
108,5.824999809265137,-4.699999809265137,-2.7750000953674316
111,7.741000175476074,-4.86899995803833,1.8509999513626099
114,5.343999862670898,-5.828999996185303,7.15500020980835
117,5.797999858856201,12.616999626159668,-1.5180000066757202
120,5.869999885559082,-7.810999870300293,0.2460000067949295
123,7.059000015258789,-9.467000007629395,2.2899999618530273
126,10.04699993133545,-4.790999889373779,0.46799999475479126
129,11.090999603271484,-5.36899995803833,-2.109999895095825
132,-9.772000312805176,-4.986000061035156,-2.115999937057495
135,-8.940999984741211,-6.123000144958496,0.3499999940395355
138,-10.682000160217285,-6.328000068664551,2.5220000743865967
141,10.520999908447266,-7.369999885559082,1.3320000171661377
144,9.875,12.520999908447266,2.1489999294281006
147,10.993000030517578,-8.142999649047852,-1.7410000562667847
150,-9.817999839782715,-9.220000267028809,-2.132999897003174
153,-8.510000228881836,-8.680999755859375,0.6859999895095825
156,-9.746000289916992,-8.779999732971191,2.928999900817871
159,6.980000019073486,-7.053999900817871,3.4570000171661377
162,-6.289000034332275,-4.619999885559082,0.020999999716877937
165,-4.853000164031982,-5.743000030517578,-1.934999942779541
168,-2.053999900817871,-5.538000106811523,-2.509999990463257
171,0.3199999928474426,-5.6020002365112305,1.6019999980926514
174,-3.0190000534057617,-1.3760000467300415,1.125
177,-6.123000144958496,-5.8480000495910645,2.572000026702881
180,-6.073999881744385,12.694999694824219,0.5379999876022339
183,-4.465000152587891,-8.972000122070313,-1.6770000457763672
186,-1.7200000286102295,12.626999855041504,-1.7970000505447388
189,0.023000000044703484,-8.348999977111816,2.740999937057495
192,-1.5449999570846558,12.744000434875488,1.0130000114440918
195,-5.758999824523926,-8.35200023651123,3.2079999446868896
198,1.7549999952316284,-4.7829999923706055,-0.7950000166893005
201,3.505000114440918,-6.288000106811523,-2.4519999027252197
204,5.965000152587891,-5.251999855041504,-0.12999999523162842
207,1.7039999961853027,-9.559000015258789,0.45899999141693115
210,3.0480000972747803,-9.057000160217285,-1.944000005722046
213,8.348999977111816,-3.3369998931884766,4.318999767303467
216,7.0289998054504395,-5.586999893188477,-6.802000045776367
219,8.732999801635742,-5.610000133514404,-8.781999588012695
222,11.45300006866455,-5.236999988555908,-8.90999984741211
225,11.78499984741211,-6.1529998779296875,-6.4720001220703125
228,10.37600040435791,-4.822000026702881,-4.609000205993652
231,7.741000175476074,-6.26800012588501,-3.9000000953674316
234,6.798999786376953,-9.35099983215332,-6.703999996185303
237,7.183000087738037,-8.164999961853027,-9.166999816894531
240,10.920999526977539,-8.720999717712402,-8.892999649047852
243,12.317000389099121,-8.722000122070313,-6.144000053405762
246,10.531999588012695,-9.281000137329102,-4.1020002365112305
249,7.340000152587891,-9.076000213623047,-3.9690001010894775
252,-9.42199993133545,-4.828000068664551,-6.900000095367432
255,-6.840000152587891,-5.50600004196167,-8.270000457763672
258,-4.343999862670898,-4.626999855041504,-8.805000305175781
261,-3.5220000743865967,-5.243000030517578,-6.10099983215332
264,-5.742000102996826,-4.809000015258789,-4.501999855041504
267,-8.291999816894531,-5.855999946594238,-4.326000213623047
270,-8.83899974822998,-9.416000366210938,-6.883999824523926
273,-6.876999855041504,-8.272000312805176,-8.699999809265137
276,-4.419000148773193,-9.097999572753906,-8.562999725341797
279,-3.427999973297119,-7.984000205993652,-6.13100004196167
282,-5.454999923706055,-9.116000175476074,-4.360000133514404
285,-8.17199993133545,-8.625,-4.276000022888184
288,-0.5929999947547913,-4.752999782562256,-6.041999816894531
291,0.9240000247955322,-5.567999839782715,-8.513999938964844
294,3.378000020980835,-4.906000137329102,-8.861000061035156
297,4.335999965667725,-5.710999965667725,-6.27400016784668
300,2.624000072479248,-4.624000072479248,-4.525000095367432
303,0.3179999887943268,-6.1529998779296875,-3.930999994277954
306,-1.187999963760376,-9.465999603271484,-6.581999778747559
309,0.7360000014305115,-8.54699993133545,-8.531000137329102
312,3.2799999713897705,-9.678000450134277,-8.708000183105469
315,4.064000129699707,-8.475000381469727,-6.571000099182129
318,2.8429999351501465,12.527000427246094,-4.7129998207092285
321,0.008999999612569809,-9.305000305175781,-4.080999851226807
324,8.399999618530273,-5.230000019073486,11.694000244140625
327,9.619999885559082,-5.785999774932861,14.262999534606934
330,7.59499979019165,-4.980000019073486,-11.265999794006348
333,8.435999870300293,-9.447999954223633,11.388999938964844
336,9.222999572753906,-8.598999977111816,-13.13700008392334
339,7.550000190734863,12.663999557495117,-11.20300006866455
342,12.260000228881836,-5.041999816894531,14.074999809265137
345,-10.097999572753906,-5.656000137329102,11.873000144958496
348,-7.322000026702881,-4.744999885559082,11.333000183105469
351,-6.324999809265137,-5.784999847412109,13.802000045776367
354,-7.122000217437744,-4.677000045776367,-11.062999725341797
357,-10.211000442504883,-5.888999938964844,-10.762999534606934
360,11.758999824523926,-9.380999565124512,13.612000465393066
363,-10.333999633789063,-8.647000312805176,11.531999588012695
366,-7.802000045776367,12.642999649047852,11.48900032043457
369,-6.434999942779541,-8.39799976348877,13.770999908447266
372,-8.097999572753906,-9.196999549865723,-11.366999626159668
375,-10.928999900817871,-8.680000305175781,-10.996999740600586
378,-3.753999948501587,-4.9629998207092285,13.711999893188477
381,-2.1579999923706055,-6.005000114440918,11.786999702453613
384,0.503000020980835,-5.377999782562256,11.491000175476074
387,1.1799999475479126,-5.728000164031982,14.239999771118164
390,-0.4740000069141388,-4.9079999923706055,-10.833000183105469
393,-2.996999979019165,-5.571000099182129,-11.019000053405762
396,-3.7130000591278076,-9.152000427246094,13.484000205993652
399,-2.36299991607666,-8.862000465393066,11.218000411987305
402,0.31299999356269836,-9.51099967956543,11.42300033569336
405,1.0219999551773071,-8.392999649047852,13.812999725341797
408,0.0689999982714653,-9.159000396728516,-11.0
411,-2.5369999408721924,-8.170000076293945,-10.196000099182129
414,3.994999885559082,-4.888000011444092,13.77299976348877
417,4.085999965667725,-2.3429999351501465,9.038999557495117
420,4.816999912261963,-5.814000129699707,-10.864999771118164
423,3.993000030517578,12.557000160217285,13.67199993133545
426,5.390999794006348,-4.796999931335449,9.704999923706055
429,4.728000164031982,-9.114999771118164,-11.003000259399414
432,7.916999816894531,1.7519999742507935,5.070000171661377
435,10.121000289916992,1.1920000314712524,6.485000133514404
438,12.010000228881836,2.4560000896453857,4.939000129699707
441,-7.020999908447266,-0.9700000286102295,6.7270002365112305
444,-10.861000061035156,2.01200008392334,9.534000396728516
447,10.227999687194824,0.9879999756813049,9.230999946594238
450,5.97599983215332,-2.0309998989105225,6.982999801635742
453,10.649999618530273,-1.718000054359436,7.013999938964844
456,10.902999877929688,-4.068999767303467,5.515999794006348
459,-10.012999534606934,-1.0230000019073486,6.63700008392334
462,12.109000205993652,-2.7160000801086426,9.932999610900879
465,9.720999717712402,-1.378999948501587,10.468000411987305
468,-6.9679999351501465,0.7200000286102295,4.565999984741211
471,-9.937000274658203,1.8739999532699585,6.993000030517578
474,-5.479000091552734,1.9609999656677246,2.3259999752044678
477,-1.2890000343322754,3.013000011444092,5.8460001945495605
480,-2.572999954223633,2.234999895095825,7.991000175476074
483,-5.021999835968018,1.9040000438690186,9.225000381469727
486,-5.1020002365112305,-3.190999984741211,6.449999809265137
489,-9.21500015258789,-2.4489998817443848,4.500999927520752
492,-8.347000122070313,-4.879000186920166,4.228000164031982
495,-2.5339999198913574,0.1080000028014183,6.105999946594238
498,-3.010999917984009,-1.9989999532699585,9.23799991607666
501,-5.554999828338623,-1.1230000257492065,9.295999526977539
504,2.328000068664551,4.275000095367432,7.080999851226807
507,1.2829999923706055,1.3289999961853027,6.065999984741211
510,2.494999885559082,4.383999824523926,3.1689999103546143
513,5.5329999923706055,1.0499999523162842,6.5320000648498535
516,4.873000144958496,2.4149999618530273,8.763999938964844
519,2.0160000324249268,1.5770000219345093,8.97700023651123
522,-0.6800000071525574,-1.871999979019165,7.441999912261963
525,-3.9149999618530273,-0.335999995470047,3.7100000381469727
528,-2.4489998817443848,-4.177999973297119,1.3380000591278076
531,0.7139999866485596,-2.0799999237060547,5.060999870300293
534,1.1579999923706055,-4.706999778747559,5.561999797821045
537,1.3040000200271606,-1.2089999914169312,9.302000045776367
540,4.5960001945495605,3.364000082015991,-1.8079999685287476
543,5.739999771118164,0.8029999732971191,-2.2820000648498535
546,8.670999526977539,0.8579999804496765,2.3499999046325684
549,5.251999855041504,-1.8660000562667847,-2.5190000534057617
552,7.900000095367432,0.17900000512599945,-0.3540000021457672
555,3.4089999198913574,-1.5839999914169312,3.3450000286102295
558,9.883999824523926,2.6549999713897705,0.6800000071525574
561,11.11299991607666,1.9110000133514404,-1.6030000448226929
564,-10.065999984741211,3.2049999237060547,-1.8339999914169312
567,-9.213000297546387,1.968000054359436,0.4269999861717224
570,12.420000076293945,2.003999948501587,2.374000072479248
573,5.98199987411499,-2.1089999675750732,4.0320000648498535
576,9.50100040435791,-1.8980000019073486,0.8140000104904175
579,10.781999588012695,-1.319000005722046,-1.7829999923706055
582,-9.923999786376953,-1.9329999685287476,-1.8350000381469727
585,-9.562999725341797,-0.5879999995231628,0.5820000171661377
588,12.850000381469727,-0.6330000162124634,3.069000005722046
591,10.192000389099121,-1.121000051498413,3.6540000438690186
594,-6.607999801635742,2.869999885559082,-0.14499999582767487
597,-4.888000011444092,1.9249999523162842,-2.1429998874664307
600,-2.177999973297119,2.4539999961853027,-2.0840001106262207
603,-1.9830000400543213,1.1319999694824219,0.38999998569488525
606,-2.005000114440918,2.4660000801086426,3.2130000591278076
609,-7.883999824523926,3.181999921798706,5.7220001220703125
612,-6.814000129699707,-1.2029999494552612,0.061000000685453415
615,-5.290999889373779,-0.9990000128746033,-2.0230000019073486
618,-2.309999942779541,-1.9930000305175781,-1.6519999504089355
621,0.5170000195503235,-2.193000078201294,-0.6179999709129333
624,-4.260000228881836,-3.0829999446868896,3.677000045776367
627,-6.822999954223633,-1.7769999504089355,3.4110000133514404
630,0.8709999918937683,1.6740000247955322,0.050999999046325684
633,2.6429998874664307,1.4630000591278076,-2.375
636,3.4539999961853027,2.7360000610351563,5.192999839782715
639,2.4159998893737793,-1.246999979019165,-2.0920000076293945
642,1.343999981880188,-0.4620000123977661,1.5870000123977661
645,3.4649999141693115,-4.248000144958496,1.2569999694824219
648,6.4730000495910645,2.3940000534057617,-6.78000020980835
651,8.482999801635742,1.6540000438690186,-8.510000228881836
654,11.166000366210938,2.3989999294281006,-9.039999961853027
657,11.82800006866455,2.005000114440918,-6.51800012588501
660,10.178999900817871,2.749000072479248,-4.123000144958496
663,7.644999980926514,1.4270000457763672,-4.25600004196167
666,7.013000011444092,-2.611999988555908,-6.835999965667725
669,8.611000061035156,-1.1410000324249268,-8.812000274658203
672,11.09000015258789,-2.50600004196167,-9.050000190734863
675,11.784000396728516,-1.1720000505447388,-6.769999980926514
678,10.345999717712402,-1.8220000267028809,-4.60699987411499
681,7.331999778747559,-1.4259999990463257,-4.335000038146973
684,-9.104000091552734,2.4649999141693115,-6.580999851226807
687,-7.495999813079834,1.690000057220459,-8.508000373840332
690,-4.781000137329102,2.571000099182129,-9.392000198364258
693,-3.9130001068115234,1.63100004196167,-6.793000221252441
696,-5.783999919891357,2.8529999256134033,-4.585999965667725
699,-8.592000007629395,2.303999900817871,-3.933000087738037
702,-9.079000473022461,-1.597000002861023,-6.728000164031982
705,-7.540999889373779,-1.0130000114440918,-8.913999557495117
708,-4.708000183105469,-1.8270000219345093,-9.3100004196167
711,-4.586999893188477,-1.1610000133514404,-6.6570000648498535
714,-5.960999965667725,-2.009999990463257,-4.540999889373779
717,-8.668000221252441,-1.0889999866485596,-4.0929999351501465
720,-1.222000002861023,2.3610000610351563,-6.510000228881836
723,0.5590000152587891,1.8539999723434448,-8.54800033569336
726,3.1500000953674316,2.4760000705718994,-8.86400032043457
729,4.230999946594238,1.069000005722046,-6.632999897003174
732,2.128999948501587,2.6500000953674316,-4.934000015258789
735,-0.31200000643730164,1.7259999513626099,-4.034999847412109
738,-1.1200000047683716,-1.9119999408721924,-6.553999900817871
741,0.753000020980835,-0.9160000085830688,-8.317999839782715
744,3.4779999256134033,-1.5800000429153442,-8.973999977111816
747,4.357999801635742,-1.6859999895095825,-6.317999839782715
750,2.188999891281128,-1.9229999780654907,-4.673999786376953
753,-0.6489999890327454,-1.2419999837875366,-3.937000036239624
756,8.35099983215332,1.7209999561309814,11.071999549865723
759,9.055000305175781,1.625,13.869000434875488
762,7.61299991607666,2.4200000762939453,-10.991999626159668
765,7.186999797821045,-2.9159998893737793,10.741000175476074
768,9.232999801635742,-1.246999979019165,13.324000358581543
771,7.751999855041504,-1.8350000381469727,-11.569999694824219
774,11.734000205993652,2.125,13.359000205993652
777,-9.652999877929688,1.5850000381469727,12.008999824523926
780,-6.90500020980835,2.3889999389648438,11.602999687194824
783,-6.420000076293945,1.7940000295639038,14.178999900817871
786,-8.32800006866455,2.7880001068115234,-11.177000045776367
789,-10.822999954223633,1.5729999542236328,-11.050999641418457
792,11.831000328063965,-2.563999891281128,13.394000053405762
795,-9.682000160217285,-1.3320000171661377,11.519000053405762
798,-7.125,-2.071000099182129,11.312000274658203
801,-6.01200008392334,-0.8579999804496765,13.732999801635742
804,-7.8420000076293945,-1.9759999513626099,-11.534000396728516
807,-11.050000190734863,-1.7269999980926514,-11.293000221252441
810,-3.755000114440918,3.1040000915527344,13.883000373840332
813,-2.066999912261963,2.055000066757202,11.881999969482422
816,1.1979999542236328,2.4749999046325684,11.576000213623047
819,1.3530000448226929,1.9320000410079956,14.279000282287598
822,0.004999999888241291,3.1429998874664307,-10.930000305175781
825,-2.427999973297119,1.590000033378601,-11.074000358581543
828,-3.73799991607666,-2.1740000247955322,13.48900032043457
831,-2.375,-0.7820000052452087,11.736000061035156
834,0.0860000029206276,-2.1410000324249268,11.854999542236328
837,1.1690000295639038,-0.8560000061988831,-12.956000328063965
840,-0.15000000596046448,-2.1530001163482666,-10.78499984741211
843,-2.7980000972747803,-1.0369999408721924,-11.220999717712402
846,4.085999965667725,2.490999937057495,13.809000015258789
849,5.435999870300293,1.3899999856948853,11.456999778747559
852,4.859000205993652,1.7059999704360962,-10.836000442504883
855,3.5980000495910645,-2.069999933242798,-12.986000061035156
858,4.953000068664551,-1.4049999713897705,11.538999557495117
861,5.077000141143799,-1.1150000095367432,-10.91100025177002
864,8.944000244140625,7.910999774932861,7.809000015258789
867,7.620999813079834,5.1020002365112305,4.554999828338623
870,11.461000442504883,8.734999656677246,4.7170000076293945
873,-9.279999732971191,9.015999794006348,7.724999904632568
876,-10.927000045776367,9.319000244140625,10.02400016784668
879,10.375,8.501999855041504,11.194000244140625
882,6.925000190734863,5.940999984741211,7.011000156402588
885,10.786999702453613,6.5370001792907715,6.290999889373779
888,10.562000274658203,4.625999927520752,4.133999824523926
891,-10.065999984741211,6.295000076293945,7.468999862670898
894,-10.765999794006348,4.901000022888184,9.54800033569336
897,10.232000350952148,6.006999969482422,9.833000183105469
900,-6.89300012588501,10.130000114440918,7.709000110626221
903,-6.797999858856201,9.920999526977539,4.994999885559082
906,-3.3380000591278076,9.651000022888184,2.509000062942505
909,-0.4009999930858612,11.317999839782715,6.835000038146973
912,-2.640000104904175,10.225000381469727,8.63599967956543
915,-4.818999767303467,8.416999816894531,8.95199966430664
918,-6.49399995803833,3.865999937057495,7.980999946594238
921,-8.380999565124512,6.116000175476074,4.934999942779541
924,-2.246000051498413,7.00600004196167,3.4790000915527344
927,0.5350000262260437,8.961000442504883,5.375999927520752
930,-2.615000009536743,5.4019999504089355,8.76099967956543
933,-5.130000114440918,5.886000156402588,9.621999740600586
936,2.6089999675750732,9.805999755859375,6.986999988555908
939,5.488999843597412,9.64900016784668,6.776000022888184
942,4.144999980926514,10.720000267028809,4.370999813079834
945,8.01099967956543,8.317000389099121,4.566999912261963
948,4.836999893188477,9.901000022888184,9.375
951,2.2070000171661377,8.892999649047852,9.574000358581543
954,-0.7770000100135803,6.631999969482422,6.645999908447266
957,-0.02500000037252903,0.5040000081062317,3.7890000343322754
960,3.928999900817871,6.7769999504089355,3.1610000133514404
963,4.254000186920166,6.239999771118164,5.8420000076293945
966,5.258999824523926,5.136000156402588,9.001999855041504
969,2.627000093460083,6.099999904632568,9.350000381469727
972,4.997000217437744,11.057999610900879,-4.650000095367432
975,6.321000099182129,10.16100025177002,-2.0869998931884766
978,6.452000141143799,10.04800033569336,3.2730000019073486
981,6.494999885559082,5.440999984741211,-1.1349999904632568
984,5.6519999504089355,7.875999927520752,-0.7260000109672546
987,8.890000343322754,7.24399995803833,2.128000020980835
990,12.553999900817871,11.550999641418457,1.815000057220459
993,-11.159000396728516,8.307999610900879,-1.7410000562667847
996,-9.199000358581543,10.333999633789063,-2.007999897003174
999,-8.701000213623047,9.557999610900879,0.6100000143051147
1002,-8.538000106811523,10.720000267028809,2.9679999351501465
1005,-9.916999816894531,10.053000450134277,5.285999774932861
1008,10.253000259399414,7.052000045776367,-1.1759999990463257
1011,8.812000274658203,5.22599983215332,0.3479999899864197
1014,-9.96399974822998,5.985000133514404,-1.5959999561309814
1017,-8.850000381469727,6.683000087738037,1.0219999551773071
1020,12.711000442504883,6.439000129699707,3.744999885559082
1023,11.430999755859375,8.72599983215332,1.50600004196167
1026,-6.110000133514404,10.01099967956543,0.3449999988079071
1029,-4.5370001792907715,9.258000373840332,-1.940000057220459
1032,-1.9780000448226929,9.708999633789063,-2.124000072479248
1035,-1.440000057220459,9.260000228881836,0.42399999499320984
1038,-3.562000036239624,12.204000473022461,3.1589999198913574
1041,-5.744999885559082,8.50100040435791,2.7339999675750732
1044,-6.271999835968018,5.482999801635742,0.7139999866485596
1047,-4.611000061035156,6.40500020980835,-1.7230000495910645
1050,-1.8559999465942383,5.355999946594238,-2.178999900817871
1053,-1.2130000591278076,6.331999778747559,0.6970000267028809
1056,-3.5439999103546143,4.665999889373779,3.4749999046325684
1059,-5.948999881744385,5.88100004196167,3.6470000743865967
1062,1.246999979019165,10.034000396728516,0.2939999997615814
1065,3.0260000228881836,8.12399959564209,-0.8040000200271606
1068,2.2260000705718994,9.1899995803833,3.0840001106262207
1071,1.0140000581741333,4.311999797821045,0.5580000281333923
1074,3.184999942779541,5.361000061035156,-0.5649999976158142
1077,6.2170000076293945,7.668000221252441,1.9520000219345093
1080,5.869999885559082,10.513999938964844,-7.2789998054504395
1083,8.00100040435791,8.871000289916992,-8.534000396728516
1086,11.003999710083008,10.873000144958496,-8.635000228881836
1089,11.803999900817871,9.25,-6.296000003814697
1092,11.211000442504883,9.949999809265137,-3.4549999237060547
1095,8.409000396728516,8.42300033569336,-3.069000005722046
1098,6.682000160217285,5.230999946594238,-6.434000015258789
1101,8.218999862670898,5.920000076293945,-8.756999969482422
1104,10.946000099182129,5.242000102996826,-9.006999969482422
1107,11.930999755859375,6.238999843597412,-6.1570000648498535
1110,10.52299976348877,5.380000114440918,-3.7860000133514404
1113,7.809000015258789,5.7789998054504395,-3.631999969482422
1116,-9.116999626159668,10.17300033569336,-6.65500020980835
1119,-7.230000019073486,9.08899974822998,-8.524999618530273
1122,-4.730000019073486,10.484000205993652,-9.039999961853027
1125,-3.7880001068115234,9.196999549865723,-6.848999977111816
1128,-5.440999984741211,10.322999954223633,-4.519999980926514
1131,-8.062000274658203,9.220999717712402,-4.172999858856201
1134,-8.946000099182129,5.521999835968018,-6.388999938964844
1137,-7.421999931335449,6.1579999923706055,-8.71399974822998
1140,-4.697999954223633,5.438000202178955,-8.944999694824219
1143,-4.135000228881836,6.466000080108643,-6.571000099182129
1146,-5.627999782562256,5.736999988555908,-4.386000156402588
1149,-8.574000358581543,6.388000011444092,-3.9260001182556152
1152,-0.9369999766349792,10.182999610900879,-6.123000144958496
1155,0.15600000321865082,9.187000274658203,-8.425000190734863
1158,2.7790000438690186,9.935999870300293,-8.699999809265137
1161,3.4609999656677246,8.847000122070313,-6.368000030517578
1164,3.0390000343322754,9.133999824523926,-3.5959999561309814
1167,0.20900000631809235,8.767999649047852,-3.9489998817443848
1170,-1.4429999589920044,4.988999843597412,-6.796999931335449
1173,0.44200000166893005,6.001999855041504,-8.604000091552734
1176,3.2360000610351563,5.926000118255615,-8.991999626159668
1179,4.164999961853027,6.136000156402588,-6.396999835968018
1182,1.63100004196167,5.281000137329102,-5.932000160217285
1185,-0.7020000219345093,6.248000144958496,-4.525000095367432
1188,8.312999725341797,10.164999961853027,10.444999694824219
1191,9.432999610900879,8.901000022888184,13.963000297546387
1194,8.036999702453613,10.005999565124512,-11.039999961853027
1197,8.569999694824219,4.394999980926514,11.458999633789063
1200,9.204999923706055,5.835000038146973,13.791000366210938
1203,7.433000087738037,5.2220001220703125,-11.291000366210938
1206,11.751999855041504,10.222999572753906,14.067999839782715
1209,-9.942999839782715,8.746000289916992,12.53600025177002
1212,-7.678999900817871,9.916000366210938,11.329999923706055
1215,-6.607999801635742,9.121000289916992,13.994000434875488
1218,-8.156000137329102,10.236000061035156,-10.76200008392334
1221,-11.017999649047852,9.527999877929688,-10.520000457763672
1224,11.843999862670898,4.928999900817871,13.565999984741211
1227,-9.423999786376953,6.142000198364258,11.913000106811523
1230,-6.927000045776367,5.336999893188477,11.937000274658203
1233,-5.728000164031982,6.580999851226807,-12.6899995803833
1236,-8.192999839782715,5.627999782562256,-11.529000282287598
1239,12.406999588012695,6.578999996185303,-11.1850004196167
1242,-4.001999855041504,10.031000137329102,13.63700008392334
1245,-2.6559998989105225,9.251999855041504,11.317999839782715
1248,0.13699999451637268,9.944000244140625,11.199999809265137
1251,1.0260000228881836,9.20300006866455,13.83899974822998
1254,-0.11599999666213989,10.48900032043457,-10.875
1257,-2.818000078201294,9.378000259399414,-10.746999740600586
1260,-3.3350000381469727,5.839000225067139,13.406999588012695
1263,-1.7869999408721924,6.607999801635742,11.229000091552734
1266,0.6539999842643738,5.479000091552734,11.104999542236328
1269,1.4980000257492065,6.572000026702881,13.532999992370605
1272,-0.2759999930858612,6.00600004196167,-11.559000015258789
1275,-3.0230000019073486,6.458000183105469,-10.706999778747559
1278,3.687000036239624,9.9350004196167,13.220999717712402
1281,6.111000061035156,8.9350004196167,11.449000358581543
1284,5.017000198364258,9.100000381469727,-11.13700008392334
1287,4.5329999923706055,5.418000221252441,13.475000381469727
1290,6.47599983215332,6.296000003814697,11.270999908447266
1293,4.998000144958496,6.39300012588501,-11.21399974822998
