0,8.642000198364258,-2.313999891281128,5.8379998207092285
3,11.111000061035156,-4.3480000495910645,5.723999977111816
6,-9.85200023651123,-3.5759999752044678,5.373000144958496
9,-8.902999877929688,-5.421999931335449,7.4670000076293945
12,-7.386000156402588,-3.390000104904175,8.758000373840332
15,10.031999588012695,-3.8010001182556152,8.081999778747559
18,9.232999801635742,12.255999565124512,4.789999961853027
21,10.163000106811523,-6.63700008392334,4.440000057220459
24,12.562999725341797,-8.02400016784668,3.571000099182129
27,-9.680000305175781,-7.406000137329102,5.761000156402588
30,-7.734000205993652,-7.855000019073486,8.244999885559082
33,9.57800006866455,-7.973999977111816,6.6529998779296875
36,-4.8379998207092285,-3.443000078201294,6.985000133514404
39,-4.639999866485596,-4.728000164031982,4.10099983215332
42,-2.1429998874664307,-3.5510001182556152,4.059000015258789
45,-0.3070000112056732,-4.453000068664551,6.183000087738037
48,-1.2369999885559082,-3.1659998893737793,8.326000213623047
51,-3.5420000553131104,-4.5970001220703125,9.001999855041504
54,-5.390999794006348,-8.480999946594238,6.684000015258789
57,-5.307000160217285,-7.495999813079834,4.205999851226807
60,-3.0230000019073486,-8.63700008392334,3.0230000019073486
63,0.6050000190734863,-7.117000102996826,6.11899995803833
66,-0.8479999899864197,-8.206000328063965,8.366000175476074
69,-3.625,-7.632999897003174,8.704000473022461
72,2.1679999828338623,-3.6740000247955322,5.564000129699707
75,2.127000093460083,-4.863999843597412,2.75600004196167
78,4.114999771118164,-2.9760000705718994,2.318000078201294
81,4.7789998054504395,-4.85699987411499,4.211999893188477
84,5.934999942779541,-2.9159998893737793,6.107999801635742
87,3.8410000801086426,-4.234000205993652,7.763999938964844
90,3.4019999504089355,-8.170999526977539,5.879000186920166
93,1.3839999437332153,-7.464000225067139,3.371999979019165
96,3.7890000343322754,-8.987000465393066,1.6349999904632568
99,4.915999889373779,-7.546999931335449,3.7269999980926514
102,7.171999931335449,-8.381999969482422,8.048999786376953
105,4.65500020980835,-6.941999912261963,8.130000114440918
108,9.432000160217285,-3.4549999237060547,-1.5429999828338623
111,10.829000473022461,-3.9749999046325684,0.9079999923706055
114,10.079999923706055,-3.0969998836517334,3.437000036239624
117,9.815999984741211,-7.381999969482422,-2.130000114440918
120,10.852999687194824,-6.60699987411499,0.2619999945163727
123,8.545000076293945,-7.321000099182129,2.003999948501587
126,-10.159000396728516,-3.250999927520752,0.2939999997615814
129,-9.185999870300293,-4.535999774932861,-2.010999917984009
132,-6.718999862670898,-3.6570000648498535,-2.9230000972747803
135,-5.34499979019165,-4.230000019073486,-0.3009999990463257
138,-6.270999908447266,-3.2860000133514404,2.187999963760376
141,-8.86299991607666,-4.105000019073486,2.687000036239624
144,-10.5600004196167,-8.315999984741211,0.10199999809265137
147,-9.602999687194824,-7.381999969482422,-2.5859999656677246
150,-6.998000144958496,-8.029000282287598,-3.191999912261963
153,-5.995999813079834,-7.013000011444092,-0.7630000114440918
156,-6.755000114440918,-8.043000221252441,1.75600004196167
159,-9.043000221252441,-6.816999912261963,2.0360000133514404
162,-3.062000036239624,-3.0399999618530273,-0.7879999876022339
165,-1.7350000143051147,-3.990999937057495,-2.9619998931884766
168,0.8460000157356262,-3.2739999294281006,-3.628000020980835
171,2.309000015258789,-4.172999858856201,-1.559000015258789
174,0.9950000047683716,-3.2990000247955322,0.7509999871253967
177,-1.4950000047683716,-3.9570000171661377,1.4049999713897705
180,-3.450000047683716,-8.027999877929688,-1.2380000352859497
183,-1.559000015258789,-6.876999855041504,-3.119999885559082
186,0.7089999914169312,-8.345999717712402,-3.3959999084472656
189,1.9110000133514404,-7.061999797821045,-1.3559999465942383
192,0.2879999876022339,-7.684999942779541,0.7739999890327454
195,-2.24399995803833,-6.761000156402588,0.9629999995231628
198,4.807000160217285,-4.269999980926514,-2.640000104904175
201,7.818999767303467,-5.7870001792907715,-1.3450000286102295
204,5.27400016784668,-3.2899999618530273,-0.1080000028014183
207,4.316999912261963,-8.375,-0.9190000295639038
210,5.783999919891357,-6.827000141143799,-2.7170000076293945
213,7.059999942779541,-4.9120001792907715,1.184000015258789
216,9.621999740600586,-3.0380001068115234,-6.807000160217285
219,11.053999900817871,-4.052999973297119,-9.24899959564209
222,-9.71399974822998,-3.125999927520752,-9.133000373840332
225,-8.906000137329102,-4.264999866485596,-6.828999996185303
228,-10.428999900817871,-3.555000066757202,-4.260000228881836
231,10.527000427246094,-4.026000022888184,-4.10699987411499
234,9.767999649047852,-7.72599983215332,-7.480999946594238
237,11.458999633789063,-6.789000034332275,-9.45300006866455
240,-9.657999992370605,-8.01099967956543,-9.472000122070313
243,-8.819000244140625,-7.0229997634887695,-6.974999904632568
246,-10.623000144958496,-7.993000030517578,-5.146999835968018
249,10.645999908447266,-6.650000095367432,-4.927000045776367
252,-6.256999969482422,-3.51200008392334,-7.210000038146973
255,-4.632999897003174,-4.406000137329102,-9.428000450134277
258,-2.1459999084472656,-3.2799999713897705,-9.991000175476074
261,-1.2740000486373901,-4.547999858856201,-7.673999786376953
264,-2.822000026702881,-3.506999969482422,-5.504000186920166
267,-5.252999782562256,-4.690000057220459,-4.988999843597412
270,-6.426000118255615,-8.052000045776367,-7.817999839782715
273,-4.263999938964844,-7.072999954223633,-9.281999588012695
276,-1.7690000534057617,-8.480999946594238,-9.805000305175781
279,-0.8190000057220459,-7.376999855041504,-7.300000190734863
282,-2.621000051498413,-8.118000030517578,-5.355000019073486
285,-5.468999862670898,-7.34499979019165,-5.4029998779296875
288,1.277999997138977,-3.5820000171661377,-8.029000282287598
291,3.121999979019165,-4.49399995803833,-9.883000373840332
294,5.64900016784668,-3.5980000495910645,-9.805000305175781
297,6.798999786376953,-4.098999977111816,-7.171999931335449
300,4.795000076293945,-3.5380001068115234,-5.426000118255615
303,2.253999948501587,-4.465000152587891,-5.627999782562256
306,1.88100004196167,-8.060999870300293,-7.696000099182129
309,3.0239999294281006,-7.247000217437744,-10.043000221252441
312,6.078000068664551,-7.573999881744385,-9.803999900817871
315,7.072000026702881,-6.913000106811523,-7.433000087738037
318,5.5269999504089355,-7.623000144958496,-5.2789998054504395
321,2.625,-7.322999954223633,-5.15500020980835
324,11.29699993133545,-2.989000082015991,10.607000350952148
327,11.871999740600586,-4.048999786376953,13.237000465393066
330,10.012999534606934,-3.2850000858306885,-11.994000434875488
333,10.229999542236328,-8.270999908447266,9.414999961853027
336,12.60099983215332,-7.004000186920166,13.642999649047852
339,10.29800033569336,-8.048999786376953,-11.656999588012695
342,-8.968999862670898,-3.2019999027252197,13.253000259399414
345,-7.296000003814697,-4.107999801635742,11.357999801635742
348,-4.732999801635742,-3.194000005722046,11.255000114440918
351,-3.9140000343322754,-4.2870001792907715,13.654000282287598
354,-5.5920000076293945,-3.26200008392334,-11.574999809265137
357,-8.487000465393066,-4.270999908447266,-11.444000244140625
360,-8.515000343322754,-7.99399995803833,13.218999862670898
363,-7.570000171661377,-6.918000221252441,10.833000183105469
366,-5.065999984741211,-8.131999969482422,10.918000221252441
369,-3.75,-7.184000015258789,13.508999824523926
372,-5.281000137329102,-8.317999839782715,-11.534000396728516
375,-7.99399995803833,-7.123000144958496,-11.456000328063965
378,-1.3919999599456787,-3.568000078201294,12.843000411987305
381,0.125,-4.26200008392334,10.715999603271484
384,2.7839999198913574,-3.6389999389648438,10.265999794006348
387,4.144999980926514,-4.2220001220703125,12.5649995803833
390,2.38700008392334,-3.1730000972747803,-12.350000381469727
393,-0.2070000022649765,-4.0279998779296875,-11.73799991607666
396,-1.2170000076293945,-8.121999740600586,12.986000061035156
399,0.4090000092983246,-7.159999847412109,10.831000328063965
402,3.138000011444092,-8.015000343322754,10.13700008392334
405,4.074999809265137,-6.998000144958496,12.654000282287598
408,2.4019999504089355,-8.300999641418457,-12.541999816894531
411,-0.1850000023841858,-7.11899995803833,-11.84000015258789
414,6.85099983215332,-3.2790000438690186,12.437999725341797
417,8.741999626159668,-4.440999984741211,10.62399959564209
420,7.130000114440918,-4.166999816894531,-12.104999542236328
423,6.861999988555908,-7.989999771118164,12.869000434875488
426,8.067999839782715,-7.122000217437744,10.361000061035156
429,7.664000034332275,-6.836999893188477,-11.887999534606934
432,10.92199993133545,4.452000141143799,5.150000095367432
435,-10.866999626159668,3.1600000858306885,6.728000164031982
438,-8.895000457763672,4.177000045776367,5.0370001792907715
441,-7.13100004196167,3.1029999256134033,6.935999870300293
444,-7.800000190734863,4.34499979019165,9.204999923706055
447,-10.475000381469727,3.4560000896453857,9.390000343322754
450,9.722000122070313,0.20600000023841858,5.908999919891357
453,-11.168999671936035,0.4699999988079071,6.611000061035156
456,-9.611000061035156,-0.9129999876022339,4.965000152587891
459,-7.581999778747559,0.47600001096725464,6.422999858856201
462,-7.646999835968018,-0.6309999823570251,8.8149995803833
465,-10.298999786376953,0.4339999854564667,9.222999572753906
468,-4.61299991607666,4.0980000495910645,6.261000156402588
471,-4.814000129699707,2.8369998931884766,3.556999921798706
474,-0.6010000109672546,4.127999782562256,3.805000066757202
477,0.47099998593330383,3.2119998931884766,6.546999931335449
480,-0.7940000295639038,4.264999866485596,8.687000274658203
483,-3.3380000591278076,3.3239998817443848,8.57699966430664
486,-3.7839999198913574,-1.0089999437332153,6.046999931335449
489,-5.6519999504089355,0.23199999332427979,4.451000213623047
492,-1.468999981880188,-0.8379999995231628,4.3470001220703125
495,0.3149999976158142,0.2770000100135803,6.196000099182129
498,-1.225000023841858,-0.42100000381469727,8.26200008392334
501,-3.6740000247955322,0.6330000162124634,8.479000091552734
504,3.2160000801086426,3.8289999961853027,6.296000003814697
507,3.256999969482422,3.378000020980835,3.621999979019165
510,5.461999893188477,4.366000175476074,2.236999988555908
513,8.890999794006348,2.75600004196167,5.566999912261963
516,7.535999774932861,3.6089999675750732,7.936999797821045
519,4.775000095367432,3.2309999465942383,8.423999786376953
522,2.9119999408721924,-0.718999981880188,5.8379998207092285
525,2.6710000038146973,0.4560000002384186,3.4010000228881836
528,5.179999828338623,-0.5049999952316284,2.3340001106262207
531,6.894000053405762,0.23999999463558197,4.301000118255615
534,6.715000152587891,-0.3190000057220459,7.086999893188477
537,4.263000011444092,-0.15199999511241913,8.166000366210938
540,8.98799991607666,4.418000221252441,-2.0250000953674316
543,9.241999626159668,3.1050000190734863,0.5040000081062317
546,11.262999534606934,4.718999862670898,1.4500000476837158
549,9.373000144958496,-0.5329999923706055,-1.9129999876022339
552,10.267999649047852,0.45100000500679016,0.6140000224113464
555,9.442999839782715,-0.2590000033378601,3.130000114440918
558,-9.751999855041504,4.579999923706055,0.2549999952316284
561,-9.23900032043457,3.2239999771118164,-2.068000078201294
564,-6.815000057220459,4.107999801635742,-3.053999900817871
567,-5.486000061035156,2.9619998931884766,-0.6779999732971191
570,-6.4679999351501465,3.9769999980926514,1.6710000038146973
573,-8.807000160217285,3.1019999980926514,2.499000072479248
576,-10.819999694824219,-0.5669999718666077,0.006000000052154064
579,-9.432000160217285,0.4880000054836273,-2.069999933242798
582,-6.9770002365112305,-0.7260000109672546,-2.9059998989105225
585,-5.333000183105469,0.25,-0.5410000085830688
588,-6.8429999351501465,-0.5839999914169312,1.899999976158142
591,-9.420000076293945,0.36500000953674316,2.3540000915527344
594,-3.0290000438690186,4.291999816894531,-0.38999998569488525
597,-1.815999984741211,3.552999973297119,-2.6530001163482666
600,0.8289999961853027,4.322999954223633,-2.803999900817871
603,1.7879999876022339,3.122999906539917,-0.46000000834465027
606,1.2869999408721924,4.302000045776367,1.875
609,-2.319999933242798,2.8259999752044678,1.8949999809265137
612,-2.5220000743865967,-0.27399998903274536,-0.8759999871253967
615,-1.8420000076293945,0.8989999890327454,-3.299999952316284
618,0.6470000147819519,-0.5289999842643738,-3.753999948501587
621,1.6299999952316284,0.24300000071525574,-1.2039999961853027
624,1.2339999675750732,-0.6060000061988831,1.2109999656677246
627,-1.5920000076293945,0.07199999690055847,1.6150000095367432
630,4.254000186920166,4.392000198364258,-0.28600001335144043
633,6.14900016784668,3.50600004196167,-2.246999979019165
636,7.4720001220703125,2.684999942779541,3.239000082015991
639,4.232999801635742,-0.6650000214576721,-2.615000009536743
642,7.388999938964844,1.4900000095367432,-0.753000020980835
645,5.730999946594238,-0.6970000267028809,-0.43299999833106995
648,9.593999862670898,4.15500020980835,-7.267000198364258
651,11.456999778747559,2.9619998931884766,-9.387999534606934
654,-9.425000190734863,3.7720000743865967,-9.380000114440918
657,-8.95300006866455,3.378000020980835,-6.7170000076293945
660,-10.491999626159668,4.025000095367432,-4.4019999504089355
663,10.440999984741211,3.309999942779541,-4.468999862670898
666,9.692999839782715,-0.4050000011920929,-6.684999942779541
669,10.937999725341797,0.30000001192092896,-9.190999984741211
672,-9.793000221252441,-0.382999986410141,-9.491999626159668
675,-9.03600025177002,0.2930000126361847,-6.879000186920166
678,-10.350000381469727,-0.7310000061988831,-4.369999885559082
681,10.579999923706055,0.5609999895095825,-4.151000022888184
684,-6.2779998779296875,3.999000072479248,-7.28000020980835
687,-4.764999866485596,3.309000015258789,-9.312000274658203
690,-2.055999994277954,4.2129998207092285,-9.706000328063965
693,-1.156999945640564,3.2209999561309814,-7.215000152587891
696,-2.822999954223633,4.182000160217285,-4.992000102996826
699,-5.309999942779541,2.8510000705718994,-4.966000080108643
702,-6.435999870300293,-0.4339999854564667,-7.659999847412109
705,-4.6529998779296875,0.49300000071525574,-9.437000274658203
708,-2.0320000648498535,-0.4059999883174896,-9.99899959564209
711,-0.6389999985694885,0.45399999618530273,-7.623000144958496
714,-2.5739998817443848,-0.4090000092983246,-5.546000003814697
717,-5.389999866485596,0.1850000023841858,-5.244999885559082
720,1.5019999742507935,4.195000171661377,-7.425000190734863
723,3.0869998931884766,3.0399999618530273,-9.467000007629395
726,5.795000076293945,3.864000082015991,-9.413000106811523
729,6.989999771118164,3.118000030517578,-7.006999969482422
732,5.232999801635742,3.8429999351501465,-4.968999862670898
735,2.4600000381469727,3.378999948501587,-4.823999881744385
738,1.5859999656677246,-0.9470000267028809,-7.682000160217285
741,3.3499999046325684,0.2540000081062317,-9.621000289916992
744,6.164000034332275,-0.6620000004768372,-9.628000259399414
747,6.849999904632568,0.15600000321865082,-7.104000091552734
750,4.9679999351501465,-0.7300000190734863,-5.1529998779296875
753,2.431999921798706,0.45399999618530273,-5.584000110626221
756,10.826000213623047,4.124000072479248,10.697999954223633
759,11.696000099182129,3.2269999980926514,13.288999557495117
762,10.361000061035156,4.041999816894531,-11.65999984741211
765,10.866000175476074,-0.3149999976158142,10.593000411987305
768,11.645000457763672,0.42800000309944153,13.13599967956543
771,10.104999542236328,-0.5669999718666077,-11.984000205993652
774,-9.279000282287598,4.23799991607666,13.095999717712402
777,-7.238999843597412,3.0959999561309814,11.61400032043457
780,-4.8520002365112305,3.9860000610351563,10.680999755859375
783,-3.9630000591278076,3.005000114440918,13.107999801635742
786,-5.409999847412109,3.8519999980926514,-11.82699966430664
789,-8.161999702453613,3.009999990463257,-11.821999549865723
792,-9.333999633789063,-0.30799999833106995,12.829000473022461
795,-7.114999771118164,0.3930000066757202,11.37399959564209
798,-4.468999862670898,-0.38600000739097595,10.944000244140625
801,-3.757999897003174,0.1809999942779541,13.576000213623047
804,-5.585000038146973,-0.5569999814033508,-11.779000282287598
807,-8.32800006866455,0.3019999861717224,-11.78600025177002
810,-1.3569999933242798,3.984999895095825,13.175000190734863
813,0.2619999945163727,3.002000093460083,11.003999710083008
816,2.9010000228881836,3.8320000171661377,10.62399959564209
819,4.130000114440918,3.1480000019073486,13.17199993133545
822,2.4189999103546143,3.8489999771118164,-11.9350004196167
825,-0.296999990940094,3.3440001010894775,-11.595999717712402
828,-1.2760000228881836,-0.6809999942779541,12.935999870300293
831,0.0689999982714653,0.2639999985694885,10.692999839782715
834,2.680999994277954,-0.9649999737739563,10.281999588012695
837,3.6050000190734863,0.382999986410141,12.560999870300293
840,2.3310000896453857,-0.39800000190734863,-12.366999626159668
843,-0.2750000059604645,0.4819999933242798,-11.975000381469727
846,6.85699987411499,4.072999954223633,13.177000045776367
849,8.137999534606934,3.3429999351501465,10.666999816894531
852,7.375999927520752,3.0309998989105225,-11.54800033569336
855,6.507999897003174,-0.6100000143051147,12.791000366210938
858,8.255000114440918,0.42500001192092896,11.057999610900879
861,7.514999866485596,0.3179999887943268,-11.958999633789063
864,10.380000114440918,9.354000091552734,7.368000030517578
867,11.223999977111816,10.479999542236328,5.017000198364258
870,-10.515999794006348,11.625,3.2309999465942383
873,-7.50600004196167,10.600000381469727,6.699999809265137
876,-8.38700008392334,11.526000022888184,9.041999816894531
879,-10.666999816894531,10.928999900817871,10.26099967956543
882,9.677000045776367,7.039000034332275,5.943999767303467
885,11.043999671936035,7.978000164031982,3.816999912261963
888,-10.055000305175781,6.77400016784668,4.548999786376953
891,-9.076000213623047,8.196999549865723,6.9679999351501465
894,-7.142000198364258,6.890999794006348,8.468000411987305
897,12.562000274658203,8.390999794006348,8.901000022888184
900,-4.785999774932861,11.291999816894531,6.400000095367432
903,-3.996999979019165,10.848999977111816,3.7690000534057617
906,0.4490000009536743,12.128999710083008,3.9700000286102295
909,0.8980000019073486,10.77400016784668,6.24399995803833
912,-0.7490000128746033,11.46399974822998,8.541000366210938
915,-3.6589999198913574,10.435999870300293,8.685999870300293
918,-4.323999881744385,6.880000114440918,6.447999954223633
921,-2.9670000076293945,8.234000205993652,4.414999961853027
924,-0.4620000123977661,6.855999946594238,4.123000144958496
927,0.5580000281333923,8.102999687194824,6.5
930,-0.8960000276565552,7.005000114440918,8.50100040435791
933,-3.502000093460083,7.7729997634887695,8.991000175476074
936,3.690000057220459,11.359999656677246,6.295000076293945
939,4.09499979019165,10.604000091552734,3.821000099182129
942,6.11899995803833,12.376999855041504,3.7309999465942383
945,7.236000061035156,10.583000183105469,5.6519999504089355
948,7.0970001220703125,11.229999542236328,8.303999900817871
951,4.460000038146973,10.381999969482422,8.682999610900879
954,3.0420000553131104,6.820000171661377,6.419000148773193
957,3.26200008392334,7.925000190734863,3.996000051498413
960,5.8379998207092285,7.151000022888184,3.2230000495910645
963,7.078000068664551,7.945000171661377,5.546000003814697
966,7.132999897003174,6.578000068664551,8.003999710083008
969,4.39300012588501,7.611999988555908,8.762999534606934
972,9.109000205993652,12.255000114440918,-2.2809998989105225
975,9.75100040435791,11.109999656677246,0.13199999928474426
978,8.277000427246094,12.380999565124512,2.0350000858306885
981,9.053999900817871,7.449999809265137,-2.7060000896453857
984,9.043000221252441,8.317999839782715,-0.07000000029802322
987,11.583000183105469,7.589000225067139,1.2280000448226929
990,-10.956000328063965,11.425999641418457,0.39100000262260437
993,-9.49899959564209,10.616000175476074,-2.1050000190734863
996,-7.210999965667725,11.5649995803833,-3.1510000228881836
999,-6.021999835968018,10.696000099182129,-0.5519999861717224
1002,-6.164999961853027,11.696999549865723,2.0380001068115234
1005,-7.769999980926514,10.579999923706055,3.9639999866485596
1008,-9.5,7.4079999923706055,0.23100000619888306
1011,-9.682000160217285,7.929999828338623,-2.5350000858306885
1014,-7.140999794006348,6.960999965667725,-3.13100004196167
1017,-6.117000102996826,7.98799991607666,-0.925000011920929
1020,-6.064000129699707,6.72599983215332,1.5140000581741333
1023,-8.309000015258789,8.039999961853027,2.562999963760376
1026,-3.259999990463257,11.590999603271484,-0.796999990940094
1029,-2.0169999599456787,10.694999694824219,-2.9839999675750732
1032,0.5260000228881836,11.414999961853027,-3.372999906539917
1035,1.7100000381469727,11.053000450134277,-0.8930000066757202
1038,0.15700000524520874,11.87600040435791,1.1759999990463257
1041,-2.3459999561309814,10.654000282287598,1.524999976158142
1044,-3.4760000705718994,7.013999938964844,-0.7580000162124634
1047,-1.7120000123977661,7.913000106811523,-2.677000045776367
1050,1.059000015258789,7.059999942779541,-2.8889999389648438
1053,1.9579999446868896,8.194000244140625,-0.5109999775886536
1056,1.3930000066757202,7.020999908447266,2.0399999618530273
1059,-3.513000011444092,8.180000305175781,1.7640000581741333
1062,4.201000213623047,11.397000312805176,-1.4759999513626099
1065,6.406000137329102,10.743000030517578,-2.9630000591278076
1068,4.474999904632568,10.706999778747559,1.1859999895095825
1071,4.692999839782715,7.107999801635742,-0.9990000128746033
1074,6.389999866485596,7.855999946594238,-2.9660000801086426
1077,6.5229997634887695,8.354999542236328,1.0269999504089355
1080,9.609000205993652,11.673999786376953,-7.010000228881836
1083,11.064000129699707,10.72599983215332,-9.08899974822998
1086,-9.805000305175781,11.38700008392334,-9.204000473022461
1089,-8.8149995803833,10.416000366210938,-6.798999786376953
1092,-10.444999694824219,11.545000076293945,-4.734000205993652
1095,10.572999954223633,10.892999649047852,-4.406000137329102
1098,9.46500015258789,7.019999980926514,-7.310999870300293
1101,11.178999900817871,7.730000019073486,-9.463000297546387
1104,-9.854999542236328,6.686999797821045,-9.39900016784668
1107,-9.125,7.4670000076293945,-6.7779998779296875
1110,-10.774999618530273,6.7210001945495605,-4.736000061035156
1113,10.536999702453613,7.934000015258789,-4.99399995803833
1116,-6.455999851226807,11.557000160217285,-7.578000068664551
1119,-4.5329999923706055,10.41100025177002,-9.253999710083008
1122,-1.840000033378601,11.272000312805176,-9.456999778747559
1125,-0.8539999723434448,10.690999984741211,-7.052999973297119
1128,-2.799999952316284,11.70199966430664,-5.414000034332275
1131,-5.5920000076293945,10.743000030517578,-5.177999973297119
1134,-6.619999885559082,6.666999816894531,-7.636000156402588
1137,-4.910999774932861,7.684000015258789,-9.628000259399414
1140,-1.9759999513626099,7.064000129699707,-9.689000129699707
1143,-1.0140000581741333,7.896999835968018,-7.21999979019165
1146,-2.5329999923706055,6.991000175476074,-5.318999767303467
1149,-5.138000011444092,7.9019999504089355,-5.099999904632568
1152,1.8179999589920044,11.595000267028809,-7.25
1155,3.703000068664551,10.579999923706055,-9.37399959564209
1158,6.165999889373779,11.788999557495117,-9.642000198364258
1161,6.86299991607666,10.73900032043457,-7.25
1164,5.447999954223633,11.765000343322754,-5.230000019073486
1167,3.0280001163482666,10.265000343322754,-5.057000160217285
1170,1.6339999437332153,6.980000019073486,-7.663000106811523
1173,3.2660000324249268,7.890999794006348,-9.722000122070313
1176,5.882999897003174,6.675000190734863,-9.722999572753906
1179,6.771999835968018,7.894000053405762,-7.210000038146973
1182,5.164000034332275,6.64300012588501,-5.39300012588501
1185,2.507999897003174,7.677000045776367,-5.1620001792907715
1188,10.395999908447266,11.32800006866455,9.319000244140625
1191,12.008999824523926,10.932999610900879,13.133000373840332
1194,10.51200008392334,11.510000228881836,-11.803999900817871
1197,10.854999542236328,6.9730000495910645,10.548999786376953
1200,11.579999923706055,7.816999912261963,13.005999565124512
1203,10.388999938964844,6.923999786376953,-11.991999626159668
1206,-8.718999862670898,11.678000450134277,13.479999542236328
1209,-7.340000152587891,10.548999786376953,11.378999710083008
1212,-4.6570000648498535,11.321999549865723,11.01099967956543
1215,-3.696000099182129,11.048999786376953,13.541000366210938
1218,-5.50600004196167,11.427000045776367,-11.545000076293945
1221,-8.246000289916992,10.565999984741211,-11.20300006866455
1224,-9.333000183105469,7.051000118255615,12.86400032043457
1227,-7.633999824523926,7.797999858856201,10.927000045776367
1230,-5.0879998207092285,6.583000183105469,11.133000373840332
1233,-3.819000005722046,8.102999687194824,13.263999938964844
1236,-5.473999977111816,6.747000217437744,-12.121000289916992
1239,-8.444999694824219,7.839000225067139,-11.873000144958496
1242,-1.0110000371932983,11.640000343322754,13.04800033569336
1245,0.4740000069141388,10.604000091552734,10.861000061035156
1248,3.069999933242798,11.800999641418457,10.795000076293945
1251,4.061999797821045,10.562000274658203,13.47700023651123
1254,2.321000099182129,11.319999694824219,-11.708000183105469
1257,-0.20200000703334808,10.295000076293945,-11.60099983215332
1260,-1.402999997138977,6.803999900817871,12.706999778747559
1263,0.4620000123977661,7.8379998207092285,10.873000144958496
1266,2.934000015258789,6.642000198364258,10.87600040435791
1269,4.035999774932861,7.508999824523926,13.178000450134277
1272,2.109999895095825,6.7820000648498535,-12.22599983215332
1275,-0.5230000019073486,7.425000190734863,-11.956999778747559
1278,6.678999900817871,11.552000045776367,12.984999656677246
1281,8.088000297546387,10.517000198364258,10.791999816894531
1284,7.822000026702881,10.800000190734863,-11.815999984741211
1287,6.801000118255615,6.724999904632568,12.937000274658203
1290,8.157999992370605,7.6519999504089355,10.595999717712402
1293,7.831999778747559,7.9019999504089355,-11.571999549865723
