0,-1.8819999694824219,12.39900016784668,3.1630001068115234
3,7.802999973297119,11.343000411987305,10.826000213623047
6,6.7270002365112305,-4.39900016784668,9.914999961853027
9,10.506999969482422,-8.963000297546387,6.914000034332275
12,-5.590000152587891,-5.23799991607666,10.357999801635742
15,4.841000080108643,4.748000144958496,8.029999732971191
18,6.3520002365112305,9.956000328063965,5.664999961853027
21,7.103000164031982,9.335000038146973,8.236000061035156
24,9.673999786376953,11.329999923706055,4.860000133514404
27,6.056000232696533,-8.105999946594238,8.385000228881836
30,11.244999885559082,9.762999534606934,6.810999870300293
33,3.805000066757202,9.369000434875488,4.191999912261963
36,11.880999565124512,-6.590000152587891,6.9770002365112305
39,10.567999839782715,-5.050000190734863,0.9330000281333923
42,-7.063000202178955,12.932000160217285,1.0770000219345093
45,-9.265000343322754,-8.812000274658203,5.618000030517578
48,-3.359999895095825,-7.359000205993652,10.519000053405762
51,-10.701000213623047,11.946000099182129,7.4120001792907715
54,-9.505999565124512,1.1419999599456787,5.432000160217285
57,-7.283999919891357,11.557000160217285,6.7170000076293945
60,-4.478000164031982,11.913999557495117,6.572999954223633
63,5.51800012588501,7.375,6.664999961853027
66,-1.1640000343322754,7.6570000648498535,7.60699987411499
69,-6.883999824523926,-8.979000091552734,10.449999809265137
72,0.32499998807907104,10.170000076293945,7.3480000495910645
75,1.5440000295639038,11.598999977111816,5.186999797821045
78,-5.6519999504089355,-7.392000198364258,0.03099999949336052
81,8.777999877929688,-3.815000057220459,5.604000091552734
84,-0.9800000190734863,12.779000282287598,5.631999969482422
87,-3.3540000915527344,10.336000442504883,9.543000221252441
90,-0.6579999923706055,9.09000015258789,12.310999870300293
93,-2.2730000019073486,10.274999618530273,6.1579999923706055
96,-1.3519999980926514,-9.220999717712402,-2.0840001106262207
99,5.245999813079834,-7.059000015258789,3.0239999294281006
102,5.367000102996826,12.501999855041504,13.128000259399414
105,1.4789999723434448,-5.861999988555908,6.934000015258789
108,3.5920000076293945,-4.124000072479248,-0.8930000066757202
111,7.853000164031982,-6.005000114440918,1.559000015258789
114,-0.7680000066757202,9.612000465393066,9.678000450134277
117,4.327000141143799,10.850000381469727,-2.2939999103546143
120,4.881999969482422,-6.663000106811523,-2.010999917984009
123,5.754000186920166,12.515000343322754,2.6700000762939453
126,7.482999801635742,-7.519000053405762,-1.8990000486373901
129,11.269000053405762,-8.17300033569336,-3.1559998989105225
132,-9.715999603271484,-4.935999870300293,0.41600000858306885
135,-9.690999984741211,-6.571000099182129,3.015000104904175
138,11.347999572753906,-6.7729997634887695,3.2639999389648438
141,8.821999549865723,-6.28000020980835,4.419000148773193
144,7.111000061035156,12.430999755859375,5.078000068664551
147,6.883999824523926,-9.369000434875488,0.03799999877810478
150,12.095999717712402,11.581000328063965,-2.3329999446868896
153,-10.024999618530273,11.357999801635742,0.8740000128746033
156,10.835000038146973,13.229999542236328,2.2109999656677246
159,4.1529998779296875,-6.88700008392334,0.5090000033378601
162,-8.439000129699707,-4.502999782562256,3.7899999618530273
165,-6.10699987411499,-5.715000152587891,-3.256999969482422
168,-4.228000164031982,-3.572000026702881,-3.315000057220459
171,-3.072000026702881,-7.72599983215332,2.302000045776367
174,-6.071000099182129,3.6510000228881836,5.633999824523926
177,-9.100000381469727,-6.111999988555908,6.0970001220703125
180,-8.883999824523926,-9.13700008392334,-0.968999981880188
183,-7.611999988555908,12.21399974822998,-3.743000030517578
186,-4.557000160217285,6.690999984741211,-4.51800012588501
189,2.4170000553131104,11.135000228881836,2.759999990463257
192,-5.508999824523926,-8.5649995803833,-4.293000221252441
195,-8.979999542236328,-9.347000122070313,3.0190000534057617
198,-3.6389999389648438,-7.256999969482422,-1.8559999465942383
201,-3.4800000190734863,10.125,-0.31299999356269836
204,-1.6200000047683716,12.093999862670898,0.4749999940395355
207,-7.877999782562256,7.201000213623047,1.2799999713897705
210,-3.3540000915527344,6.815999984741211,2.2260000705718994
213,6.620999813079834,-3.4140000343322754,7.3379998207092285
216,2.111999988555908,-5.876999855041504,-3.996999979019165
219,4.6020002365112305,-8.793000221252441,-9.255000114440918
222,7.739999771118164,-7.044000148773193,-8.15999984741211
225,5.8379998207092285,-7.939000129699707,-6.4039998054504395
228,8.843999862670898,-8.586000442504883,-3.9539999961853027
231,8.77299976348877,-5.1570000648498535,-1.9600000381469727
234,2.236999988555908,11.565999984741211,-4.474999904632568
237,4.946000099182129,9.60099983215332,-9.338000297546387
240,10.246999740600586,9.949999809265137,-8.788999557495117
243,6.855999946594238,12.229000091552734,-5.209000110626221
246,4.302000045776367,12.562999725341797,-0.08299999684095383
249,3.253000020980835,-8.359999656677246,-3.3610000610351563
252,7.125,-3.4489998817443848,-7.0960001945495605
255,9.520000457763672,-4.860000133514404,-7.567999839782715
258,-7.511000156402588,-5.991000175476074,-10.380999565124512
261,-10.217000007629395,-6.275000095367432,-7.951000213623047
264,-8.670999526977539,-6.835999965667725,-2.3610000610351563
267,11.803000450134277,-5.525000095367432,-5.840000152587891
270,8.86400032043457,11.984999656677246,-7.692999839782715
273,11.281000137329102,-8.01200008392334,-9.236000061035156
276,-10.038000106811523,-9.038999557495117,-10.614999771118164
279,-8.159000396728516,-8.098999977111816,-7.045000076293945
282,-9.989999771118164,-8.637999534606934,-4.545000076293945
285,10.465999603271484,-7.919000148773193,-6.51800012588501
288,-7.769000053405762,-5.215000152587891,-7.639999866485596
291,-2.128999948501587,-7.3429999351501465,-8.206000328063965
294,0.8870000243186951,-6.626999855041504,-6.355000019073486
297,2.4700000286102295,-3.8559999465942383,-5.839000225067139
300,-0.40400001406669617,-9.25,-6.5
303,-3.5369999408721924,12.75100040435791,-7.697000026702881
306,-3.250999927520752,-9.699000358581543,-10.925999641418457
309,-0.7639999985694885,-8.394000053405762,-11.248000144958496
312,-1.0889999866485596,11.939000129699707,-9.35099983215332
315,2.3970000743865967,9.95199966430664,-8.272000312805176
318,-0.800000011920929,11.569999694824219,-4.36899995803833
321,-6.017000198364258,-6.5289998054504395,-6.164000034332275
324,8.817000389099121,-7.860000133514404,8.767999649047852
327,8.579999923706055,-8.770999908447266,12.015000343322754
330,3.059999942779541,-7.785999774932861,13.024999618530273
333,4.828999996185303,10.645000457763672,9.71399974822998
336,7.638000011444092,-8.678999900817871,-12.34000015258789
339,6.791999816894531,11.73799991607666,-9.545999526977539
342,8.859999656677246,-6.241000175476074,11.156999588012695
345,-8.508000373840332,-4.619999885559082,8.404999732971191
348,-9.600000381469727,-7.941999912261963,12.411999702453613
351,-9.78600025177002,-6.676000118255615,-11.963000297546387
354,8.857000350952148,-3.8889999389648438,-12.152000427246094
357,9.079999923706055,-7.0980000495910645,-10.567999839782715
360,9.27299976348877,12.298999786376953,-10.633000373840332
363,12.406999588012695,-6.982999801635742,9.987000465393066
366,-9.505999565124512,12.281999588012695,10.26200008392334
369,12.194000244140625,11.111000061035156,13.279999732971191
372,11.395999908447266,10.770999908447266,-11.35200023651123
375,11.854000091552734,7.558000087738037,-12.298999786376953
378,-6.935999870300293,11.793000221252441,-11.904000282287598
381,-4.966000080108643,11.20300006866455,12.050999641418457
384,-2.947999954223633,-6.630000114440918,-11.001999855041504
387,1.274999976158142,12.531000137329102,9.163999557495117
390,-5.4079999923706055,-7.456999778747559,-11.555000305175781
393,-6.947000026702881,-8.076000213623047,13.592000007629395
396,-8.95300006866455,10.567000389099121,13.798999786376953
399,-7.39900016784668,9.27400016784668,11.616000175476074
402,1.7699999809265137,11.906000137329102,11.855999946594238
405,3.6610000133514404,10.35200023651123,12.965999603271484
408,-7.638000011444092,-9.357999801635742,-9.336000442504883
411,11.555999755859375,-4.785999774932861,-9.730999946594238
414,0.5540000200271606,-4.699999809265137,-11.128000259399414
417,2.5329999923706055,-2.552999973297119,9.185999870300293
420,0.8610000014305115,-7.125,14.241999626159668
423,4.894999980926514,-8.133999824523926,-11.972000122070313
426,0.03700000047683716,-6.796999931335449,4.934999942779541
429,2.259000062942505,12.586000442504883,-7.2210001945495605
432,3.8269999027252197,1.3960000276565552,5.313000202178955
435,4.692999839782715,2.0920000076293945,9.156999588012695
438,12.204999923706055,-1.6230000257492065,7.311999797821045
441,-9.168999671936035,-3.4149999618530273,12.083000183105469
444,6.081999778747559,-0.42500001192092896,5.3480000495910645
447,7.4720001220703125,6.669000148773193,11.050000190734863
450,-0.38499999046325684,-3.6730000972747803,6.377999782562256
453,4.6529998779296875,-5.215000152587891,5.958000183105469
456,12.1899995803833,-3.2939999103546143,3.7860000133514404
459,-6.60699987411499,2.2760000228881836,7.90500020980835
462,5.039000034332275,-0.8289999961853027,8.07800006866455
465,2.7330000400543213,-2.0810000896453857,11.914999961853027
468,11.274999618530273,2.1700000762939453,-0.7350000143051147
471,12.090999603271484,-0.6079999804496765,4.506999969482422
474,-7.61299991607666,0.9120000004768372,-0.9179999828338623
477,-4.192999839782715,4.216000080108643,3.313999891281128
480,-5.2789998054504395,-3.2929999828338623,8.637999534606934
483,-7.756999969482422,3.9609999656677246,11.937999725341797
486,-5.816999912261963,-5.4629998207092285,3.8910000324249268
489,11.095999717712402,-3.9769999980926514,7.408999919891357
492,-7.638999938964844,-0.2680000066757202,7.339000225067139
495,-3.13100004196167,-3.6050000190734863,6.76800012588501
498,-10.618000030517578,-3.2079999446868896,9.517000198364258
501,11.305000305175781,-3.2279999256134033,13.755999565124512
504,-2.5799999237060547,2.308000087738037,5.169000148773193
507,-4.293000221252441,-0.47699999809265137,8.473999977111816
510,0.052000001072883606,3.2829999923706055,6.2820000648498535
513,-0.38100001215934753,-1.0080000162124634,5.307000160217285
516,1.9479999542236328,1.5980000495910645,9.831999778747559
519,0.5,-0.3630000054836273,8.706000328063965
522,-1.4500000476837158,-5.51800012588501,8.350000381469727
525,-7.854000091552734,-2.0739998817443848,10.206000328063965
528,-6.465000152587891,-5.052999973297119,1.1740000247955322
531,-4.448999881744385,11.222999572753906,3.7049999237060547
534,-6.8520002365112305,-1.2200000286102295,4.8429999351501465
537,-0.22300000488758087,-8.076000213623047,7.796999931335449
540,1.5859999656677246,-1.093999981880188,-6.105999946594238
543,1.965000033378601,5.421999931335449,0.008999999612569809
546,7.318999767303467,0.15700000524520874,-0.4009999930858612
549,0.24400000274181366,0.8949999809265137,1.2699999809265137
552,5.666999816894531,-1.687999963760376,-2.812000036239624
555,1.5980000495910645,-3.693000078201294,1.1890000104904175
558,7.434000015258789,2.7079999446868896,-1.3309999704360962
561,-9.86400032043457,-3.5869998931884766,-4.625
564,12.404000282287598,-1.0010000467300415,-4.335000038146973
567,-10.21500015258789,-1.7259999513626099,-1.8960000276565552
570,7.7210001945495605,-1.812000036239624,3.625999927520752
573,6.513999938964844,-3.8010001182556152,2.1540000438690186
576,9.710000038146973,-1.0679999589920044,-1.0789999961853027
579,11.149999618530273,-3.38700008392334,-1.1139999628067017
582,-10.496999740600586,-2.2139999866485596,0.8289999961853027
585,11.944999694824219,0.2840000092983246,1.0740000009536743
588,-8.876999855041504,0.5260000228881836,1.430999994277954
591,6.454999923706055,-7.254000186920166,5.642000198364258
594,-9.75,0.9909999966621399,-5.868000030517578
597,-9.454000473022461,1.1260000467300415,-2.9170000553131104
600,1.4550000429153442,0.4740000069141388,-0.9980000257492065
603,-3.1080000400543213,-4.309999942779541,3.944000005722046
606,-2.677999973297119,0.7540000081062317,-2.7739999294281006
609,-8.029000282287598,3.246000051498413,4.007999897003174
612,-8.451000213623047,-1.9429999589920044,2.619999885559082
615,-6.203999996185303,-2.950000047683716,-0.38999998569488525
618,-1.6690000295639038,3.2260000705718994,-2.078000068664551
621,-0.7400000095367432,-5.169000148773193,2.697000026702881
624,-3.072000026702881,-1.0499999523162842,5.96999979019165
627,-6.533999919891357,-3.6480000019073486,6.1539998054504395
630,3.2739999294281006,2.0439999103546143,2.434999942779541
633,0.32600000500679016,5.293000221252441,-2.114000082015991
636,2.2880001068115234,5.316999912261963,9.22599983215332
639,3.0239999294281006,-6.0329999923706055,-7.914999961853027
642,0.33799999952316284,-1.5789999961853027,2.563999891281128
645,3.884999990463257,-4.436999797821045,3.0940001010894775
648,3.002000093460083,1.7669999599456787,-2.6600000858306885
651,7.323999881744385,-1.2619999647140503,-9.95300006866455
654,11.715999603271484,-0.47600001096725464,-8.65999984741211
657,8.807999610900879,-0.03500000014901161,-7.940000057220459
660,5.1620001792907715,0.9520000219345093,-4.103000164031982
663,3.8499999046325684,0.22599999606609344,-6.613999843597412
666,2.7019999027252197,-1.3519999980926514,-9.128000259399414
669,5.359000205993652,-1.6050000190734863,-7.9720001220703125
672,3.368000030517578,-5.307000160217285,-10.553999900817871
675,8.416999816894531,-1.6430000066757202,-5.323999881744385
678,4.90500020980835,-4.105000019073486,-3.3929998874664307
681,5.552000045776367,-1.9129999876022339,0.2669999897480011
684,-9.470999717712402,3.5380001068115234,-6.85099983215332
687,-11.024999618530273,2.1489999294281006,-8.857000350952148
690,-7.433000087738037,2.1029999256134033,-9.458999633789063
693,-7.915999889373779,0.08100000023841858,-7.6519999504089355
696,-5.341000080108643,-0.7639999985694885,-8.536999702453613
699,-4.943999767303467,-0.8840000033378601,-4.085000038146973
702,5.170000076293945,-5.386000156402588,-5.754000186920166
705,-10.378000259399414,-2.6570000648498535,-9.11400032043457
708,-8.652000427246094,-2.003000020980835,-10.930000305175781
711,-8.526000022888184,-2.5980000495910645,-6.826000213623047
714,-7.247000217437744,-3.1579999923706055,-2.878999948501587
717,-10.484999656677246,-4.848999977111816,-2.3369998931884766
720,1.5110000371932983,3.496999979019165,-4.054999828338623
723,-0.4009999930858612,1.4270000457763672,-4.146999835968018
726,0.746999979019165,6.660999774932861,-9.3149995803833
729,-0.07400000095367432,1.5920000076293945,-7.197999954223633
732,3.3970000743865967,-0.3319999873638153,1.0859999656677246
735,1.034000039100647,-0.8140000104904175,-3.434999942779541
738,-2.305999994277954,-4.872000217437744,-2.11299991607666
741,-0.921999990940094,-3.2739999294281006,-4.954999923706055
744,-1.0779999494552612,-4.835000038146973,-7.241000175476074
747,-1.3700000047683716,-3.180999994277954,-9.572999954223633
750,0.7070000171661377,-3.885999917984009,-2.7920000553131104
753,-0.30300000309944153,-4.790999889373779,-0.38499999046325684
756,6.800000190734863,-0.5950000286102295,10.682000160217285
759,7.848999977111816,2.0230000019073486,12.916000366210938
762,7.736999988555908,0.6679999828338623,-11.947999954223633
765,8.723999977111816,-2.1389999389648438,11.944999694824219
768,4.34499979019165,-0.9490000009536743,13.776000022888184
771,0.492000013589859,-2.325000047683716,-12.645999908447266
774,-10.996999740600586,-0.15000000596046448,10.633000373840332
777,11.118000030517578,-0.828000009059906,12.793000221252441
780,-10.668999671936035,0.8790000081062317,7.935999870300293
783,-1.0679999589920044,-2.0,11.824999809265137
786,-8.119000434875488,0.1940000057220459,-12.791999816894531
789,6.942999839782715,-1.503000020980835,13.942999839782715
792,11.538999557495117,-4.815999984741211,11.45300006866455
795,-8.109000205993652,-6.517000198364258,10.211000442504883
798,9.329000473022461,-3.1110000610351563,9.305000305175781
801,10.979000091552734,2.055000066757202,13.942999839782715
804,-9.947999954223633,-3.9760000705718994,-12.531999588012695
807,3.0239999294281006,-2.555000066757202,-11.868000030517578
810,-6.289000034332275,-0.7860000133514404,11.833000183105469
813,-3.246999979019165,-3.5950000286102295,13.08899974822998
816,3.809999942779541,1.3289999961853027,-9.048999786376953
819,2.811000108718872,1.0609999895095825,12.550999641418457
822,-3.4539999961853027,-3.890000104904175,-11.255000114440918
825,-5.27400016784668,-0.8740000128746033,-12.758999824523926
828,-3.0190000534057617,0.8679999709129333,-12.369000434875488
831,-3.9079999923706055,-9.246999740600586,13.647000312805176
834,-4.374000072479248,-9.40999984741211,9.055000305175781
837,-1.8079999685287476,-7.1529998779296875,13.16100025177002
840,-3.203000068664551,-6.035999774932861,-5.285999774932861
843,-5.932000160217285,-2.678999900817871,-10.53600025177002
846,1.940999984741211,1.0019999742507935,-12.052000045776367
849,5.006999969482422,-7.447999954223633,11.288000106811523
852,-4.735000133514404,1.7389999628067017,-10.248000144958496
855,3.4719998836517334,-8.12600040435791,8.970999717712402
858,1.2949999570846558,0.8220000267028809,6.425000190734863
861,0.1599999964237213,-0.7110000252723694,-8.65999984741211
864,9.618000030517578,4.817999839782715,11.072999954223633
867,3.9790000915527344,-1.5490000247955322,3.7009999752044678
870,3.7209999561309814,7.5929999351501465,8.717000007629395
873,9.095000267028809,3.9200000762939453,4.916999816894531
876,10.973999977111816,5.535999774932861,8.678999900817871
879,11.598999977111816,-9.026000022888184,11.956999778747559
882,2.877000093460083,5.1539998054504395,12.317000389099121
885,5.605000019073486,3.390000104904175,5.500999927520752
888,7.464000225067139,1.7170000076293945,3.8469998836517334
891,8.37600040435791,6.690999984741211,1.1139999628067017
894,-10.604000091552734,3.5390000343322754,8.685999870300293
897,-11.39799976348877,3.8320000171661377,12.133999824523926
900,-6.854000091552734,8.192999839782715,5.74399995803833
903,-9.0600004196167,9.498000144958496,7.327000141143799
906,-6.73799991607666,10.491000175476074,-1.5219999551773071
909,-2.944999933242798,3.3610000610351563,7.709000110626221
912,-2.9570000171661377,5.96999979019165,8.770000457763672
915,-4.684999942779541,9.071000099182129,7.129000186920166
918,-9.644000053405762,5.684999942779541,4.696000099182129
921,-6.63700008392334,1.184999942779541,2.936000108718872
924,-7.677999973297119,5.790999889373779,6.663000106811523
927,-0.5680000185966492,6.9070000648498535,3.256999969482422
930,-0.6650000214576721,-2.744999885559082,9.090999603271484
933,11.494000434875488,5.25600004196167,5.894000053405762
936,6.502999782562256,5.676000118255615,4.446000099182129
939,3.7090001106262207,3.4860000610351563,-0.7360000014305115
942,4.013000011444092,7.934000015258789,0.009999999776482582
945,7.546000003814697,8.083000183105469,3.4639999866485596
948,0.16099999845027924,3.6559998989105225,9.310999870300293
951,2.693000078201294,7.663000106811523,2.382999897003174
954,-4.86299991607666,1.8279999494552612,10.092000007629395
957,-4.3470001220703125,-0.008999999612569809,3.806999921798706
960,6.120999813079834,2.253000020980835,1.1059999465942383
963,0.828000009059906,6.388000011444092,6.38100004196167
966,5.313000202178955,2.072999954223633,11.883999824523926
969,-1.9429999589920044,0.21799999475479126,10.329000473022461
972,4.354000091552734,3.621999979019165,-6.13100004196167
975,1.4839999675750732,12.416000366210938,-1.9600000381469727
978,5.303999900817871,10.184000015258789,0.6830000281333923
981,3.5820000171661377,7.126999855041504,-3.630000114440918
984,5.104000091552734,5.997000217437744,-1.465000033378601
987,10.805000305175781,3.174999952316284,-3.571000099182129
990,9.513999938964844,11.954000473022461,-0.5289999842643738
993,-9.409000396728516,10.031000137329102,-1.468000054359436
996,9.199999809265137,8.361000061035156,-4.057000160217285
999,12.097000122070313,8.064000129699707,-5.335999965667725
1002,11.696999549865723,9.979000091552734,2.878999948501587
1005,9.064000129699707,10.140000343322754,2.5230000019073486
1008,7.793000221252441,5.5980000495910645,-1.3009999990463257
1011,9.857000350952148,0.17100000381469727,-3.941999912261963
1014,-4.947999954223633,2.121000051498413,-1.8339999914169312
1017,-10.17199993133545,4.6620001792907715,-3.8359999656677246
1020,9.571000099182129,0.30300000309944153,2.4049999713897705
1023,5.176000118255615,9.118000030517578,-4.431000232696533
1026,-5.00600004196167,9.675999641418457,-3.6040000915527344
1029,-6.997000217437744,5.723999977111816,-1.128999948501587
1032,-4.165999889373779,5.818999767303467,-0.453000009059906
1035,-5.677000045776367,10.366000175476074,1.4930000305175781
1038,-2.5999999046325684,9.015999794006348,3.5989999771118164
1041,-9.871999740600586,8.142999649047852,2.9570000171661377
1044,-6.992000102996826,4.511000156402588,1.3309999704360962
1047,-3.312000036239624,3.4820001125335693,0.5360000133514404
1050,-2.5929999351501465,4.590000152587891,-4.552000045776367
1053,0.9710000157356262,3.677999973297119,2.0179998874664307
1056,-6.031000137329102,7.998000144958496,3.0369999408721924
1059,-7.979000091552734,7.578999996185303,-3.0269999504089355
1062,-0.3190000057220459,8.14799976348877,-2.002000093460083
1065,-3.055999994277954,7.693999767303467,-2.1410000324249268
1068,1.4049999713897705,9.0649995803833,0.10100000351667404
1071,-2.3510000705718994,1.246000051498413,2.2750000953674316
1074,0.9919999837875366,11.756999969482422,0.5699999928474426
1077,7.758999824523926,9.315999984741211,0.35600000619888306
1080,2.486999988555908,6.985000133514404,-6.704999923706055
1083,7.658999919891357,5.810999870300293,-10.187999725341797
1086,9.496000289916992,7.264999866485596,-8.939000129699707
1089,9.222999572753906,10.78600025177002,-5.245999813079834
1092,5.484000205993652,8.220000267028809,-6.994999885559082
1095,6.98199987411499,9.189000129699707,-2.4260001182556152
1098,8.906999588012695,2.50600004196167,-6.193999767303467
1101,6.2769999504089355,2.071000099182129,-7.593999862670898
1104,7.986000061035156,2.937999963760376,-10.02299976348877
1107,7.883999824523926,6.875999927520752,-6.685999870300293
1110,9.640999794006348,5.6519999504089355,-3.2880001068115234
1113,7.336999893188477,2.609999895095825,-4.067999839782715
1116,-10.598999977111816,10.26099967956543,-7.96999979019165
1119,-9.574999809265137,10.25,-10.432999610900879
1122,-6.264999866485596,11.343000411987305,-7.525000095367432
1125,-5.630000114440918,4.563000202178955,-3.0840001106262207
1128,-8.076000213623047,10.569000244140625,-5.910999774932861
1131,11.899999618530273,11.197999954223633,-5.124000072479248
1134,9.989999771118164,5.129000186920166,-6.077000141143799
1137,-7.445000171661377,5.934000015258789,-6.98799991607666
1140,-6.197999954223633,3.697000026702881,-7.626999855041504
1143,-6.374000072479248,2.808000087738037,-5.039999961853027
1146,-0.8550000190734863,5.374000072479248,-6.943999767303467
1149,-8.79699993133545,7.9670000076293945,-5.583000183105469
1152,-3.117000102996826,8.532999992370605,-7.714000225067139
1155,-4.00600004196167,6.381999969482422,-11.13700008392334
1158,2.9719998836517334,6.13700008392334,-10.88599967956543
1161,-0.061000000685453415,9.267000198364258,-9.11400032043457
1164,-0.7400000095367432,8.628000259399414,-6.330999851226807
1167,-3.421999931335449,11.934000015258789,-4.829999923706055
1170,-4.76200008392334,0.6980000138282776,-6.2230000495910645
1173,-2.9700000286102295,3.4830000400543213,-8.626999855041504
1176,-1.4869999885559082,5.797999858856201,-10.532999992370605
1179,1.1109999418258667,8.777000427246094,-4.156000137329102
1182,6.324999809265137,5.307000160217285,-4.76800012588501
1185,1.562000036239624,4.366000175476074,-6.576000213623047
1188,4.317999839782715,7.940999984741211,11.638999938964844
1191,1.468000054359436,7.242000102996826,13.564000129699707
1194,5.74399995803833,7.443999767303467,-10.821999549865723
1197,10.987000465393066,8.602999687194824,12.269000053405762
1200,9.071000099182129,8.85099983215332,10.229999542236328
1203,6.5279998779296875,5.258999824523926,-12.736000061035156
1206,7.408999919891357,10.680000305175781,13.550999641418457
1209,12.026000022888184,7.724999904632568,9.862000465393066
1212,-9.61299991607666,9.406999588012695,10.069999694824219
1215,-6.414000034332275,6.9120001792907715,-12.581000328063965
1218,-7.59499979019165,8.133999824523926,-8.696000099182129
1221,11.413999557495117,5.800000190734863,-10.201000213623047
1224,-9.645000457763672,2.2690000534057617,-11.394000053405762
1227,-9.10200023651123,1.5390000343322754,12.012999534606934
1230,-8.135000228881836,4.2230000495910645,9.14900016784668
1233,-9.5,4.494999885559082,-13.133999824523926
1236,12.541000366210938,5.709000110626221,-7.261000156402588
1239,10.696999549865723,3.2070000171661377,-10.645999908447266
1242,-4.861999988555908,9.182999610900879,14.21399974822998
1245,-3.322000026702881,7.88100004196167,12.069999694824219
1248,-1.7860000133514404,4.956999778747559,11.156000137329102
1251,-3.4670000076293945,9.918000221252441,-10.267999649047852
1254,-1.0260000228881836,9.758000373840332,-12.28499984741211
1257,-6.1519999504089355,9.399999618530273,-10.585000038146973
1260,-8.843000411987305,6.639999866485596,-11.3149995803833
1263,-5.466000080108643,6.309000015258789,12.338000297546387
1266,-1.9800000190734863,2.552999973297119,12.397000312805176
1269,-0.5799999833106995,-0.14100000262260437,-11.192000389099121
1272,-4.804999828338623,3.7880001068115234,12.045000076293945
1275,-5.3379998207092285,8.963000297546387,-6.343999862670898
1278,0.6480000019073486,2.7950000762939453,12.753000259399414
1281,6.658999919891357,7.933000087738037,13.534000396728516
1284,3.1089999675750732,8.729000091552734,-11.871000289916992
1287,2.496000051498413,3.630000114440918,-12.446999549865723
1290,5.75600004196167,4.747000217437744,11.92300033569336
1293,-1.2799999713897705,6.625999927520752,13.640000343322754
