0,8.420999526977539,-1.9989999532699585,7.456999778747559
3,12.36299991607666,-6.432000160217285,7.822999954223633
6,11.800000190734863,-4.681000232696533,5.697999954223633
9,-6.941999912261963,-5.310999870300293,7.388000011444092
12,-7.632999897003174,-3.9670000076293945,9.82800006866455
15,-10.423999786376953,-4.048999786376953,9.555000305175781
18,10.604999542236328,12.055999755859375,7.452000141143799
21,-9.312999725341797,-8.314000129699707,7.709000110626221
24,-11.050000190734863,-9.539999961853027,5.607999801635742
27,-7.730999946594238,-7.591000080108643,5.571000099182129
30,-9.041000366210938,-8.140999794006348,10.505999565124512
33,10.274999618530273,-8.041999816894531,9.190999984741211
36,-2.5829999446868896,-3.7049999237060547,7.716000080108643
39,-7.5320000648498535,-3.2049999237060547,5.752999782562256
42,-1.2899999618530273,-3.744999885559082,5.203000068664551
45,0.9409999847412109,-4.13100004196167,7.638999938964844
48,0.04800000041723251,-3.8340001106262207,10.206000328063965
51,-2.565999984741211,-4.560999870300293,10.28600025177002
54,-3.502000093460083,-8.854000091552734,8.26200008392334
57,-4.236000061035156,-6.316999912261963,7.09499979019165
60,-3.921999931335449,-7.6539998054504395,4.85099983215332
63,2.00600004196167,-6.7270002365112305,8.097000122070313
66,0.09300000220537186,-8.123000144958496,9.5649995803833
69,-2.431999921798706,-7.330999851226807,10.239999771118164
72,4.855999946594238,-4.131999969482422,7.316999912261963
75,2.4760000705718994,-4.203000068664551,5.23199987411499
78,5.171999931335449,-3.2279999256134033,4.619999885559082
81,7.199999809265137,-5.789000034332275,7.252999782562256
84,6.78000020980835,-2.3420000076293945,10.03600025177002
87,5.383999824523926,-4.823999881744385,10.128000259399414
90,4.072000026702881,-8.416999816894531,7.611999988555908
93,2.134000062942505,-6.932000160217285,5.13700008392334
96,4.625,-7.519000053405762,3.450000047683716
99,6.310999870300293,-7.953999996185303,5.749000072479248
102,7.616000175476074,-8.071000099182129,8.722000122070313
105,5.125,-7.709000110626221,10.170000076293945
108,8.791000366210938,-3.799999952316284,-1.1080000400543213
111,9.746999740600586,-4.881999969482422,1.4320000410079956
114,9.123000144958496,-4.210999965667725,6.065000057220459
117,8.932000160217285,-8.463000297546387,-1.149999976158142
120,9.885000228881836,-7.65500020980835,1.5260000228881836
123,7.875999927520752,-8.3100004196167,3.3970000743865967
126,-11.154000282287598,-4.01800012588501,1.0290000438690186
129,-9.538000106811523,-4.834000110626221,-1.0679999589920044
132,-6.8520002365112305,-3.7869999408721924,-1.5160000324249268
135,-5.992000102996826,-4.5920000076293945,1.0440000295639038
138,-7.8520002365112305,-3.4100000858306885,3.003000020980835
141,-10.130999565124512,-4.77400016784668,3.499000072479248
144,-10.777999877929688,-8.569999694824219,1.3849999904632568
147,-9.28600025177002,-7.698999881744385,-0.949999988079071
150,-6.729000091552734,-8.57800006866455,-1.434999942779541
153,-5.75600004196167,-7.504000186920166,0.9399999976158142
156,-6.13100004196167,-8.539999961853027,3.611999988555908
159,-10.015999794006348,-7.453999996185303,3.947000026702881
162,-3.494999885559082,-3.509000062942505,0.7269999980926514
165,-2.26200008392334,-4.614999771118164,-1.3020000457763672
168,0.3490000069141388,-3.630000114440918,-1.8270000219345093
171,1.3450000286102295,-4.540999889373779,0.7170000076293945
174,0.902999997138977,-3.3420000076293945,3.2090001106262207
177,-3.114000082015991,-4.328000068664551,3.2239999771118164
180,-2.809000015258789,-8.175999641418457,0.5139999985694885
183,-1.6449999809265137,-7.380000114440918,-1.8179999589920044
186,0.9559999704360962,-8.387999534606934,-1.7009999752044678
189,1.340000033378601,-7.324999809265137,0.8029999732971191
192,0.20499999821186066,-8.29699993133545,3.197000026702881
195,-2.109999895095825,-6.769000053405762,2.8469998836517334
198,4.192999839782715,-4.214000225067139,0.3959999978542328
201,6.348999977111816,-5.089000225067139,-1.1670000553131104
204,6.514999866485596,-3.7639999389648438,2.3559999465942383
207,4.135000228881836,-7.997000217437744,0.8140000104904175
210,6.0279998779296875,-7.742000102996826,-1.0880000591278076
213,8.291000366210938,-5.389999866485596,3.6029999256134033
216,9.791000366210938,-3.7209999561309814,-5.489999771118164
219,11.515999794006348,-4.35699987411499,-7.559000015258789
222,-9.513999938964844,-3.302000045776367,-8.031999588012695
225,-8.602999687194824,-4.5960001945495605,-5.383999824523926
228,-10.41100025177002,-3.934000015258789,-3.3989999294281006
231,10.564000129699707,-4.579999923706055,-3.066999912261963
234,9.835000038146973,-8.645999908447266,-6.059000015258789
237,11.628999710083008,-7.144999980926514,-7.853000164031982
240,-9.435999870300293,-8.215999603271484,-7.960999965667725
243,-8.430000305175781,-7.489999771118164,-5.438000202178955
246,-10.01099967956543,-8.60200023651123,-3.4179999828338623
249,10.852999687194824,-7.317999839782715,-3.2060000896453857
252,-6.111999988555908,-3.7790000438690186,-5.684999942779541
255,-4.623000144958496,-4.730000019073486,-7.991000175476074
258,-2.003000020980835,-3.871999979019165,-8.272000312805176
261,-0.640999972820282,-4.395999908447266,-5.578000068664551
264,-2.566999912261963,-3.6760001182556152,-3.8980000019073486
267,-5.0929999351501465,-4.486000061035156,-3.3320000171661377
270,-5.953999996185303,-8.241000175476074,-5.861999988555908
273,-4.341000080108643,-7.413000106811523,-7.953000068664551
276,-1.4490000009536743,-8.447999954223633,-7.75600004196167
279,-0.4410000145435333,-7.27400016784668,-5.323999881744385
282,-2.5199999809265137,-8.465999603271484,-4.079999923706055
285,-4.995999813079834,-7.354000091552734,-3.359999895095825
288,1.9839999675750732,-3.565999984741211,-5.7870001792907715
291,3.7909998893737793,-4.610000133514404,-7.741000175476074
294,6.742000102996826,-3.6010000705718994,-7.946000099182129
297,7.156000137329102,-4.539999961853027,-5.485000133514404
300,5.2769999504089355,-4.138000011444092,-3.497999906539917
303,2.443000078201294,-4.439000129699707,-3.1600000858306885
306,2.002000093460083,-8.33899974822998,-6.078000068664551
309,3.6440000534057617,-7.704999923706055,-8.098999977111816
312,6.599999904632568,-8.130000114440918,-8.463000297546387
315,7.275000095367432,-7.3420000076293945,-5.681000232696533
318,5.550000190734863,-8.201000213623047,-3.747999906539917
321,2.8510000705718994,-7.296999931335449,-3.5139999389648438
324,11.416999816894531,-3.6519999504089355,11.682999610900879
327,-11.21500015258789,-4.875,14.383999824523926
330,11.02299976348877,-4.324999809265137,-10.425000190734863
333,11.567000389099121,-8.475000381469727,12.119000434875488
336,-10.774999618530273,-7.755000114440918,-12.46399974822998
339,11.157999992370605,-8.359000205993652,-10.36299991607666
342,-8.657999992370605,-3.9860000610351563,14.324000358581543
345,-6.815999984741211,-4.39300012588501,12.378000259399414
348,-4.284999847412109,-3.3580000400543213,12.293000221252441
351,-3.7269999980926514,-4.301000118255615,-12.331000328063965
354,-5.432000160217285,-3.388000011444092,-10.371000289916992
357,-7.839000225067139,-4.642000198364258,-10.303000450134277
360,-8.142999649047852,-8.432999610900879,-12.447999954223633
363,-6.980000019073486,-7.452000141143799,12.395999908447266
366,-4.422999858856201,-8.413000106811523,11.871000289916992
369,-3.6029999256134033,-7.442999839782715,-12.907999992370605
372,-4.829999923706055,-8.119999885559082,-10.527000427246094
375,-7.604000091552734,-7.552000045776367,-9.961000442504883
378,-1.093000054359436,-3.694000005722046,-12.670999526977539
381,0.8870000243186951,-4.570000171661377,12.661999702453613
384,3.6760001182556152,-3.802999973297119,12.001999855041504
387,4.64300012588501,-4.656000137329102,14.39799976348877
390,2.5989999771118164,-4.013999938964844,-10.696000099182129
393,-0.19599999487400055,-4.882999897003174,-10.232000350952148
396,-0.8399999737739563,-8.293999671936035,-13.013999938964844
399,0.7680000066757202,-7.363999843597412,12.27400016784668
402,3.3959999084472656,-8.0649995803833,12.206000328063965
405,4.682000160217285,-7.480999946594238,-12.593000411987305
408,2.6050000190734863,-8.152999877929688,-10.550000190734863
411,-0.0949999988079071,-7.552000045776367,-10.067999839782715
414,7.267000198364258,-3.687000036239624,14.456999778747559
417,8.972999572753906,-4.414999961853027,12.541000366210938
420,8.213000297546387,-4.52400016784668,-10.32699966430664
423,7.145999908447266,-8.350000381469727,-12.737000465393066
426,9.256999969482422,-7.324999809265137,12.557999610900879
429,8.407999992370605,-7.5289998054504395,-10.342000007629395
432,11.996999740600586,3.950000047683716,5.640999794006348
435,-9.555000305175781,3.696000099182129,7.802999973297119
438,-7.038000106811523,4.440000057220459,6.269000053405762
441,-6.1570000648498535,2.5369999408721924,8.359000205993652
444,-7.40500020980835,3.6029999256134033,10.564000129699707
447,-10.09000015258789,3.0450000762939453,10.175999641418457
450,10.447999954223633,-0.11999999731779099,7.494999885559082
453,12.357000350952148,-1.680999994277954,8.362000465393066
456,-10.229000091552734,-2.2920000553131104,5.959000110626221
459,-6.534999847412109,-0.5450000166893005,8.22700023651123
462,-7.828999996185303,-1.4010000228881836,10.477999687194824
465,-10.163999557495117,0.13699999451637268,10.064000129699707
468,-3.553999900817871,3.309999942779541,7.156000137329102
471,-5.076000213623047,2.0859999656677246,5.10099983215332
474,-2.3469998836517334,5.6519999504089355,5.982999801635742
477,1.968999981880188,2.3559999465942383,7.7270002365112305
480,-0.06300000101327896,3.2130000591278076,9.465999603271484
483,-2.7290000915527344,2.6689999103546143,9.831000328063965
486,-3.934999942779541,-1.215000033378601,7.834000110626221
489,-6.5329999923706055,-0.4309999942779541,5.453999996185303
492,-4.019999980926514,-1.5609999895095825,5.050000190734863
495,1.559999942779541,-0.4519999921321869,7.703999996185303
498,-0.09099999815225601,-1.0640000104904175,10.161999702453613
501,-2.7009999752044678,0.017999999225139618,10.11400032043457
504,4.531000137329102,3.5280001163482666,7.8480000495910645
507,1.6629999876022339,2.552999973297119,4.901000022888184
510,3.680999994277954,3.946000099182129,3.4509999752044678
513,9.456999778747559,2.8940000534057617,7.880000114440918
516,7.843999862670898,3.569000005722046,9.793999671936035
519,5.413000106811523,2.3469998836517334,10.262999534606934
522,4.241000175476074,-1.3660000562667847,7.790999889373779
525,2.371999979019165,-0.050999999046325684,4.748000144958496
528,4.874000072479248,-0.652999997138977,3.990000009536743
531,7.823999881744385,1.909999966621399,5.886000156402588
534,6.447000026702881,-0.4650000035762787,6.440000057220459
537,4.739999771118164,-0.23899999260902405,10.201000213623047
540,8.92300033569336,3.255000114440918,-1.718000054359436
543,9.291999816894531,2.6080000400543213,0.9509999752044678
546,10.840999603271484,4.0269999504089355,2.9179999828338623
549,8.739999771118164,-1.0019999742507935,-0.703000009059906
552,10.043000221252441,-0.039000000804662704,1.4490000009536743
555,9.512999534606934,1.4429999589920044,3.7890000343322754
558,-10.95199966430664,4.189000129699707,0.8569999933242798
561,-9.263999938964844,2.565999984741211,-0.7590000033378601
564,-6.890999794006348,3.8519999980926514,-1.3819999694824219
567,-6.1579999923706055,2.878000020980835,1.190000057220459
570,-6.486999988555908,3.931999921798706,3.7090001106262207
573,11.736000061035156,1.309000015258789,5.329999923706055
576,-10.935999870300293,-1.0299999713897705,1.3220000267028809
579,-9.251999855041504,-0.11599999666213989,-0.9169999957084656
582,-6.670000076293945,-1.0549999475479126,-1.3680000305175781
585,-5.703999996185303,0.07800000160932541,0.9670000076293945
588,-7.61899995803833,-0.6230000257492065,2.9110000133514404
591,-10.307999610900879,-0.3970000147819519,3.9010000228881836
594,-3.6059999465942383,3.7699999809265137,1.0369999408721924
597,-2.1050000190734863,3.0220000743865967,-1.3170000314712524
600,0.29600000381469727,4.124000072479248,-1.8539999723434448
603,1.371999979019165,2.6679999828338623,0.8790000081062317
606,-0.2879999876022339,3.4030001163482666,3.061000108718872
609,-2.8970000743865967,2.7130000591278076,3.510999917984009
612,-3.1500000953674316,-0.6840000152587891,1.0089999437332153
615,-1.6820000410079956,0.3919999897480011,-1.097000002861023
618,0.5019999742507935,-0.7110000252723694,-2.2699999809265137
621,2.0799999237060547,-0.039000000804662704,0.37599998712539673
624,0.6129999756813049,-0.8199999928474426,2.734999895095825
627,-2.11299991607666,-0.061000000685453415,3.38100004196167
630,4.080999851226807,3.638000011444092,0.6309999823570251
633,6.340000152587891,3.1640000343322754,-0.9929999709129333
636,5.859000205993652,3.6989998817443848,5.448999881744385
639,4.10099983215332,-1.784999966621399,-0.7310000061988831
642,7.045000076293945,0.9950000047683716,0.5099999904632568
645,5.89900016784668,-1.2000000476837158,1.4600000381469727
648,9.848999977111816,3.427000045776367,-5.570000171661377
651,11.347000122070313,2.5989999771118164,-8.10099983215332
654,-9.692000389099121,3.553999900817871,-8.152999877929688
657,-8.878000259399414,2.5789999961853027,-5.743000030517578
660,-10.197999954223633,3.431999921798706,-3.384999990463257
663,10.987000465393066,2.2139999866485596,-3.259000062942505
666,9.95199966430664,-1.0089999437332153,-5.263000011444092
669,11.152999877929688,0.007000000216066837,-7.546999931335449
672,-9.791999816894531,-0.5180000066757202,-7.892000198364258
675,-8.53499984741211,0.0020000000949949026,-5.36899995803833
678,-10.295999526977539,-1.0520000457763672,-3.3389999866485596
681,10.67300033569336,-0.453000009059906,-2.6019999980926514
684,-6.343999862670898,3.924999952316284,-6.26800012588501
687,-4.118000030517578,2.815000057220459,-7.625999927520752
690,-1.593999981880188,3.9690001010894775,-8.081999778747559
693,-0.9369999766349792,2.8350000381469727,-5.629000186920166
696,-2.7170000076293945,3.86899995803833,-3.7920000553131104
699,-5.497000217437744,3.259000062942505,-3.5439999103546143
702,-5.999000072479248,-1.0479999780654907,-5.954999923706055
705,-4.215000152587891,0.06199999898672104,-8.001999855041504
708,-1.6670000553131104,-1.2719999551773071,-7.849999904632568
711,-0.8399999737739563,-0.2150000035762787,-5.486000061035156
714,-2.6700000762939453,-0.8009999990463257,-3.552000045776367
717,-5.2220001220703125,-0.09399999678134918,-3.5190000534057617
720,1.8669999837875366,3.6110000610351563,-5.73199987411499
723,3.3919999599456787,2.8010001182556152,-7.99399995803833
726,6.123000144958496,3.509000062942505,-8.069999694824219
729,7.210000038146973,2.5,-5.525000095367432
732,5.484000205993652,3.3540000915527344,-3.50600004196167
735,2.686000108718872,2.805000066757202,-2.9769999980926514
738,1.9079999923706055,-0.796999990940094,-6.26200008392334
741,3.7730000019073486,0.07699999958276749,-8.069000244140625
744,6.3979997634887695,-0.8579999804496765,-8.123000144958496
747,6.921000003814697,-0.2329999953508377,-5.23199987411499
750,4.992000102996826,-1.2860000133514404,-3.36299991607666
753,2.7170000076293945,0.07699999958276749,-3.822999954223633
756,11.373000144958496,3.7860000133514404,12.081999778747559
759,12.208000183105469,2.502000093460083,14.288000106811523
762,10.366000175476074,3.3589999675750732,-10.939000129699707
765,11.75100040435791,-0.9549999833106995,12.090999603271484
768,12.479000091552734,-0.3149999976158142,-12.428999900817871
771,10.557999610900879,-1.2740000486373901,-10.380999565124512
774,-8.74899959564209,4.058000087738037,-12.553000450134277
777,-6.863999843597412,2.7909998893737793,12.986000061035156
780,-4.177999973297119,3.496000051498413,11.961999893188477
783,-3.683000087738037,3.2760000228881836,-12.46500015258789
786,-5.133999824523926,3.6459999084472656,-10.144000053405762
789,-7.848999977111816,2.944000005722046,-10.178000450134277
792,-8.458999633789063,-1.1779999732971191,-12.305000305175781
795,-7.206999778747559,-0.10300000011920929,12.664999961853027
798,-4.474999904632568,-0.6539999842643738,12.0649995803833
801,-3.937999963760376,0.49900001287460327,-12.519000053405762
804,-5.414000034332275,-0.796999990940094,-10.260000228881836
807,-7.906000137329102,0.21799999475479126,-9.706000328063965
810,-0.7820000052452087,3.625,14.017999649047852
813,0.6919999718666077,2.5209999084472656,11.968000411987305
816,3.312999963760376,3.740999937057495,11.878999710083008
819,4.140999794006348,2.6610000133514404,14.45300006866455
822,2.7130000591278076,4.065000057220459,-10.402000427246094
825,0.04800000041723251,3.375999927520752,-10.097000122070313
828,-1.3600000143051147,-0.9380000233650208,-12.493000030517578
831,0.5929999947547913,-0.19599999487400055,12.590999603271484
834,3.247999906539917,-1.0770000219345093,12.336000442504883
837,4.297999858856201,-0.12800000607967377,-12.418999671936035
840,2.5820000171661377,-0.9139999747276306,-10.456000328063965
843,-0.20000000298023224,-0.3019999861717224,-10.053000450134277
846,6.828999996185303,3.5299999713897705,14.239999771118164
849,8.696999549865723,3.0339999198913574,12.272000312805176
852,7.303999900817871,2.8499999046325684,-10.359999656677246
855,6.986000061035156,-0.8370000123977661,-12.767999649047852
858,9.286999702453613,0.12399999797344208,12.895000457763672
861,8.12600040435791,-0.029999999329447746,-10.20199966430664
864,10.64900016784668,9.58899974822998,9.211000442504883
867,11.286999702453613,8.437000274658203,4.586999893188477
870,-10.413999557495117,10.548999786376953,4.129000186920166
873,-7.224999904632568,10.496000289916992,8.440999984741211
876,-8.461000442504883,11.619999885559082,10.833000183105469
879,-10.779000282287598,10.142999649047852,12.003000259399414
882,9.756999969482422,7.449999809265137,8.119000434875488
885,11.961000442504883,6.593999862670898,6.49399995803833
888,-8.869999885559082,6.74399995803833,6.065000057220459
891,-8.319999694824219,8.11400032043457,8.66100025177002
894,-6.78000020980835,6.379000186920166,9.984999656677246
897,12.869999885559082,7.9770002365112305,10.321000099182129
900,-4.300000190734863,10.925999641418457,8.33899974822998
903,-4.599999904632568,10.748000144958496,5.581999778747559
906,0.9049999713897705,9.861000061035156,5.074999809265137
909,1.2589999437332153,9.76200008392334,7.7779998779296875
912,-0.17299999296665192,11.243000030517578,9.562000274658203
915,-2.752000093460083,10.340999603271484,10.534000396728516
918,-4.169000148773193,6.459000110626221,8.001999855041504
921,-5.190999984741211,7.247000217437744,5.375
924,-0.03999999910593033,7.13100004196167,6.014999866485596
927,1.8949999809265137,7.283999919891357,8.147000312805176
930,0.03099999949336052,6.238999843597412,10.039999961853027
933,-2.424999952316284,7.564000129699707,10.145000457763672
936,3.4769999980926514,11.248000144958496,7.840000152587891
939,6.175000190734863,10.64799976348877,6.968999862670898
942,5.479000091552734,11.51099967956543,4.335000038146973
945,9.494000434875488,10.241000175476074,5.668000221252441
948,6.98199987411499,11.517000198364258,9.48900032043457
951,4.559999942779541,10.621000289916992,10.376999855041504
954,4.307000160217285,6.442999839782715,7.790999889373779
957,3.9019999504089355,7.031000137329102,3.312000036239624
960,5.693999767303467,6.625999927520752,5.380000114440918
963,7.790999889373779,8.152000427246094,6.243000030517578
966,7.684999942779541,6.355000019073486,10.095000267028809
969,5.243000030517578,7.946000099182129,10.008000373840332
972,9.333000183105469,11.279000282287598,-1.406000018119812
975,10.019000053405762,10.942999839782715,1.524999976158142
978,7.955999851226807,11.371999740600586,3.434999942779541
981,8.906999588012695,6.065000057220459,-1.5429999828338623
984,9.333999633789063,7.875,0.46000000834465027
987,10.704000473022461,6.636000156402588,2.6630001068115234
990,-10.918999671936035,11.16100025177002,1.4739999771118164
993,-9.357999801635742,10.472000122070313,-0.8029999732971191
996,-6.669000148773193,11.194000244140625,-1.61899995803833
999,-5.946000099182129,10.513999938964844,1.0789999961853027
1002,-6.697999954223633,11.237000465393066,3.5820000171661377
1005,-8.069000244140625,10.609999656677246,5.861000061035156
1008,-10.373000144958496,6.808000087738037,1.3849999904632568
1011,-9.229000091552734,7.724999904632568,-1.3769999742507935
1014,-6.861999988555908,6.599999904632568,-1.6670000553131104
1017,-5.820000171661377,7.604000091552734,0.6330000162124634
1020,-6.775000095367432,6.728000164031982,3.069000005722046
1023,-9.213000297546387,8.010000228881836,3.6440000534057617
1026,-3.3540000915527344,11.38599967956543,0.843999981880188
1029,-1.8329999446868896,10.253999710083008,-0.9700000286102295
1032,0.7670000195503235,11.215999603271484,-1.5520000457763672
1035,1.3320000171661377,10.196999549865723,0.9490000009536743
1038,-0.125,11.175000190734863,3.0889999866485596
1041,-2.997999906539917,10.263999938964844,3.371999979019165
1044,-2.9489998817443848,6.541999816894531,0.6420000195503235
1047,-1.3860000371932983,7.613999843597412,-1.5570000410079956
1050,1.25,6.565999984741211,-1.7450000047683716
1053,1.1990000009536743,7.178999900817871,0.9279999732971191
1056,0.03799999877810478,6.191999912261963,3.2139999866485596
1059,-2.6619999408721924,7.603000164031982,3.187999963760376
1062,3.946000099182129,11.277000427246094,1.2239999771118164
1065,5.97599983215332,11.928999900817871,-0.9559999704360962
1068,3.322999954223633,9.722000122070313,3.5460000038146973
1071,4.256999969482422,6.544000148773193,0.5569999814033508
1074,6.357999801635742,7.085000038146973,-1.2699999809265137
1077,7.341000080108643,9.45300006866455,-0.8830000162124634
1080,10.008999824523926,11.15999984741211,-5.756999969482422
1083,11.53600025177002,10.373000144958496,-7.982999801635742
1086,-9.569000244140625,11.534000396728516,-8.09000015258789
1089,-8.826000213623047,10.232999801635742,-5.793000221252441
1092,-10.017999649047852,11.052000045776367,-3.2960000038146973
1095,10.979999542236328,9.585000038146973,-3.5169999599456787
1098,10.031000137329102,6.099999904632568,-6.099999904632568
1101,11.585000038146973,7.290999889373779,-8.015999794006348
1104,-9.345000267028809,6.335999965667725,-8.151000022888184
1107,-8.609000205993652,7.392000198364258,-5.75600004196167
1110,-10.00100040435791,6.4070000648498535,-3.7079999446868896
1113,10.664999961853027,6.998000144958496,-3.578000068664551
1116,-6.379000186920166,11.484000205993652,-5.949999809265137
1119,-4.269999980926514,10.70199966430664,-7.5329999923706055
1122,-1.5160000324249268,11.291000366210938,-7.9710001945495605
1125,-0.6880000233650208,10.270000457763672,-5.519000053405762
1128,-2.433000087738037,11.35200023651123,-3.309000015258789
1131,-5.052000045776367,10.402999877929688,-3.7200000286102295
1134,-5.98799991607666,6.6539998054504395,-6.210999965667725
1137,-4.052999973297119,7.603000164031982,-7.665999889373779
1140,-1.444000005722046,6.761000156402588,-8.053999900817871
1143,-0.781000018119812,7.617000102996826,-5.551000118255615
1146,-2.7809998989105225,6.784999847412109,-4.011000156402588
1149,-5.446000099182129,7.609000205993652,-3.7639999389648438
1152,1.9249999523162842,11.241000175476074,-5.810999870300293
1155,3.7269999980926514,10.314000129699707,-7.938000202178955
1158,6.427999973297119,11.281999588012695,-8.223999977111816
1161,7.291999816894531,10.109999656677246,-5.76200008392334
1164,5.008999824523926,11.493000030517578,-4.415999889373779
1167,2.694999933242798,10.437000274658203,-3.2850000858306885
1170,1.7960000038146973,6.413000106811523,-5.892000198364258
1173,3.319999933242798,7.293000221252441,-8.265999794006348
1176,6.0229997634887695,6.453999996185303,-8.220999717712402
1179,7.175000190734863,7.203999996185303,-5.809999942779541
1182,5.568999767303467,6.139999866485596,-3.8259999752044678
1185,3.302999973297119,7.644999980926514,-3.8299999237060547
1188,10.562000274658203,11.432999610900879,11.496000289916992
1191,-11.168000221252441,10.163000106811523,-12.29800033569336
1194,10.614999771118164,11.340999603271484,-10.489999771118164
1197,11.267000198364258,6.534999847412109,12.02400016784668
1200,12.288999557495117,7.285999774932861,-12.572999954223633
1203,10.866999626159668,6.202000141143799,-10.425000190734863
1206,-8.392000198364258,11.017000198364258,-12.187999725341797
1209,-7.004000186920166,10.154000282287598,12.70300006866455
1212,-4.517000198364258,11.319000244140625,12.35099983215332
1215,-3.5399999618530273,10.342000007629395,-12.15999984741211
1218,-4.901000022888184,11.517000198364258,-10.116000175476074
1221,-7.605999946594238,10.47599983215332,-9.72599983215332
1224,-8.675000190734863,7.0370001792907715,-12.54800033569336
1227,-6.5320000648498535,7.48799991607666,12.708999633789063
1230,-3.9660000801086426,6.443999767303467,12.060999870300293
1233,-3.447000026702881,7.432000160217285,-12.201000213623047
1236,-5.086999893188477,6.572000026702881,-10.142999649047852
1239,-7.88100004196167,7.554999828338623,-9.961999893188477
1242,-0.8619999885559082,11.229000091552734,14.434000015258789
1245,0.4000000059604645,10.454999923706055,12.059000015258789
1248,2.8269999027252197,11.67300033569336,12.52299976348877
1251,4.091000080108643,10.753000259399414,-12.482999801635742
1254,2.8239998817443848,11.359000205993652,-10.23799991607666
1257,-0.03799999877810478,10.74899959564209,-10.130999565124512
1260,-0.7459999918937683,6.78000020980835,-12.814000129699707
1263,1.0299999713897705,7.703999996185303,12.35200023651123
1266,3.7290000915527344,6.752999782562256,11.961000442504883
1269,4.491000175476074,7.610000133514404,-12.58899974822998
1272,2.3949999809265137,6.835999965667725,-10.857000350952148
1275,-0.026000000536441803,7.875999927520752,-10.28499984741211
1278,6.943999767303467,11.291000366210938,14.513999938964844
1281,7.821000099182129,10.46399974822998,12.027000427246094
1284,7.955999851226807,9.958000183105469,-10.418000221252441
1287,6.864999771118164,6.459000110626221,-12.822999954223633
1290,8.765000343322754,7.624000072479248,12.45300006866455
1293,8.098999977111816,7.004000186920166,-10.081000328063965
