0,2.063999891281128,-7.9720001220703125,3.7720000743865967
3,10.718999862670898,11.767999649047852,9.715999603271484
6,4.992000102996826,-4.013999938964844,13.53600025177002
9,8.614999771118164,10.137999534606934,4.329999923706055
12,-2.509000062942505,-5.10699987411499,12.557000160217285
15,9.72599983215332,5.493000030517578,5.086999893188477
18,3.5810000896453857,9.315999984741211,10.116000175476074
21,4.455999851226807,6.734000205993652,7.9730000495910645
24,3.6689999103546143,9.253000259399414,7.329999923706055
27,4.9679999351501465,-8.286999702453613,11.22599983215332
30,10.447999954223633,7.960999965667725,4.288000106811523
33,2.828000068664551,10.824000358581543,4.7779998779296875
36,-10.890000343322754,-5.414000034332275,2.0799999237060547
39,9.027000427246094,-5.298999786376953,3.7690000534057617
42,-4.390999794006348,-6.264999866485596,1.9919999837875366
45,-10.168999671936035,-5.815000057220459,4.715000152587891
48,-2.3299999237060547,-8.380000114440918,9.041000366210938
51,-10.244000434875488,-8.008999824523926,6.533999919891357
54,-7.659999847412109,1.7769999504089355,5.019999980926514
57,-7.507999897003174,11.545999526977539,3.5480000972747803
60,-8.517000198364258,-8.383999824523926,3.0840001106262207
63,7.289000034332275,4.6539998054504395,8.09000015258789
66,1.315000057220459,7.989999771118164,11.057999610900879
69,-4.381999969482422,-6.409999847412109,9.0600004196167
72,-1.6319999694824219,9.701000213623047,12.765999794006348
75,1.4739999771118164,6.40500020980835,8.557999610900879
78,-4.4670000076293945,1.1169999837875366,-1.465999960899353
81,11.895999908447266,-3.4070000648498535,5.7820000648498535
84,0.296999990940094,11.666999816894531,7.4720001220703125
87,-5.776000022888184,10.168999671936035,9.229000091552734
90,5.716000080108643,11.932999610900879,-12.265999794006348
93,-5.125999927520752,10.744000434875488,5.541999816894531
96,-1.4459999799728394,-7.814000129699707,0.9789999723434448
99,4.795000076293945,-7.182000160217285,3.6510000228881836
102,7.511000156402588,-9.350000381469727,10.706999778747559
105,0.8410000205039978,-8.137999534606934,6.311999797821045
108,1.4709999561309814,-5.354000091552734,2.5989999771118164
111,10.180000305175781,-5.684000015258789,1.2510000467300415
114,2.805000066757202,6.547999858856201,12.97700023651123
117,-0.20000000298023224,8.987000465393066,-5.896999835968018
120,4.484000205993652,-8.701000213623047,-0.7540000081062317
123,6.63100004196167,-8.086000442504883,1.3730000257492065
126,9.050000190734863,-5.015999794006348,-1.1269999742507935
129,-6.888000011444092,11.229999542236328,-3.2920000553131104
132,-6.718999862670898,-5.870999813079834,-0.44600000977516174
135,-9.140999794006348,-6.908999919891357,0.7099999785423279
138,-10.057000160217285,-8.331000328063965,-1.4279999732971191
141,-10.430999755859375,-3.4159998893737793,0.24300000071525574
144,4.21999979019165,11.937999725341797,6.89900016784668
147,8.958999633789063,-5.938000202178955,-3.8610000610351563
150,-4.485000133514404,9.010000228881836,-2.6419999599456787
153,-10.435999870300293,3.9210000038146973,2.7360000610351563
156,10.960000038146973,-7.2769999504089355,-1.1299999952316284
159,6.656000137329102,12.008999824523926,3.2179999351501465
162,-8.401000022888184,-1.7619999647140503,0.8289999961853027
165,-7.198999881744385,-2.802000045776367,-3.13700008392334
168,-3.683000087738037,-2.562999963760376,-2.750999927520752
171,-6.129000186920166,-6.501999855041504,7.122000217437744
174,-1.909000039100647,5.671999931335449,2.7799999713897705
177,-7.559000015258789,-5.454999923706055,5.059999942779541
180,-5.306000232696533,-8.23799991607666,-0.5870000123977661
183,-4.190999984741211,11.312000274658203,-8.446000099182129
186,0.1550000011920929,4.804999828338623,-7.315000057220459
189,0.5360000133514404,8.972000122070313,7.419000148773193
192,-4.388000011444092,-7.3979997634887695,-4.567999839782715
195,-5.434999942779541,11.185999870300293,-0.9330000281333923
198,-3.0490000247955322,-5.883999824523926,-0.4129999876022339
201,-3.9100000858306885,12.211999893188477,3.007999897003174
204,-1.5889999866485596,11.753999710083008,1.503000020980835
207,-6.921000003814697,5.533999919891357,9.052000045776367
210,0.05999999865889549,3.993000030517578,3.561000108718872
213,2.7190001010894775,-3.5160000324249268,10.87600040435791
216,0.4320000112056732,-4.992000102996826,-1.8389999866485596
219,8.682999610900879,-8.406000137329102,-7.001999855041504
222,7.704999923706055,-5.209000110626221,-8.074999809265137
225,10.822999954223633,-6.534999847412109,-6.109000205993652
228,-8.48900032043457,-6.201000213623047,-2.5880000591278076
231,4.656000137329102,-2.1559998989105225,-4.2789998054504395
234,5.559000015258789,-6.6519999504089355,-2.4089999198913574
237,6.574999809265137,-7.72599983215332,-8.687000274658203
240,-9.6850004196167,7.810999870300293,-1.6069999933242798
243,12.60099983215332,12.178000450134277,-3.434000015258789
246,3.881999969482422,12.017000198364258,-3.1760001182556152
249,7.177000045776367,-8.121000289916992,-4.385000228881836
252,6.485000133514404,-0.5910000205039978,-5.258999824523926
255,9.484999656677246,-0.22200000286102295,-4.895999908447266
258,-6.479000091552734,-3.559999942779541,-8.555000305175781
261,-8.640000343322754,-6.5269999504089355,-8.355999946594238
264,-4.929999828338623,-5.382999897003174,-2.8570001125335693
267,-8.364999771118164,-4.252999782562256,-6.814000129699707
270,9.361000061035156,11.154999732971191,-7.447000026702881
273,-10.708000183105469,12.27400016784668,-9.152999877929688
276,12.189000129699707,-4.535999774932861,12.51099967956543
279,-7.416999816894531,-5.300000190734863,-11.991999626159668
282,-6.296999931335449,-4.618000030517578,-5.017000198364258
285,11.366000175476074,-8.644000053405762,-10.836000442504883
288,-6.6529998779296875,-0.6510000228881836,-8.142999649047852
291,1.4270000457763672,-4.283999919891357,-4.288000106811523
294,2.3919999599456787,12.82699966430664,-7.892000198364258
297,2.25,-9.503999710083008,-5.144999980926514
300,0.9169999957084656,-7.020999908447266,-4.25
303,-6.978000164031982,-7.9679999351501465,-6.815999984741211
306,-1.2239999771118164,-7.908999919891357,-5.946000099182129
309,0.5410000085830688,-7.1579999923706055,-7.811999797821045
312,-0.21899999678134918,10.913000106811523,-7.8429999351501465
315,7.086999893188477,9.458000183105469,-7.565000057220459
318,1.277999997138977,-8.993000030517578,-2.2039999961853027
321,-2.2269999980926514,-6.008999824523926,-7.868000030517578
324,3.6679999828338623,-6.821000099182129,9.38599967956543
327,10.168999671936035,-8.522000312805176,11.315999984741211
330,3.753999948501587,11.961000442504883,-10.4350004196167
333,3.5429999828338623,12.107000350952148,9.517999649047852
336,9.081000328063965,-5.494999885559082,12.336999893188477
339,9.244999885559082,11.934000015258789,-10.279999732971191
342,6.409999847412109,-6.126999855041504,12.645000457763672
345,-6.144999980926514,-4.23199987411499,9.795999526977539
348,-7.202000141143799,-2.433000087738037,11.934000015258789
351,-4.982999801635742,-3.4800000190734863,13.157999992370605
354,10.802000045776367,-5.927999973297119,-10.956999778747559
357,11.04699993133545,-5.859000205993652,10.538999557495117
360,-8.406999588012695,-7.416999816894531,8.447999954223633
363,11.395000457763672,-7.4070000648498535,8.204999923706055
366,-7.873000144958496,12.100000381469727,8.845000267028809
369,-8.718999862670898,-5.959000110626221,10.640999794006348
372,6.568999767303467,10.949000358581543,12.380000114440918
375,9.109000205993652,10.03600025177002,11.574000358581543
378,-2.3450000286102295,11.27400016784668,-10.241999626159668
381,10.920000076293945,11.901000022888184,13.270000457763672
384,-4.334000110626221,-7.705999851226807,-7.695000171661377
387,0.871999979019165,-9.401000022888184,9.758999824523926
390,-4.585000038146973,-8.517999649047852,-10.621000289916992
393,-3.4539999961853027,12.543999671936035,14.354999542236328
396,10.85099983215332,9.130999565124512,13.776000022888184
399,-5.182000160217285,10.967000007629395,13.069999694824219
402,-0.3240000009536743,11.798999786376953,11.706999778747559
405,7.2829999923706055,-8.604999542236328,-11.229999542236328
408,-6.61899995803833,-5.922999858856201,12.513999938964844
411,-5.526000022888184,-3.234999895095825,-11.085000038146973
414,-0.46299999952316284,-3.2300000190734863,-10.560999870300293
417,1.6510000228881836,-5.7179999351501465,-12.836000442504883
420,-2.750999927520752,-4.565999984741211,-10.062000274658203
423,6.586999893188477,-5.982999801635742,-11.626999855041504
426,-1.5080000162124634,-6.119999885559082,3.490000009536743
429,4.736999988555908,11.208999633789063,-6.8470001220703125
432,5.331999778747559,-2.819999933242798,5.056000232696533
435,8.085000038146973,-1.3109999895095825,7.388000011444092
438,-8.314000129699707,-0.7739999890327454,4.52400016784668
441,-4.25600004196167,1.5609999895095825,11.300999641418457
444,9.928999900817871,-1.1720000505447388,3.7860000133514404
447,8.649999618530273,3.440000057220459,11.187999725341797
450,2.8350000381469727,-3.6440000534057617,7.47599983215332
453,4.723999977111816,-5.36299991607666,6.340000152587891
456,10.255000114440918,-2.5510001182556152,-1.534000039100647
459,-7.818999767303467,6.315000057220459,11.654999732971191
462,7.669000148773193,-2.924999952316284,3.562000036239624
465,3.571000099182129,1.2979999780654907,10.829000473022461
468,-10.21399974822998,1.965999960899353,4.853000164031982
471,-9.333000183105469,3.890000104904175,7.3460001945495605
474,-4.546999931335449,-0.6019999980926514,1.1390000581741333
477,-2.443000078201294,8.991999626159668,6.2220001220703125
480,-1.3270000219345093,-3.799999952316284,8.463000297546387
483,-6.464000225067139,4.684999942779541,13.46399974822998
486,-8.475000381469727,-3.7769999504089355,8.281999588012695
489,12.66100025177002,-4.142000198364258,9.357999801635742
492,-3.138000011444092,-2.9519999027252197,1.2860000133514404
495,-4.86899995803833,-0.8019999861717224,7.874000072479248
498,-9.494999885559082,-0.5099999904632568,12.020999908447266
501,-10.16100025177002,-4.705999851226807,-11.895000457763672
504,-2.193000078201294,5.053999900817871,7.107999801635742
507,-0.7200000286102295,-1.5889999866485596,11.371000289916992
510,7.25,0.640999972820282,5.623000144958496
513,2.3269999027252197,-1.527999997138977,5.709000110626221
516,0.20600000023841858,-1.5369999408721924,8.680000305175781
519,3.253999948501587,2.0199999809265137,6.3979997634887695
522,-3.8420000076293945,-3.2950000762939453,8.892999649047852
525,-8.685999870300293,1.4850000143051147,8.444000244140625
528,-7.630000114440918,-3.315000057220459,2.927000045776367
531,-2.130000114440918,11.17300033569336,4.741000175476074
534,-8.710000038146973,-0.9559999704360962,7.170000076293945
537,-0.8130000233650208,-6.426000118255615,7.881999969482422
540,0.07100000232458115,-1.9279999732971191,-4.808000087738037
543,3.7660000324249268,8.687999725341797,-2.8259999752044678
546,5.318999767303467,1.937999963760376,-1.843000054359436
549,0.7559999823570251,-0.3779999911785126,2.069999933242798
552,1.524999976158142,-2.2790000438690186,-0.2939999997615814
555,1.0579999685287476,-2.734999895095825,3.696000099182129
558,11.845000267028809,3.377000093460083,-0.23199999332427979
561,-10.434000015258789,-4.51200008392334,-5.085999965667725
564,12.434000015258789,-0.27300000190734863,-7.521999835968018
567,-2.2839999198913574,-2.6110000610351563,-5.923999786376953
570,12.600000381469727,-0.9800000190734863,4.685999870300293
573,11.460000038146973,-1.1469999551773071,0.6190000176429749
576,9.029999732971191,-0.2630000114440918,-2.3239998817443848
579,9.425000190734863,-3.138000011444092,-4.385000228881836
582,-9.694999694824219,-3.878000020980835,-2.4489998817443848
585,11.638999938964844,0.7540000081062317,-3.188999891281128
588,-5.861000061035156,1.7710000276565552,2.2839999198913574
591,6.883999824523926,11.895000457763672,5.995999813079834
594,-7.784999847412109,5.813000202178955,-2.940999984741211
597,-8.543000221252441,0.8870000243186951,-4.519000053405762
600,-1.9459999799728394,0.14499999582767487,1.465000033378601
603,-3.690999984741211,-7.170000076293945,4.919000148773193
606,-6.145999908447266,1.718999981880188,-3.489000082015991
609,-4.953999996185303,8.166999816894531,1.1679999828338623
612,-2.2750000953674316,1.6629999876022339,4.586999893188477
615,-3.678999900817871,-0.5239999890327454,-4.533999919891357
618,-2.630000114440918,4.385000228881836,-2.740999937057495
621,-2.2039999961853027,-1.1690000295639038,5.077000141143799
624,1.8559999465942383,1.378000020980835,8.486000061035156
627,-3.6510000228881836,2.5269999504089355,7.925000190734863
630,9.814000129699707,1.3450000286102295,4.9629998207092285
633,-4.426000118255615,5.203000068664551,-0.6740000247955322
636,7.434999942779541,3.631999969482422,5.353000164031982
639,4.614999771118164,-5.046999931335449,-9.802000045776367
642,0.17299999296665192,-0.02800000086426735,6.445000171661377
645,5.922999858856201,-4.7820000648498535,2.48799991607666
648,2.2660000324249268,-0.6079999804496765,-2.3919999599456787
651,10.383999824523926,-4.997000217437744,-8.446000099182129
654,11.074999809265137,6.0279998779296875,-11.614999771118164
657,6.314000129699707,-0.6869999766349792,-1.6480000019073486
660,11.222000122070313,3.0739998817443848,-4.563000202178955
663,3.877000093460083,-3.2709999084472656,-1.2979999780654907
666,2.006999969482422,-4.724999904632568,-6.989999771118164
669,4.511000156402588,-4.822000026702881,-4.326000213623047
672,2.6559998989105225,-1.6579999923706055,-9.559000015258789
675,-10.526000022888184,-0.871999979019165,-4.964000225067139
678,5.184000015258789,-5.61299991607666,-7.03000020980835
681,-1.3830000162124634,0.9129999876022339,-2.8970000743865967
684,-4.828999996185303,5.7820000648498535,-7.572000026702881
687,-7.570000171661377,4.479000091552734,-8.744000434875488
690,-4.289999961853027,4.708000183105469,-9.9350004196167
693,-9.717000007629395,3.1540000438690186,-7.836999893188477
696,-6.570000171661377,3.7230000495910645,-11.152000427246094
699,-2.760999917984009,1.8930000066757202,-6.116000175476074
702,7.394000053405762,-2.994999885559082,-6.416999816894531
705,-11.005999565124512,1.0759999752044678,-11.907999992370605
708,-7.103000164031982,-1.1200000047683716,-11.380000114440918
711,-8.970000267028809,0.7039999961853027,-9.118000030517578
714,-6.353000164031982,-1.1150000095367432,-0.9340000152587891
717,-5.644000053405762,-3.930999994277954,1.3600000143051147
720,3.140000104904175,0.8040000200271606,-4.510000228881836
723,-0.07999999821186066,2.1679999828338623,-7.007999897003174
726,1.4170000553131104,6.406000137329102,-9.885000228881836
729,1.0420000553131104,0.5419999957084656,-8.9399995803833
732,2.7869999408721924,1.8730000257492065,-0.7300000190734863
735,0.7440000176429749,2.6080000400543213,-4.486000061035156
738,-0.8880000114440918,-4.03000020980835,0.40700000524520874
741,-6.525000095367432,-0.8539999723434448,-5.210000038146973
744,3.305999994277954,9.329999923706055,-8.687000274658203
747,3.0829999446868896,2.4860000610351563,-8.043999671936035
750,1.5709999799728394,-6.482999801635742,0.0430000014603138
753,-1.628999948501587,-3.313999891281128,3.6570000648498535
756,3.7019999027252197,-7.8470001220703125,6.85099983215332
759,7.88100004196167,-0.8820000290870667,12.857000350952148
762,11.170000076293945,3.25600004196167,-11.069000244140625
765,7.7779998779296875,-3.181999921798706,11.291999816894531
768,2.943000078201294,-1.246000051498413,9.244999885559082
771,2.430000066757202,-3.8269999027252197,-11.057999610900879
774,-10.895999908447266,0.9010000228881836,9.807000160217285
777,12.065999984741211,-1.9290000200271606,13.092000007629395
780,-8.175000190734863,2.802000045776367,11.055000305175781
783,-0.8679999709129333,-6.627999782562256,14.161999702453613
786,-3.8949999809265137,4.769999980926514,-12.520999908447266
789,8.784000396728516,-4.320000171661377,-12.354999542236328
792,-6.304999828338623,-0.6389999985694885,10.190999984741211
795,-2.436000108718872,0.33399999141693115,9.170000076293945
798,5.435999870300293,-4.2179999351501465,10.052000045776367
801,10.057999610900879,-1.659999966621399,10.803000450134277
804,11.987000465393066,-2.9260001182556152,-9.131999969482422
807,6.13100004196167,-1.656000018119812,-12.522000312805176
810,-5.061999797821045,1.5420000553131104,-12.670000076293945
813,-3.7730000019073486,-7.629000186920166,12.925000190734863
816,5.3480000495910645,1.809999942779541,-6.080999851226807
819,5.636000156402588,-1.6490000486373901,8.991000175476074
822,-2.1559998989105225,-7.329999923706055,-10.684000015258789
825,-8.281999588012695,1.4809999465942383,-11.706999778747559
828,-0.8730000257492065,-1.5089999437332153,-12.763999938964844
831,-0.6819999814033508,-9.444999694824219,-13.0
834,-3.3980000019073486,-9.3149995803833,6.515999794006348
837,0.12399999797344208,-9.276000022888184,-10.074000358581543
840,-4.309999942779541,-4.255000114440918,-7.0229997634887695
843,-3.933000087738037,-0.25999999046325684,-10.310999870300293
846,4.125999927520752,-2.628999948501587,-7.321000099182129
849,2.4660000801086426,-8.029999732971191,-11.170000076293945
852,-1.1859999895095825,0.1599999964237213,-10.37600040435791
855,1.1440000534057617,-6.0320000648498535,10.010000228881836
858,4.703999996185303,-0.24899999797344208,5.488999843597412
861,0.039000000804662704,-2.9489998817443848,-7.640999794006348
864,8.562000274658203,7.244999885559082,-13.175000190734863
867,10.282999992370605,1.1349999904632568,-0.1889999955892563
870,4.697999954223633,6.034999847412109,3.822999954223633
873,11.579000473022461,-0.47699999809265137,7.306000232696533
876,10.090999603271484,3.611999988555908,8.362000465393066
879,-5.835999965667725,-8.067000389099121,10.706000328063965
882,6.2779998779296875,0.8460000157356262,10.392999649047852
885,7.552000045776367,6.429999828338623,3.9570000171661377
888,11.38599967956543,3.5269999504089355,5.876999855041504
891,8.61299991607666,6.14300012588501,1.4980000257492065
894,11.677000045776367,7.223999977111816,10.954000473022461
897,9.503000259399414,2.4790000915527344,13.776000022888184
900,-6.710999965667725,6.1479997634887695,6.427000045776367
903,11.380999565124512,6.583000183105469,1.8170000314712524
906,-6.507999897003174,-8.482000350952148,-3.118000030517578
909,-3.9630000591278076,7.065999984741211,7.130000114440918
912,-1.7669999599456787,8.967000007629395,8.897000312805176
915,-2.4660000801086426,11.567000389099121,10.055999755859375
918,-9.562999725341797,9.793000221252441,6.875
921,-0.6200000047683716,3.190999984741211,6.131999969482422
924,-9.4350004196167,5.377999782562256,4.866000175476074
927,2.065999984741211,5.454999923706055,2.4019999504089355
930,0.5830000042915344,-3.677999973297119,12.758000373840332
933,11.90999984741211,6.616000175476074,7.9679999351501465
936,4.406000137329102,7.942999839782715,1.569000005722046
939,7.690000057220459,5.519000053405762,-0.9850000143051147
942,9.729999542236328,5.955999851226807,-2.6579999923706055
945,4.2729997634887695,10.532999992370605,2.0850000381469727
948,3.1600000858306885,4.4730000495910645,9.152999877929688
951,4.98799991607666,6.664000034332275,-0.9919999837875366
954,-6.105000019073486,2.01200008392334,9.08899974822998
957,-5.044000148773193,0.8600000143051147,5.554999828338623
960,10.965999603271484,2.056999921798706,2.3970000743865967
963,2.943000078201294,5.415999889373779,5.76800012588501
966,10.3149995803833,-2.8540000915527344,8.293000221252441
969,-3.558000087738037,-0.9459999799728394,12.413999557495117
972,8.555000305175781,3.440999984741211,-4.749000072479248
975,0.6190000176429749,11.140999794006348,-3.9079999923706055
978,1.2410000562667847,7.328999996185303,4.684000015258789
981,2.180000066757202,5.574999809265137,-3.75
984,4.910999774932861,4.619999885559082,-2.8970000743865967
987,-9.869999885559082,0.6019999980926514,-1.3580000400543213
990,-5.190999984741211,10.529000282287598,-5.241000175476074
993,-7.263000011444092,4.624000072479248,-5.443999767303467
996,11.4350004196167,6.747000217437744,-0.8450000286102295
999,-9.36299991607666,9.975000381469727,-3.694999933242798
1002,-10.805999755859375,7.7230000495910645,5.684000015258789
1005,6.46999979019165,-5.550000190734863,-0.13199999928474426
1008,-9.20199966430664,3.0320000648498535,0.12800000607967377
1011,10.781000137329102,1.8250000476837158,-6.984000205993652
1014,-2.6419999599456787,2.6059999465942383,0.7419999837875366
1017,-6.461999893188477,3.2890000343322754,0.041999999433755875
1020,-8.531000137329102,1.0130000114440918,1.934000015258789
1023,12.026000022888184,8.161999702453613,-5.515999794006348
1026,-2.009999990463257,7.829999923706055,-1.3930000066757202
1029,-5.9039998054504395,10.581999778747559,1.6679999828338623
1032,-2.0350000858306885,8.656999588012695,1.1619999408721924
1035,-5.864999771118164,-8.571999549865723,2.1570000648498535
1038,-1.2519999742507935,8.055999755859375,4.03000020980835
1041,-6.806000232696533,4.755000114440918,4.223999977111816
1044,-4.866000175476074,5.416999816894531,2.315999984741211
1047,-0.5529999732971191,5.645999908447266,0.05900000035762787
1050,-4.561999797821045,3.640000104904175,-5.250999927520752
1053,1.871999979019165,1.8240000009536743,3.436000108718872
1056,-6.840000152587891,9.04699993133545,6.931000232696533
1059,-9.663999557495117,3.4779999256134033,-4.098999977111816
1062,0.4790000021457672,10.663000106811523,3.4100000858306885
1065,-5.127999782562256,6.13700008392334,-3.3499999046325684
1068,6.448999881744385,11.6899995803833,-4.789000034332275
1071,1.0770000219345093,4.11899995803833,-1.4989999532699585
1074,1.597000002861023,8.27299976348877,2.010999917984009
1077,7.139999866485596,8.954000473022461,-4.195000171661377
1080,5.710000038146973,7.122000217437744,-7.0279998779296875
1083,7.067999839782715,5.438000202178955,-11.718000411987305
1086,-10.855999946594238,8.925000190734863,-11.069000244140625
1089,-10.63599967956543,-8.182000160217285,-7.254000186920166
1092,9.640999794006348,7.038000106811523,-5.185999870300293
1095,-9.041000366210938,7.4670000076293945,-4.830999851226807
1098,9.947999954223633,4.005000114440918,-8.456999778747559
1101,7.485000133514404,3.299999952316284,-7.308000087738037
1104,7.243000030517578,1.034000039100647,-12.522000312805176
1107,10.076000213623047,6.855999946594238,-7.797999858856201
1110,12.473999977111816,5.867000102996826,-3.2829999923706055
1113,8.197999954223633,2.680000066757202,-1.305999994277954
1116,-10.60200023651123,11.480999946594238,-12.178999900817871
1119,11.881999969482422,10.220999717712402,-7.484000205993652
1122,-7.085999965667725,-7.591000080108643,-10.293000221252441
1125,-6.697000026702881,7.488999843597412,-0.9879999756813049
1128,-3.950000047683716,8.28499984741211,-8.267000198364258
1131,-9.04800033569336,12.449000358581543,-5.980000019073486
1134,-11.038999557495117,5.808000087738037,-7.35099983215332
1137,-3.990000009536743,8.081999778747559,-5.343999862670898
1140,-1.5149999856948853,5.853000164031982,-9.767999649047852
1143,-0.6589999794960022,5.098999977111816,-4.552999973297119
1146,6.039999961853027,5.144000053405762,-8.847999572753906
1149,-6.669000148773193,11.470999717712402,-7.544000148773193
1152,-0.24799999594688416,7.547999858856201,-3.5840001106262207
1155,-0.7089999914169312,7.159999847412109,13.105999946594238
1158,4.988999843597412,7.083000183105469,-12.61400032043457
1161,1.8020000457763672,6.90500020980835,-7.288000106811523
1164,2.9119999408721924,13.10200023651123,1.4880000352859497
1167,-2.4189999103546143,11.916000366210938,-6.434000015258789
1170,-2.684999942779541,2.2279999256134033,-8.8149995803833
1173,-2.2750000953674316,1.3539999723434448,14.036999702453613
1176,-1.3539999723434448,4.02400016784668,13.85200023651123
1179,3.5380001068115234,7.665999889373779,-5.380000114440918
1182,6.7789998054504395,6.076000213623047,-4.613999843597412
1185,3.015000104904175,3.194000005722046,-10.77299976348877
1188,5.306000232696533,8.432000160217285,12.003999710083008
1191,5.045000076293945,2.7829999923706055,8.425000190734863
1194,8.130999565124512,9.458999633789063,-11.32800006866455
1197,-8.748000144958496,12.347999572753906,6.113999843597412
1200,8.984999656677246,6.197999954223633,11.39799976348877
1203,9.147000312805176,0.9039999842643738,10.649999618530273
1206,8.894000053405762,12.92199993133545,7.8420000076293945
1209,-7.177999973297119,12.211999893188477,11.628000259399414
1212,12.366999626159668,9.355999946594238,9.348999977111816
1215,-3.3910000324249268,6.781000137329102,12.402999877929688
1218,-8.151000022888184,12.355999946594238,-10.006999969482422
1221,10.39900016784668,8.260000228881836,-10.130999565124512
1224,-7.181000232696533,1.00600004196167,12.866000175476074
1227,11.66100025177002,2.802000045776367,11.751999855041504
1230,-10.081000328063965,4.771999835968018,11.37399959564209
1233,-8.95300006866455,8.920000076293945,12.383000373840332
1236,-10.255999565124512,7.943999767303467,-8.640999794006348
1239,12.263999938964844,-1.5850000381469727,-11.404000282287598
1242,-3.7890000343322754,8.673999786376953,14.196000099182129
1245,-0.6510000228881836,3.996999979019165,10.920999526977539
1248,3.2860000133514404,4.177999973297119,11.871000289916992
1251,-2.4609999656677246,8.394000053405762,-10.532999992370605
1254,1.2009999752044678,10.223999977111816,-9.942999839782715
1257,-9.784000396728516,11.633999824523926,12.17199993133545
1260,-10.557999610900879,7.202000141143799,-13.324999809265137
1263,-4.616000175476074,7.860000133514404,10.071999549865723
1266,-1.8890000581741333,6.11899995803833,9.600000381469727
1269,2.052999973297119,-0.9789999723434448,-6.385000228881836
1272,-4.328999996185303,4.190000057220459,11.454000473022461
1275,-7.644000053405762,7.310999870300293,-7.617000102996826
1278,-0.01899999938905239,1.340000033378601,10.666000366210938
1281,6.534999847412109,6.925000190734863,10.043999671936035
1284,5.26200008392334,7.7820000648498535,-9.98900032043457
1287,5.590000152587891,3.0739998817443848,-12.489999771118164
1290,6.031000137329102,3.2950000762939453,11.71500015258789
1293,0.9679999947547913,5.804999828338623,-12.380999565124512
