0,11.670000076293945,-5.836999893188477,9.447999954223633
3,-10.770000457763672,-6.947999954223633,7.2820000648498535
6,-8.031999588012695,-5.811999797821045,7.35099983215332
9,-6.614999771118164,-6.564000129699707,9.819000244140625
12,-8.065999984741211,-5.317999839782715,11.939000129699707
15,-10.472000122070313,-6.585999965667725,11.848999977111816
18,11.527999877929688,12.072999954223633,9.70199966430664
21,-10.305000305175781,12.633000373840332,7.670000076293945
24,-7.763999938964844,11.78499984741211,7.295000076293945
27,-6.593999862670898,-9.404000282287598,9.510000228881836
30,-8.00100040435791,12.204999923706055,11.722999572753906
33,-10.6850004196167,-9.357000350952148,11.885000228881836
36,-4.181000232696533,-5.48799991607666,9.576000213623047
39,-2.9549999237060547,-6.738999843597412,7.36899995803833
42,-0.47200000286102295,-5.686999797821045,7.119999885559082
45,1.1970000267028809,-6.671000003814697,9.36400032043457
48,-0.16699999570846558,-5.714000225067139,11.675999641418457
51,-2.822999954223633,-6.670000076293945,11.859999656677246
54,-4.064000129699707,11.906000137329102,9.640999794006348
57,-2.936000108718872,-9.534000396728516,7.296000003814697
60,-0.054999999701976776,12.302000045776367,7.270999908447266
63,1.065000057220459,-9.552000045776367,9.682000160217285
66,-0.16300000250339508,12.019000053405762,11.920000076293945
69,-2.7880001068115234,-9.425000190734863,11.960000038146973
72,3.8239998817443848,-5.7210001945495605,9.50100040435791
75,5.074999809265137,-6.709000110626221,7.236999988555908
78,7.6579999923706055,-5.579999923706055,7.50600004196167
81,8.904999732971191,-6.421000003814697,9.75100040435791
84,7.611000061035156,-5.4039998054504395,11.994000434875488
87,5.039999961853027,-6.705999851226807,11.951000213623047
90,3.678999900817871,11.878000259399414,9.458000183105469
93,5.158999919891357,-9.46399974822998,7.302999973297119
96,7.888000011444092,12.102999687194824,7.386000156402588
99,9.04800033569336,-9.194999694824219,9.734999656677246
102,7.539999961853027,12.253000259399414,11.732999801635742
105,4.806000232696533,-9.595000267028809,11.883000373840332
108,11.404999732971191,-5.28000020980835,0.5400000214576721
111,-10.83899974822998,-6.269999980926514,3.0739998817443848
114,11.522000312805176,-5.420000076293945,5.276000022888184
117,12.062999725341797,12.196000099182129,0.8169999718666077
120,-10.508999824523926,-9.086000442504883,3.000999927520752
123,12.104999542236328,11.984000205993652,5.173999786376953
126,-8.142999649047852,-5.50600004196167,2.877000093460083
129,-6.906000137329102,-6.409999847412109,0.6510000228881836
132,-4.271999835968018,-5.427000045776367,0.5040000081062317
135,-2.984999895095825,-6.50600004196167,2.8010001182556152
138,-4.283999919891357,-5.566999912261963,5.105999946594238
141,-6.776000022888184,-6.709000110626221,5.031000137329102
144,-8.149999618530273,12.345000267028809,2.440000057220459
147,-6.888000011444092,-9.052000045776367,0.2770000100135803
150,-4.317999839782715,12.09000015258789,0.5080000162124634
153,-2.809999942779541,-9.276000022888184,2.492000102996826
156,-3.990999937057495,12.168999671936035,4.803999900817871
159,-6.914999961853027,-9.434000015258789,4.942999839782715
162,-0.17599999904632568,-5.506999969482422,2.9730000495910645
165,1.0369999408721924,-6.421999931335449,0.7599999904632568
168,3.7209999561309814,-5.607999801635742,0.6740000247955322
171,4.769999980926514,-6.401000022888184,3.0929999351501465
174,3.490000009536743,-5.59499979019165,5.258999824523926
177,1.0379999876022339,-6.836999893188477,5.139999866485596
180,-0.11900000274181366,12.321999549865723,2.4210000038146973
183,1.559000015258789,-9.11400032043457,0.628000020980835
186,4.184000015258789,12.274999618530273,0.7160000205039978
189,5.290999889373779,-9.003999710083008,3.0409998893737793
192,4.078000068664551,11.802000045776367,4.925000190734863
195,1.2940000295639038,-9.559000015258789,4.821000099182129
198,7.426000118255615,-5.645999908447266,3.0290000438690186
201,8.845999717712402,-6.544000148773193,0.7459999918937683
204,8.961999893188477,-6.519999980926514,5.197999954223633
207,7.821000099182129,12.107000350952148,2.9140000343322754
210,9.42300033569336,-9.373000144958496,0.828000009059906
213,9.423999786376953,-9.402000427246094,5.34499979019165
216,11.781000137329102,-5.267000198364258,-4.039999961853027
219,-10.401000022888184,-6.406000137329102,-6.144000053405762
222,-7.556000232696533,-5.604000091552734,-6.4039998054504395
225,-6.578000068664551,-6.323999881744385,-3.6089999675750732
228,-8.45199966430664,-5.604000091552734,-1.7580000162124634
231,-11.08899974822998,-6.670000076293945,-1.746000051498413
234,11.248000144958496,12.13700008392334,-4.302000045776367
237,-10.352999687194824,-9.321000099182129,-5.9710001945495605
240,-7.6539998054504395,12.215999603271484,-6.267000198364258
243,-6.828999996185303,-9.260000228881836,-3.9630000591278076
246,-8.232000350952148,12.239999771118164,-1.8509999513626099
249,12.562000274658203,-9.350000381469727,-1.9570000171661377
252,-3.874000072479248,-5.831999778747559,-3.825000047683716
255,-2.515000104904175,-6.677000045776367,-6.013000011444092
258,-0.026000000536441803,-5.414000034332275,-6.206999778747559
261,0.9900000095367432,-6.5920000076293945,-3.8329999446868896
264,-0.18000000715255737,-5.493000030517578,-1.503000020980835
267,-2.867000102996826,-6.613999843597412,-1.5470000505447388
270,-4.197999954223633,12.229999542236328,-3.9079999923706055
273,-2.686000108718872,-9.491000175476074,-6.1579999923706055
276,-0.03500000014901161,12.178000450134277,-6.288000106811523
279,1.2710000276565552,-9.508999824523926,-3.9059998989105225
282,0.05000000074505806,12.1850004196167,-1.5820000171661377
285,-2.9619998931884766,-9.432999610900879,-1.6629999876022339
288,3.677999973297119,-5.460999965667725,-3.687999963760376
291,4.896999835968018,-6.276000022888184,-5.994999885559082
294,7.495999813079834,-5.409999847412109,-6.373000144958496
297,9.015000343322754,-6.303999900817871,-3.993000030517578
300,7.686999797821045,-5.822999954223633,-1.7139999866485596
303,5.046000003814697,-6.640999794006348,-1.472000002861023
306,3.8320000171661377,12.022000312805176,-4.0970001220703125
309,4.909999847412109,-9.043999671936035,-6.283999919891357
312,7.578999996185303,12.404999732971191,-6.429999828338623
315,8.824000358581543,-9.102999687194824,-4.073999881744385
318,8.015000343322754,12.307000160217285,-1.4479999542236328
321,4.951000213623047,-9.416000366210938,-1.8509999513626099
324,11.581000328063965,-5.815000057220459,13.963000297546387
327,-10.82800006866455,-6.64900016784668,-10.765999794006348
330,11.833000183105469,-5.61299991607666,-8.432999610900879
333,11.914999961853027,12.217000007629395,-12.895000457763672
336,-10.538999557495117,-9.3100004196167,-10.444999694824219
339,11.864999771118164,12.095000267028809,-8.178000450134277
342,-8.387999534606934,-5.4029998779296875,-10.868000030517578
345,-6.669000148773193,-6.258999824523926,14.20300006866455
348,-4.038000106811523,-5.6570000648498535,14.04699993133545
351,-3.1440000534057617,-6.798999786376953,-10.76200008392334
354,-3.9579999446868896,-5.841000080108643,-8.282999992370605
357,-6.827000141143799,-6.5269999504089355,-8.833000183105469
360,-7.88100004196167,12.10099983215332,-10.6850004196167
363,-6.933000087738037,-9.159000396728516,-13.01200008392334
366,-4.361999988555908,12.133000373840332,-13.140999794006348
369,-2.98799991607666,-9.564000129699707,-10.803999900817871
372,-4.01200008392334,11.758000373840332,-8.46500015258789
375,-6.48199987411499,-9.380999565124512,-8.470000267028809
378,-0.6240000128746033,-5.798999786376953,-10.883999824523926
381,0.8450000286102295,-6.617000102996826,14.121000289916992
384,3.6029999256134033,-5.682000160217285,14.185999870300293
387,5.068999767303467,-6.454999923706055,-10.616999626159668
390,3.5360000133514404,-5.677999973297119,-8.491999626159668
393,0.7839999794960022,-6.697999954223633,-8.57699966430664
396,-0.2939999997615814,12.0600004196167,-10.972000122070313
399,1.3639999628067017,-9.279000282287598,-12.829999923706055
402,4.039999961853027,11.973999977111816,-12.859999656677246
405,5.329999923706055,-9.260000228881836,-10.505999565124512
408,3.8380000591278076,12.130000114440918,-8.430999755859375
411,1.1970000267028809,-9.357000350952148,-8.46399974822998
414,7.923999786376953,-5.547999858856201,-10.517999649047852
417,8.836999893188477,-6.551000118255615,14.20300006866455
420,9.133000373840332,-6.355000019073486,-8.11299991607666
423,7.980999946594238,12.131999969482422,-10.468000411987305
426,8.720999717712402,-9.234999656677246,-13.069999694824219
429,9.381999969482422,-9.156000137329102,-8.368000030517578
432,11.371999740600586,2.124000072479248,9.520000457763672
435,-10.852999687194824,0.9350000023841858,7.484000205993652
438,-8.062000274658203,1.8240000009536743,7.375
441,-6.4730000495910645,1.1740000247955322,9.595999717712402
444,-7.863999843597412,2.1029999256134033,11.937999725341797
447,-10.769000053405762,0.8519999980926514,11.979000091552734
450,11.63700008392334,-3.0290000438690186,9.342000007629395
453,-10.432000160217285,-1.7619999647140503,7.364999771118164
456,-7.954999923706055,-2.9189999103546143,7.468999862670898
459,-6.610000133514404,-1.5950000286102295,9.361000061035156
462,-8.282999992370605,-2.624000072479248,11.418000221252441
465,12.579999923706055,-1.9589999914169312,11.763999938964844
468,-3.8420000076293945,1.7690000534057617,9.819999694824219
471,-2.683000087738037,0.8659999966621399,7.442999839782715
474,0.04100000113248825,1.8869999647140503,7.619999885559082
477,1.2239999771118164,0.597000002861023,9.833000183105469
480,-0.2370000034570694,1.6749999523162842,11.82800006866455
483,-2.7760000228881836,0.5370000004768372,12.095000267028809
486,-3.9739999771118164,-2.690999984741211,9.27400016784668
489,-2.5799999237060547,-1.8940000534057617,7.1620001792907715
492,-0.032999999821186066,-3.0269999504089355,7.295000076293945
495,1.3359999656677246,-2.1440000534057617,9.739999771118164
498,-0.06800000369548798,-3.0940001010894775,11.911999702453613
501,-2.7850000858306885,-2.180999994277954,11.678999900817871
504,3.828000068664551,1.5889999866485596,9.918000221252441
507,4.909999847412109,0.6990000009536743,7.395999908447266
510,7.381999969482422,1.8300000429153442,7.460999965667725
513,8.890000343322754,0.9509999752044678,9.668000221252441
516,7.781000137329102,1.784999966621399,12.017999649047852
519,5.081999778747559,0.7250000238418579,12.173999786376953
522,4.110000133514404,-2.8299999237060547,9.595999717712402
525,5.065000057220459,-1.9630000591278076,7.1519999504089355
528,7.775000095367432,-2.7720000743865967,7.331999778747559
531,9.026000022888184,-1.7330000400543213,9.604000091552734
534,7.868000030517578,-2.7300000190734863,11.809000015258789
537,5.27400016784668,-2.0450000762939453,11.88700008392334
540,11.54699993133545,2.13100004196167,0.6230000257492065
543,-10.732999801635742,1.2269999980926514,2.941999912261963
546,11.574999809265137,1.972000002861023,5.216000080108643
549,11.727999687194824,-2.5329999923706055,0.49900001287460327
552,-10.470000267028809,-1.5449999570846558,2.9130001068115234
555,11.876999855041504,-2.6989998817443848,5.1620001792907715
558,-7.995999813079834,2.069000005722046,3.127000093460083
561,-6.933000087738037,1.0950000286102295,0.8270000219345093
564,-4.3429999351501465,1.9700000286102295,0.3619999885559082
567,-3.2760000228881836,1.031000018119812,2.7119998931884766
570,-4.183000087738037,1.878999948501587,5.144999980926514
573,-6.7230000495910645,0.8180000185966492,5.197000026702881
576,-8.079999923706055,-2.806999921798706,2.9489998817443848
579,-6.973999977111816,-1.8250000476837158,0.7129999995231628
582,-4.382999897003174,-2.6530001163482666,0.43700000643730164
585,-3.072000026702881,-1.690000057220459,2.693000078201294
588,-4.083000183105469,-2.859999895095825,4.85099983215332
591,-6.545000076293945,-1.875,5.26800012588501
594,-0.5170000195503235,1.9769999980926514,2.884000062942505
597,1.0169999599456787,1.156000018119812,0.8090000152587891
600,3.63700008392334,1.8619999885559082,0.7009999752044678
603,4.870999813079834,1.0889999866485596,3.0510001182556152
606,3.486999988555908,1.8960000276565552,5.228000164031982
609,0.878000020980835,0.9810000061988831,5.166999816894531
612,-0.3330000042915344,-2.742000102996826,2.5980000495910645
615,1.2130000591278076,-1.5839999914169312,0.49799999594688416
618,3.8459999561309814,-2.5799999237060547,0.4309999942779541
621,5.031000137329102,-1.6749999523162842,2.941999912261963
624,3.549999952316284,-2.878999948501587,5.004000186920166
627,0.7850000262260437,-1.8350000381469727,4.985000133514404
630,7.39300012588501,2.049999952316284,3.062999963760376
633,8.925999641418457,0.9399999976158142,0.9700000286102295
636,8.973999977111816,0.9559999704360962,5.145999908447266
639,7.64300012588501,-2.868000030517578,2.9730000495910645
642,8.913999557495117,-1.934000015258789,0.6890000104904175
645,9.208000183105469,-1.7369999885559082,5.083000183105469
648,11.109999656677246,1.972000002861023,-3.86899995803833
651,-10.911999702453613,1.0509999990463257,-5.9710001945495605
654,-8.133000373840332,1.8350000381469727,-6.093999862670898
657,-6.9120001792907715,0.6200000047683716,-3.936000108718872
660,-8.159000396728516,1.718000054359436,-1.61899995803833
663,-10.906000137329102,0.8579999804496765,-1.590000033378601
666,11.666000366210938,-2.609999895095825,-3.9210000038146973
669,-10.630000114440918,-1.7380000352859497,-6.283999919891357
672,-7.88100004196167,-2.880000114440918,-6.317999839782715
675,-6.531000137329102,-2.053999900817871,-3.9059998989105225
678,-8.060999870300293,-2.8289999961853027,-1.5410000085830688
681,-10.515000343322754,-1.7549999952316284,-1.6419999599456787
684,-4.301000118255615,1.9730000495910645,-3.927999973297119
687,-2.7070000171661377,0.9559999704360962,-5.934999942779541
690,-0.026000000536441803,1.9529999494552612,-6.183000087738037
693,1.0379999876022339,1.100000023841858,-3.8259999752044678
696,-0.12700000405311584,2.069999933242798,-1.597000002861023
699,-2.621000051498413,1.0219999551773071,-1.5470000505447388
702,-3.9089999198913574,-3.0420000553131104,-3.755000114440918
705,-2.7909998893737793,-1.8559999465942383,-5.941999912261963
708,-0.19300000369548798,-2.7709999084472656,-6.511000156402588
711,1.093999981880188,-1.6660000085830688,-4.191999912261963
714,0.012000000104308128,-2.7160000801086426,-1.8509999513626099
717,-2.568000078201294,-1.746999979019165,-1.5889999866485596
720,3.5759999752044678,2.2149999141693115,-3.8949999809265137
723,4.952000141143799,1.0449999570846558,-5.9710001945495605
726,7.767000198364258,1.5950000286102295,-6.041999816894531
729,8.451000213623047,0.9950000047683716,-3.563999891281128
732,7.502999782562256,1.9670000076293945,-1.1480000019073486
735,4.989999771118164,0.9340000152587891,-1.6160000562667847
738,3.628000020980835,-2.691999912261963,-3.9820001125335693
741,4.815999984741211,-1.7289999723434448,-6.361999988555908
744,7.5269999504089355,-2.61899995803833,-6.2769999504089355
747,8.914999961853027,-1.7489999532699585,-3.7939999103546143
750,7.945000171661377,-3.062000036239624,-1.5410000085830688
753,5.47599983215332,-1.8040000200271606,-1.8459999561309814
756,11.784000396728516,1.7929999828338623,14.262999534606934
759,-10.753000259399414,0.9079999923706055,-10.548999786376953
762,11.305000305175781,1.8630000352859497,-8.45300006866455
765,11.894000053405762,-3.0160000324249268,-12.954000473022461
768,-10.576000213623047,-1.8799999952316284,-10.692000389099121
771,11.73900032043457,-2.684000015258789,-8.473999977111816
774,-7.986000061035156,1.7489999532699585,-10.741000175476074
777,-6.804999828338623,0.7419999837875366,14.192999839782715
780,-4.248000144958496,1.7020000219345093,14.163000106811523
783,-3.0450000762939453,0.9350000023841858,-10.604000091552734
786,-4.304999828338623,1.690999984741211,-8.300999641418457
789,-6.880000114440918,0.824999988079071,-8.28600025177002
792,-8.031000137329102,-2.6559998989105225,-11.027000427246094
795,-6.817999839782715,-2.0999999046325684,13.74899959564209
798,-4.0329999923706055,-2.867000102996826,13.822999954223633
801,-2.8989999294281006,-1.8869999647140503,-10.920999526977539
804,-4.090000152587891,-2.8589999675750732,-8.520999908447266
807,-6.742000102996826,-1.9639999866485596,-8.569999694824219
810,-0.49900001287460327,1.7389999628067017,-10.692000389099121
813,0.9959999918937683,0.8090000152587891,14.343000411987305
816,3.4739999771118164,1.7339999675750732,14.190999984741211
819,4.730000019073486,0.9570000171661377,-10.751999855041504
822,3.8389999866485596,1.9930000305175781,-8.317000389099121
825,1.187000036239624,1.0859999656677246,-8.503000259399414
828,-0.39800000190734863,-3.121000051498413,-10.875
831,1.0959999561309814,-2.015000104904175,-13.038000106811523
834,3.8970000743865967,-2.8359999656677246,-12.99899959564209
837,5.215000152587891,-1.9910000562667847,-10.630999565124512
840,3.625,-2.7839999198913574,-8.524999618530273
843,0.9020000100135803,-1.6990000009536743,-8.769000053405762
846,7.303999900817871,1.7630000114440918,-10.788999557495117
849,9.024999618530273,1.0099999904632568,-12.66100025177002
852,8.74899959564209,0.9340000152587891,-8.486000061035156
855,7.9079999923706055,-2.615000009536743,-10.821000099182129
858,9.430999755859375,-1.753000020980835,-13.008000373840332
861,9.109000205993652,-1.7899999618530273,-8.425999641418457
864,11.484999656677246,9.463000297546387,9.795999526977539
867,-10.954999923706055,8.470999717712402,7.65500020980835
870,-8.27299976348877,9.050999641418457,7.474999904632568
873,-6.881999969482422,8.319999694824219,9.666999816894531
876,-8.288000106811523,9.491000175476074,11.859999656677246
879,-10.8100004196167,8.619999885559082,12.133000373840332
882,11.479999542236328,4.946000099182129,9.557999610900879
885,-10.557999610900879,5.7129998207092285,7.456999778747559
888,-8.08899974822998,4.624000072479248,7.27400016784668
891,-6.639999866485596,5.53000020980835,9.699999809265137
894,-8.36299991607666,4.796999931335449,11.744000434875488
897,12.539999961853027,5.849999904632568,11.838000297546387
900,-4.2210001945495605,9.25,9.741999626159668
903,-2.6059999465942383,8.430999755859375,7.589000225067139
906,0.008999999612569809,9.586999893188477,7.513999938964844
909,1.0440000295639038,8.51099967956543,9.831999778747559
912,-0.4970000088214874,9.335000038146973,11.725000381469727
915,-3.0940001010894775,8.46399974822998,12.112000465393066
918,-4.0329999923706055,4.578000068664551,9.623000144958496
921,-2.7049999237060547,5.72599983215332,7.192999839782715
924,-0.2409999966621399,4.5289998054504395,7.151000022888184
927,1.1269999742507935,5.609000205993652,9.621999740600586
930,0.027000000700354576,4.388999938964844,12.039999961853027
933,-2.500999927520752,5.665999889373779,11.92300033569336
936,3.677999973297119,9.253000259399414,9.689000129699707
939,4.98199987411499,8.218000411987305,7.5970001220703125
942,7.618000030517578,9.364999771118164,7.540999889373779
945,8.866000175476074,8.53600025177002,9.862000465393066
948,7.495999813079834,9.387999534606934,11.956999778747559
951,4.935999870300293,8.380000114440918,12.053000450134277
954,3.744999885559082,4.453999996185303,9.736000061035156
957,4.4710001945495605,5.461999893188477,7.2779998779296875
960,7.624000072479248,4.686999797821045,7.440000057220459
963,8.842000007629395,5.614999771118164,9.739999771118164
966,7.673999786376953,4.631999969482422,11.982999801635742
969,5.0329999923706055,5.616000175476074,11.939000129699707
972,11.737000465393066,9.47599983215332,0.6179999709129333
975,-10.944000244140625,8.369999885559082,2.9040000438690186
978,11.583000183105469,9.303999900817871,5.160999774932861
981,11.741999626159668,4.723999977111816,0.4189999997615814
984,-10.638999938964844,5.563000202178955,2.809000015258789
987,11.74899959564209,4.802999973297119,5.2210001945495605
990,-8.114999771118164,9.583999633789063,2.8970000743865967
993,-6.861999988555908,8.531000137329102,0.6129999756813049
996,-4.2870001792907715,9.420999526977539,0.8479999899864197
999,-2.7300000190734863,8.243000030517578,2.9000000953674316
1002,-4.168000221252441,9.484000205993652,5.166999816894531
1005,-6.9070000648498535,8.552000045776367,5.090000152587891
1008,-7.813000202178955,4.8480000495910645,2.7829999923706055
1011,-6.8480000495910645,5.818999767303467,0.41200000047683716
1014,-4.3379998207092285,4.693999767303467,0.3230000138282776
1017,-2.9570000171661377,5.550000190734863,2.6429998874664307
1020,-4.124000072479248,4.644999980926514,5.019999980926514
1023,-6.613999843597412,5.781000137329102,5.210999965667725
1026,-0.20999999344348907,9.678999900817871,3.052000045776367
1029,1.0369999408721924,8.428999900817871,0.8960000276565552
1032,3.6679999828338623,9.416000366210938,0.9819999933242798
1035,5.159999847412109,8.243000030517578,3.1740000247955322
1038,3.8369998931884766,9.145999908447266,5.176000118255615
1041,1.1759999990463257,8.517999649047852,5.283999919891357
1044,-0.3009999990463257,4.685999870300293,2.8340001106262207
1047,1.1430000066757202,5.6620001792907715,0.6320000290870667
1050,3.6519999504089355,4.736999988555908,0.296999990940094
1053,4.953000068664551,5.433000087738037,2.736999988555908
1056,3.5399999618530273,4.702000141143799,4.890999794006348
1059,0.9160000085830688,5.807000160217285,4.914999961853027
1062,7.747000217437744,9.343000411987305,3.1440000534057617
1065,8.996999740600586,8.5649995803833,0.828000009059906
1068,9.022000312805176,8.371999740600586,5.440999984741211
1071,7.775000095367432,4.790999889373779,2.9140000343322754
1074,9.227999687194824,5.642000198364258,0.6859999895095825
1077,9.043000221252441,5.558000087738037,5.25
1080,11.576000213623047,9.184000015258789,-4.133999824523926
1083,-10.42300033569336,8.175999641418457,-6.120999813079834
1086,-8.031000137329102,9.479999542236328,-6.159999847412109
1089,-7.02400016784668,8.414999961853027,-3.882999897003174
1092,-8.152000427246094,9.46500015258789,-1.7350000143051147
1095,-10.812999725341797,8.442000389099121,-1.6490000486373901
1098,11.583999633789063,4.679999828338623,-3.9230000972747803
1101,-10.84000015258789,5.369999885559082,-6.2170000076293945
1104,-8.09000015258789,4.681000232696533,-6.415999889373779
1107,-7.093999862670898,5.533999919891357,-3.928999900817871
1110,-7.861999988555908,4.400000095367432,-1.6629999876022339
1113,-10.437000274658203,5.6539998054504395,-1.6779999732971191
1116,-4.52400016784668,9.42199993133545,-3.7739999294281006
1119,-2.88100004196167,8.4350004196167,-5.830999851226807
1122,-0.26499998569488525,9.319000244140625,-6.076000213623047
1125,0.9810000061988831,8.414999961853027,-3.6659998893737793
1128,-0.4180000126361847,9.22599983215332,-1.3380000591278076
1131,-3.2130000591278076,8.385000228881836,-1.4450000524520874
1134,-4.288000106811523,4.802000045776367,-4.163000106811523
1137,-2.687000036239624,5.539999961853027,-6.177000045776367
1140,0.010999999940395355,4.752999782562256,-6.271999835968018
1143,1.13100004196167,5.7230000495910645,-3.822000026702881
1146,-0.47699999809265137,4.818999767303467,-1.7690000534057617
1149,-3.069999933242798,5.625999927520752,-1.9049999713897705
1152,3.752000093460083,9.288000106811523,-3.63100004196167
1155,5.015999794006348,8.49899959564209,-5.965000152587891
1158,7.473999977111816,9.663000106811523,-6.1479997634887695
1161,8.859999656677246,8.616000175476074,-3.75600004196167
1164,7.65500020980835,9.579999923706055,-1.5110000371932983
1167,5.27400016784668,8.477999687194824,-1.0529999732971191
1170,3.6459999084472656,4.931000232696533,-3.9579999446868896
1173,5.249000072479248,5.810999870300293,-6.040999889373779
1176,7.745999813079834,4.460000038146973,-6.191999912261963
1179,8.805000305175781,5.761000156402588,-4.040999889373779
1182,7.8470001220703125,4.689000129699707,-1.6699999570846558
1185,5.210000038146973,5.888000011444092,-1.7079999446868896
1188,11.543000221252441,9.449000358581543,14.380999565124512
1191,-10.402999877929688,8.244999885559082,-10.640000343322754
1194,11.753999710083008,9.260000228881836,-8.425999641418457
1197,11.572999954223633,4.513000011444092,-13.07800006866455
1200,-10.442000389099121,5.486000061035156,-10.829000473022461
1203,11.652000427246094,4.599999904632568,-8.697999954223633
1206,-7.76800012588501,9.385000228881836,-10.902000427246094
1209,-6.927999973297119,8.418999671936035,13.979999542236328
1212,-4.377999782562256,9.38700008392334,14.236000061035156
1215,-3.052000045776367,8.145999908447266,-10.755999565124512
1218,-4.040999889373779,9.071000099182129,-8.20300006866455
1221,-6.797999858856201,8.3100004196167,-8.409000396728516
1224,-7.7210001945495605,4.586999893188477,-10.737000465393066
1227,-6.900000095367432,5.50600004196167,-13.220000267028809
1230,-3.986999988555908,4.545000076293945,13.887999534606934
1233,-2.808000087738037,5.1519999504089355,-10.736000061035156
1236,-4.052999973297119,4.375,-8.331000328063965
1239,-6.511000156402588,5.546999931335449,-8.49899959564209
1242,-0.32100000977516174,9.152000427246094,-10.722999572753906
1245,0.8410000205039978,8.52299976348877,14.008000373840332
1248,3.4730000495910645,9.29699993133545,14.107000350952148
1251,4.951000213623047,8.37600040435791,-10.654999732971191
1254,3.750999927520752,9.3149995803833,-8.366000175476074
1257,1.0119999647140503,8.300999641418457,-8.394000053405762
1260,-0.007000000216066837,4.495999813079834,-10.880999565124512
1263,1.1690000295639038,5.788000106811523,-13.017000198364258
1266,3.6419999599456787,4.505000114440918,-13.163999557495117
1269,5.333000183105469,5.668000221252441,-10.92300033569336
1272,3.806999921798706,4.724999904632568,-8.675999641418457
1275,1.1260000467300415,5.533999919891357,-8.529000282287598
1278,7.61899995803833,9.336000442504883,-10.788000106811523
1281,9.140000343322754,8.131999969482422,14.08899974822998
1284,8.946000099182129,8.375,-8.331999778747559
1287,7.909999847412109,4.499000072479248,-10.611000061035156
1290,8.982000350952148,5.3520002365112305,-12.895000457763672
1293,9.0649995803833,5.684999942779541,-8.520999908447266
