0,8.300999641418457,-1.694000005722046,6.954999923706055
3,11.291999816894531,-5.604000091552734,7.081999778747559
6,11.644000053405762,-3.6510000228881836,4.7129998207092285
9,-6.992000102996826,-4.9079999923706055,7.803999900817871
12,-8.57699966430664,-3.688999891281128,9.437000274658203
15,12.366999626159668,-3.9149999618530273,8.774999618530273
18,10.753000259399414,-9.8149995803833,7.122000217437744
21,-10.961999893188477,-7.829999923706055,6.2179999351501465
24,-10.317999839782715,-9.3149995803833,3.7690000534057617
27,-8.345999717712402,-7.202000141143799,6.988999843597412
30,-7.377999782562256,-8.32800006866455,9.32800006866455
33,9.62600040435791,-7.539000034332275,8.15999984741211
36,-2.881999969482422,-3.5799999237060547,6.88700008392334
39,-6.942999839782715,-3.2939999103546143,5.559000015258789
42,-4.293000221252441,-3.372999906539917,4.541999816894531
45,-0.2590000033378601,-4.573999881744385,7.184000015258789
48,0.2199999988079071,-3.13700008392334,9.4350004196167
51,-2.6419999599456787,-3.7960000038146973,9.633000373840332
54,-4.863999843597412,-8.6899995803833,8.303000450134277
57,-4.797999858856201,-6.357999801635742,7.114999771118164
60,-5.109000205993652,-6.2129998207092285,4.313000202178955
63,0.7450000047683716,-7.2779998779296875,7.006999969482422
66,-0.4189999997615814,-8.032999992370605,9.312999725341797
69,-2.877000093460083,-6.735000133514404,9.565999984741211
72,4.692999839782715,-2.9649999141693115,6.784999847412109
75,0.9330000281333923,-4.232999801635742,4.507999897003174
78,3.490999937057495,-3.0460000038146973,4.144999980926514
81,6.686999797821045,-5.123000144958496,6.431000232696533
84,6.7729997634887695,-2.000999927520752,9.317999839782715
87,4.565000057220459,-3.742000102996826,9.456999778747559
90,3.4830000400543213,-7.6620001792907715,7.001999855041504
93,0.6110000014305115,-7.076000213623047,4.158999919891357
96,3.434999942779541,-7.1539998054504395,3.250999927520752
99,5.633999824523926,-7.485000133514404,5.396999835968018
102,7.10099983215332,-7.60099983215332,9.40999984741211
105,4.500999927520752,-6.791999816894531,9.543000221252441
108,8.946000099182129,-3.2679998874664307,-1.3980000019073486
111,9.803999900817871,-4.156000137329102,1.0449999570846558
114,9.043999671936035,-3.936000108718872,5.36299991607666
117,9.067999839782715,-7.49399995803833,-1.2630000114440918
120,10.21500015258789,-7.184999942779541,1.3949999809265137
123,8.192000389099121,-7.159999847412109,3.9800000190734863
126,12.430000305175781,-3.2850000858306885,0.6779999732971191
129,-10.255000114440918,-3.9830000400543213,-1.8550000190734863
132,-7.506999969482422,-2.8989999294281006,-2.0290000438690186
135,-6.631999969482422,-4.019999980926514,0.14800000190734863
138,-7.703999996185303,-3.555000066757202,2.6989998817443848
141,-10.21399974822998,-4.517000198364258,2.9790000915527344
144,-10.645999908447266,-7.730000019073486,0.7260000109672546
147,-10.015999794006348,-6.796000003814697,-2.0239999294281006
150,-7.74399995803833,-8.08899974822998,-2.046999931335449
153,-6.250999927520752,-7.058000087738037,0.1850000023841858
156,-6.564000129699707,-7.807000160217285,2.7739999294281006
159,-8.881999969482422,-6.956999778747559,3.825000047683716
162,-4.2220001220703125,-2.8980000019073486,-0.27799999713897705
165,-2.250999927520752,-4.683000087738037,-1.9299999475479126
168,0.1899999976158142,-3.447999954223633,-2.252000093460083
171,1.434999942779541,-4.302000045776367,0.1889999955892563
174,-0.32499998807907104,-3.0769999027252197,1.8799999952316284
177,-3.128000020980835,-3.9059998989105225,2.0369999408721924
180,-3.750999927520752,-8.019000053405762,0.14000000059604645
183,-1.9759999513626099,-7.427000045776367,-2.1559998989105225
186,0.453000009059906,-8.142999649047852,-2.494999885559082
189,0.8930000066757202,-7.065000057220459,0.2919999957084656
192,-0.8999999761581421,-8.180999755859375,2.013000011444092
195,-3.0429999828338623,-6.585000038146973,2.5179998874664307
198,4.175000190734863,-4.257999897003174,-1.031000018119812
201,7.357999801635742,-5.453000068664551,-0.5960000157356262
204,5.665999889373779,-3.558000087738037,1.0850000381469727
207,3.628000020980835,-7.61899995803833,0.7139999866485596
210,5.129000186920166,-6.946000099182129,-1.621000051498413
213,7.656000137329102,-4.632999897003174,2.868000030517578
216,9.038000106811523,-2.9660000801086426,-6.479000091552734
219,11.041999816894531,-3.884999990463257,-8.079999923706055
222,-9.98799991607666,-3.5759999752044678,-9.154000282287598
225,-9.381999969482422,-4.066999912261963,-6.544000148773193
228,-11.012999534606934,-3.240999937057495,-4.4679999351501465
231,9.979999542236328,-3.6059999465942383,-3.8350000381469727
234,9.670000076293945,-7.706999778747559,-6.044000148773193
237,11.137999534606934,-6.668000221252441,-8.314000129699707
240,-10.027999877929688,-7.724999904632568,-9.008999824523926
243,-9.159000396728516,-6.890999794006348,-6.499000072479248
246,12.625,-7.374000072479248,-4.507999897003174
249,10.229000091552734,-6.392000198364258,-3.628000020980835
252,-6.817999839782715,-3.1089999675750732,-6.551000118255615
255,-5.034999847412109,-4.072000026702881,-8.513999938964844
258,-2.4719998836517334,-3.3269999027252197,-8.880000114440918
261,-1.562999963760376,-4.197999954223633,-6.5320000648498535
264,-3.0160000324249268,-3.446000099182129,-4.239999771118164
267,-5.818999767303467,-3.7639999389648438,-3.9630000591278076
270,-6.60099983215332,-7.749000072479248,-6.5
273,-4.830999851226807,-6.9670000076293945,-8.630000114440918
276,-2.430000066757202,-8.123000144958496,-8.675999641418457
279,-1.5140000581741333,-7.11299991607666,-6.203999996185303
282,-3.3239998817443848,-8.11400032043457,-4.427999973297119
285,-5.988999843597412,-6.789000034332275,-3.9649999141693115
288,1.5,-3.447000026702881,-6.293000221252441
291,3.0769999027252197,-4.498000144958496,-8.446999549865723
294,5.651000022888184,-3.263000011444092,-8.392000198364258
297,6.49399995803833,-4.348999977111816,-5.885000228881836
300,4.63100004196167,-3.859999895095825,-3.688999891281128
303,2.01200008392334,-4.504000186920166,-3.7300000190734863
306,0.9279999732971191,-8.069000244140625,-6.880000114440918
309,2.946000099182129,-7.111000061035156,-8.317000389099121
312,5.620999813079834,-8.312000274658203,-8.605999946594238
315,6.650000095367432,-7.060999870300293,-6.355999946594238
318,4.927999973297119,-7.761000156402588,-4.38700008392334
321,2.2300000190734863,-7.442999839782715,-4.464000225067139
324,10.991000175476074,-3.868000030517578,11.284000396728516
327,11.532999992370605,-4.2870001792907715,13.789999961853027
330,10.649999618530273,-3.2060000896453857,-10.62600040435791
333,10.100000381469727,-7.9039998054504395,10.958000183105469
336,11.807000160217285,-7.172999858856201,-12.98799991607666
339,9.753999710083008,-7.433000087738037,-10.842000007629395
342,-8.925999641418457,-3.371000051498413,13.812000274658203
345,-7.289999961853027,-4.406000137329102,11.713000297546387
348,-4.625,-3.302999973297119,11.517000198364258
351,-3.812999963760376,-3.8389999866485596,13.932999610900879
354,-5.6539998054504395,-3.296999931335449,-11.154999732971191
357,-8.192000389099121,-4.478000164031982,-11.041000366210938
360,-9.163000106811523,-7.960000038146973,13.656999588012695
363,-7.251999855041504,-7.140999794006348,11.878999710083008
366,-4.452000141143799,-7.75600004196167,11.711000442504883
369,-3.549999952316284,-6.763000011444092,-12.987000465393066
372,-5.328999996185303,-7.821000099182129,-11.295000076293945
375,-7.954999923706055,-7.2170000076293945,-10.779000282287598
378,-1.0119999647140503,-3.197999954223633,13.78499984741211
381,0.7889999747276306,-4.113999843597412,11.902000427246094
384,3.502000093460083,-3.4140000343322754,12.053000450134277
387,4.427999973297119,-4.64300012588501,14.24899959564209
390,2.364000082015991,-3.490999937057495,-10.793000221252441
393,-0.22100000083446503,-4.086999893188477,-10.645000457763672
396,-1.0049999952316284,-7.613999843597412,-13.159000396728516
399,0.2540000081062317,-6.947000026702881,11.666000366210938
402,2.940000057220459,-7.703000068664551,11.642000198364258
405,3.875,-7.307000160217285,-13.074999809265137
408,2.1670000553131104,-7.916999816894531,-10.920000076293945
411,-0.6970000267028809,-7.178999900817871,-10.527999877929688
414,6.796999931335449,-3.365000009536743,14.107000350952148
417,8.10200023651123,-3.9079999923706055,11.59000015258789
420,7.571000099182129,-3.864000082015991,-10.36299991607666
423,6.63100004196167,-7.953000068664551,-13.012999534606934
426,7.775000095367432,-6.624000072479248,11.819000244140625
429,7.004000186920166,-6.835999965667725,-10.498000144958496
432,10.718000411987305,4.170000076293945,5.460999965667725
435,-10.850000381469727,3.5209999084472656,7.251999855041504
438,-9.345000267028809,4.625,5.026000022888184
441,-5.7769999504089355,3.0139999389648438,7.789999961853027
444,-7.673999786376953,4.077000141143799,9.776000022888184
447,-10.83899974822998,2.936000108718872,10.093000411987305
450,9.96500015258789,0.3499999940395355,6.5269999504089355
453,12.208000183105469,-1.0499999523162842,7.795000076293945
456,-9.980999946594238,-1.8899999856948853,5.7210001945495605
459,-5.874000072479248,-0.03200000151991844,8.272000312805176
462,-7.803999900817871,-1.0169999599456787,9.904000282287598
465,-10.4350004196167,0.16300000250339508,10.003999710083008
468,-3.1500000953674316,4.520999908447266,6.9070000648498535
471,-6.0269999504089355,2.4660000801086426,5.14300012588501
474,-2.0309998989105225,5.203999996185303,4.364999771118164
477,1.815999984741211,3.374000072479248,7.434999942779541
480,0.4099999964237213,4.176000118255615,9.545000076293945
483,-2.382999897003174,3.374000072479248,9.288000106811523
486,-3.4670000076293945,-0.9150000214576721,7.451000213623047
489,-6.065999984741211,-0.24199999868869781,5.420000076293945
492,-3.5390000343322754,-0.8050000071525574,4.609000205993652
495,1.4989999532699585,0.6190000176429749,7.267000198364258
498,0.125,-0.08799999952316284,9.449000358581543
501,-2.490000009536743,0.4169999957084656,9.722000122070313
504,4.5879998207092285,4.48799991607666,7.593999862670898
507,2.0840001106262207,3.5490000247955322,4.699999809265137
510,4.019000053405762,4.820000171661377,3.1440000534057617
513,8.869999885559082,3.0910000801086426,7.144999980926514
516,7.7220001220703125,3.8310000896453857,9.649999618530273
519,4.98799991607666,3.312999963760376,10.053000450134277
522,4.125999927520752,-0.3970000147819519,7.775000095367432
525,1.7269999980926514,0.8510000109672546,4.26800012588501
528,4.077000141143799,-0.3479999899864197,3.3919999599456787
531,7.540999889373779,2.2300000190734863,4.830999851226807
534,5.894000053405762,-0.3440000116825104,5.572999954223633
537,5.241000175476074,0.32899999618530273,10.16100025177002
540,8.567999839782715,4.742000102996826,-1.3919999599456787
543,8.92300033569336,2.9830000400543213,0.8809999823570251
546,10.35099983215332,4.485000133514404,2.7799999713897705
549,9.034000396728516,-0.6449999809265137,-0.9559999704360962
552,10.07800006866455,0.6510000228881836,1.315000057220459
555,10.218999862670898,1.3890000581741333,3.944000005722046
558,-10.859000205993652,4.183000087738037,1.1089999675750732
561,-9.96399974822998,3.259000062942505,-1.468000054359436
564,-7.260000228881836,3.9509999752044678,-1.5839999914169312
567,-6.485000133514404,3.246000051498413,1.1230000257492065
570,-7.247000217437744,4.375,3.566999912261963
573,-10.967000007629395,2.868000030517578,3.569000005722046
576,12.586999893188477,-0.4650000035762787,0.6930000185966492
579,-9.741000175476074,0.5600000023841858,-1.7369999885559082
582,-7.140999794006348,-0.11999999731779099,-1.805999994277954
585,-6.400000095367432,0.42800000309944153,0.7459999918937683
588,-7.564000129699707,-0.5559999942779541,3.0280001163482666
591,-10.074000358581543,-0.19200000166893005,3.4130001068115234
594,-3.614000082015991,3.98799991607666,0.8199999928474426
597,-2.128999948501587,3.6440000534057617,-1.4529999494552612
600,0.4860000014305115,4.2729997634887695,-2.063999891281128
603,1.253999948501587,3.259000062942505,0.4449999928474426
606,0.3100000023841858,4.3520002365112305,2.825000047683716
609,-3.5869998931884766,2.878000020980835,3.4660000801086426
612,-3.9059998989105225,-0.2070000022649765,0.1589999943971634
615,-2.265000104904175,0.7870000004768372,-1.847000002861023
618,0.42100000381469727,-0.4869999885559082,-2.2070000171661377
621,1.6349999904632568,0.6060000061988831,-0.03799999877810478
624,0.46700000762939453,-0.4129999876022339,2.1730000972747803
627,-2.4649999141693115,0.4659999907016754,2.5959999561309814
630,3.888000011444092,4.181000232696533,0.460999995470047
633,5.941999912261963,3.7660000324249268,-1.440999984741211
636,5.882999897003174,4.4120001792907715,5.190999984741211
639,3.700000047683716,-0.8339999914169312,-1.2480000257492065
642,7.122000217437744,1.312000036239624,-0.2759999930858612
645,5.0879998207092285,-0.8709999918937683,1.0260000228881836
648,9.381999969482422,4.51800012588501,-6.046999931335449
651,10.980999946594238,3.6559998989105225,-8.111000061035156
654,-9.821999549865723,4.214000225067139,-8.5649995803833
657,-9.116000175476074,3.51200008392334,-6.0370001792907715
660,-10.732000350952148,4.334000110626221,-3.8989999294281006
663,10.340999603271484,3.319000005722046,-3.375
666,9.180000305175781,-0.11699999868869781,-6.206999778747559
669,10.913000106811523,0.7070000171661377,-8.4350004196167
672,-9.51099967956543,-0.16699999570846558,-8.668000221252441
675,-8.855999946594238,0.6919999718666077,-6.111000061035156
678,-10.795999526977539,-0.38999998569488525,-4.215000152587891
681,9.788000106811523,0.36000001430511475,-3.566999912261963
684,-6.543000221252441,4.449999809265137,-6.373000144958496
687,-4.675000190734863,3.3320000171661377,-8.086999893188477
690,-1.8380000591278076,3.9570000171661377,-8.510000228881836
693,-1.1319999694824219,3.4000000953674316,-5.866000175476074
696,-3.11899995803833,4.15500020980835,-4.085000038146973
699,-5.7220001220703125,3.625999927520752,-3.9010000228881836
702,-6.250999927520752,-0.16899999976158142,-6.632999897003174
705,-4.671999931335449,0.6320000290870667,-8.718999862670898
708,-2.181999921798706,-0.4620000123977661,-8.79800033569336
711,-1.4470000267028809,0.45100000500679016,-6.171999931335449
714,-3.299999952316284,-0.7540000081062317,-3.8469998836517334
717,-5.525000095367432,0.8930000066757202,-4.113999843597412
720,1.5180000066757202,3.984999895095825,-6.376999855041504
723,3.4000000953674316,3.382999897003174,-8.166000366210938
726,5.945000171661377,4.201000213623047,-8.758999824523926
729,6.631999969482422,3.6600000858306885,-6.196000099182129
732,4.813000202178955,4.186999797821045,-4.223999977111816
735,2.2799999713897705,3.1449999809265137,-3.8940000534057617
738,0.9660000205039978,-0.718999981880188,-6.486999988555908
741,3.328000068664551,0.5809999704360962,-8.196000099182129
744,5.995999813079834,-0.5450000166893005,-8.420999526977539
747,6.540999889373779,0.8090000152587891,-5.955999851226807
750,4.315000057220459,-1.1540000438690186,-3.865000009536743
753,1.9429999589920044,0.5669999718666077,-4.3429999351501465
756,11.357999801635742,3.996999979019165,12.16100025177002
759,-11.11299991607666,3.140000104904175,-12.58899974822998
762,10.531999588012695,4.315000057220459,-10.824000358581543
765,11.354000091552734,-0.8550000190734863,11.786999702453613
768,12.043999671936035,0.3310000002384186,-12.527000427246094
771,10.03600025177002,-0.6290000081062317,-10.895999908447266
774,-8.430000305175781,4.242000102996826,14.251999855041504
777,-6.802000045776367,2.8329999446868896,11.87600040435791
780,-4.366000175476074,4.144000053405762,11.470999717712402
783,-3.864000082015991,3.309000015258789,14.24899959564209
786,-5.381999969482422,4.060999870300293,-10.628000259399414
789,-7.935999870300293,3.4019999504089355,-10.491000175476074
792,-8.843999862670898,-0.550000011920929,-12.942999839782715
795,-6.921000003814697,0.14900000393390656,12.244000434875488
798,-4.4039998054504395,-0.4020000100135803,11.376999855041504
801,-3.563999891281128,0.4480000138282776,-13.246999740600586
804,-5.5320000648498535,-0.414000004529953,-11.388999938964844
807,-8.01200008392334,0.6850000023841858,-10.753999710083008
810,-1.3229999542236328,4.140999794006348,14.319999694824219
813,0.47200000286102295,3.4200000762939453,12.026000022888184
816,3.1080000400543213,4.039000034332275,12.005000114440918
819,4.355000019073486,2.7219998836517334,14.223999977111816
822,2.572000026702881,3.9079999923706055,-10.925000190734863
825,0.0560000017285347,2.8949999809265137,-10.652000427246094
828,-0.9819999933242798,-0.39899998903274536,-13.088000297546387
831,0.6499999761581421,0.3959999978542328,12.145999908447266
834,3.196000099182129,-0.718999981880188,11.854999542236328
837,3.8910000324249268,0.07000000029802322,-12.821000099182129
840,2.3889999389648438,-0.7749999761581421,-10.72599983215332
843,-0.08900000154972076,0.21899999678134918,-10.5649995803833
846,7.011000156402588,4.140999794006348,-12.687000274658203
849,8.630999565124512,2.9040000438690186,12.083000183105469
852,8.109000205993652,3.3239998817443848,-10.215999603271484
855,6.5229997634887695,-0.699999988079071,-13.11299991607666
858,8.78600025177002,0.0,12.354999542236328
861,7.564000129699707,0.5210000276565552,-10.694999694824219
864,10.223999977111816,10.26099967956543,8.51200008392334
867,10.76200008392334,8.944999694824219,4.0980000495910645
870,-10.657999992370605,10.50100040435791,2.6630001068115234
873,-7.423999786376953,10.60099983215332,7.718999862670898
876,-8.619999885559082,11.555999755859375,9.843999862670898
879,-10.949999809265137,10.645999908447266,11.154999732971191
882,9.104000091552734,7.980000019073486,7.822999954223633
885,11.161999702453613,6.848999977111816,5.820000171661377
888,-9.774999618530273,7.553999900817871,5.48799991607666
891,-8.649999618530273,8.005999565124512,8.135000228881836
894,-6.491000175476074,6.650000095367432,9.45300006866455
897,12.739999771118164,8.138999938964844,9.782999992370605
900,-4.434999942779541,10.864999771118164,7.697000026702881
903,-4.723999977111816,10.829000473022461,4.840000152587891
906,1.0499999523162842,10.89799976348877,4.765999794006348
909,0.6990000009536743,11.029999732971191,7.363999843597412
912,-0.8949999809265137,11.623000144958496,9.512999534606934
915,-3.2899999618530273,10.444000244140625,10.11400032043457
918,-4.445000171661377,6.906000137329102,7.635000228881836
921,-5.131999969482422,7.85099983215332,4.718999862670898
924,1.152999997138977,8.008000373840332,4.544000148773193
927,1.315000057220459,8.123000144958496,7.205999851226807
930,-0.19499999284744263,6.927999973297119,9.510000228881836
933,-2.8550000190734863,7.718999862670898,9.638999938964844
936,3.3610000610351563,11.777000427246094,7.414999961853027
939,6.077000141143799,11.107000350952148,6.486999988555908
942,5.513000011444092,12.527000427246094,4.091000080108643
945,9.230999946594238,10.918000221252441,5.109000205993652
948,6.534999847412109,12.074000358581543,9.20199966430664
951,4.118000030517578,10.890000343322754,9.845999717712402
954,4.019999980926514,7.170000076293945,7.341000080108643
957,4.538000106811523,8.920999526977539,2.555999994277954
960,5.256999969482422,7.301000118255615,4.715000152587891
963,7.622000217437744,8.666000366210938,5.535999774932861
966,7.364999771118164,6.795000076293945,9.819000244140625
969,4.78000020980835,8.062999725341797,9.810999870300293
972,8.277999877929688,12.173999786376953,-1.6610000133514404
975,9.605999946594238,11.508000373840332,0.9259999990463257
978,8.034000396728516,12.656999588012695,3.197999954223633
981,8.741000175476074,7.460999965667725,-2.1510000228881836
984,8.732000350952148,8.892000198364258,0.12600000202655792
987,10.196000099182129,7.230999946594238,1.9490000009536743
990,-11.336000442504883,12.04800033569336,0.26100000739097595
993,-10.048999786376953,10.78600025177002,-1.9420000314712524
996,-7.354000091552734,11.272000312805176,-2.000999927520752
999,-6.086999893188477,10.305000305175781,0.42800000309944153
1002,-6.576000213623047,11.753000259399414,3.065000057220459
1005,-8.29800033569336,11.005000114440918,5.136000156402588
1008,-10.972999572753906,7.005000114440918,0.890999972820282
1011,-10.029000282287598,7.877999782562256,-1.597000002861023
1014,-7.261000156402588,6.730999946594238,-2.119999885559082
1017,-6.132999897003174,7.645999908447266,0.0820000022649765
1020,-6.806000232696533,7.104000091552734,2.5230000019073486
1023,-9.361000061035156,7.940000057220459,2.8329999446868896
1026,-3.7330000400543213,11.515000343322754,0.35199999809265137
1029,-2.8329999446868896,10.661999702453613,-2.059000015258789
1032,-0.17900000512599945,11.53600025177002,-2.4749999046325684
1035,0.9470000267028809,10.89799976348877,-0.02500000037252903
1038,-0.3160000145435333,11.595999717712402,2.380000114440918
1041,-2.677000045776367,10.366000175476074,2.990999937057495
1044,-3.428999900817871,6.883999824523926,0.33899998664855957
1047,-2.0179998874664307,7.681000232696533,-1.7079999446868896
1050,0.6200000047683716,7.107999801635742,-2.134999990463257
1053,1.3250000476837158,7.888000011444092,0.3230000138282776
1056,-0.12300000339746475,7.039999961853027,2.4790000915527344
1059,-2.7720000743865967,7.656000137329102,3.4619998931884766
1062,3.446000099182129,12.041000366210938,-0.06199999898672104
1065,5.543000221252441,11.663999557495117,-1.565999984741211
1068,3.1760001182556152,11.220999717712402,2.8459999561309814
1071,4.0920000076293945,7.046000003814697,0.6489999890327454
1074,5.855000019073486,7.538000106811523,-1.4359999895095825
1077,6.01800012588501,9.649999618530273,0.12800000607967377
1080,9.121000289916992,11.942999839782715,-6.455999851226807
1083,11.07699966430664,11.218000411987305,-8.33899974822998
1086,-9.847000122070313,11.968999862670898,-8.79699993133545
1089,-9.404999732971191,11.416999816894531,-6.276000022888184
1092,-10.949999809265137,12.20199966430664,-4.321000099182129
1095,10.14900016784668,11.192000389099121,-3.9230000972747803
1098,9.137999534606934,7.519000053405762,-6.801000118255615
1101,11.074000358581543,8.517000198364258,-8.61299991607666
1104,-9.90999984741211,7.179999828338623,-8.833000183105469
1107,-9.371999740600586,8.196000099182129,-6.183000087738037
1110,12.704000473022461,7.184999942779541,-4.131999969482422
1113,10.17300033569336,8.39799976348877,-4.36299991607666
1116,-6.638999938964844,11.753999710083008,-6.684999942779541
1119,-4.815999984741211,10.503000259399414,-8.71500015258789
1122,-2.1549999713897705,11.532999992370605,-8.75100040435791
1125,-1.3170000314712524,10.4350004196167,-6.34499979019165
1128,-3.4590001106262207,11.526000022888184,-4.53000020980835
1131,-5.994999885559082,10.505000114440918,-4.309000015258789
1134,-6.5960001945495605,7.11899995803833,-6.508999824523926
1137,-4.572999954223633,7.770999908447266,-8.428999900817871
1140,-2.0999999046325684,6.638999938964844,-8.550999641418457
1143,-1.055999994277954,7.76200008392334,-6.185999870300293
1146,-2.874000072479248,6.915999889373779,-4.382999897003174
1149,-5.502999782562256,7.760000228881836,-4.184000015258789
1152,1.1929999589920044,11.729000091552734,-6.480999946594238
1155,2.8519999980926514,10.48799991607666,-8.515999794006348
1158,5.5,11.104999542236328,-9.017000198364258
1161,6.431000232696533,10.899999618530273,-6.214000225067139
1164,4.577000141143799,11.770000457763672,-4.328000068664551
1167,1.975000023841858,10.690999984741211,-4.089000225067139
1170,1.6619999408721924,6.63700008392334,-6.584000110626221
1173,2.874000072479248,7.739999771118164,-8.692999839782715
1176,5.682000160217285,6.953999996185303,-8.711999893188477
1179,6.4039998054504395,8.086000442504883,-6.416999816894531
1182,5.1570000648498535,7.020999908447266,-4.111999988555908
1185,2.486999988555908,7.936999797821045,-4.0229997634887695
1188,10.050000190734863,11.689000129699707,11.090999603271484
1191,12.032999992370605,10.694999694824219,13.817999839782715
1194,10.288000106811523,11.432999610900879,-11.156999588012695
1197,10.842000007629395,7.0980000495910645,11.600000381469727
1200,12.406000137329102,7.935999870300293,-13.057000160217285
1203,10.574999809265137,7.190999984741211,-11.065999984741211
1206,-8.786999702453613,11.729999542236328,14.20300006866455
1209,-7.480000019073486,10.684000015258789,12.194999694824219
1212,-5.078999996185303,11.963000297546387,11.430999755859375
1215,-3.813999891281128,10.897000312805176,14.144000053405762
1218,-5.386000156402588,11.868000030517578,-11.013999938964844
1221,-7.99399995803833,10.972000122070313,-10.605999946594238
1224,-8.461000442504883,7.113999843597412,-13.09000015258789
1227,-6.646999835968018,8.02299976348877,11.949000358581543
1230,-3.9749999046325684,6.879000186920166,12.032999992370605
1233,-3.6459999084472656,7.980999946594238,-12.687999725341797
1236,-5.724999904632568,6.927000045776367,-10.854000091552734
1239,-8.159000396728516,8.317999839782715,-10.595999717712402
1242,-1.2230000495910645,11.581999778747559,13.918000221252441
1245,0.20100000500679016,10.52299976348877,11.781999588012695
1248,2.6619999408721924,11.902999877929688,12.043000221252441
1251,4.160999774932861,10.621000289916992,-12.501999855041504
1254,2.115999937057495,11.772000312805176,-10.829999923706055
1257,-0.4690000116825104,10.723999977111816,-10.696000099182129
1260,-1.0499999523162842,7.081999778747559,-13.13599967956543
1263,0.6359999775886536,7.678999900817871,12.065999984741211
1266,3.259000062942505,6.892000198364258,11.940999984741211
1269,4.160999774932861,7.804999828338623,-12.772000312805176
1272,2.2899999618530273,6.7220001220703125,-11.074999809265137
1275,-0.3409999907016754,7.71999979019165,-10.425000190734863
1278,6.708000183105469,11.482000350952148,14.154000282287598
1281,7.538000106811523,10.87399959564209,11.489999771118164
1284,7.664999961853027,10.418000221252441,-10.692000389099121
1287,6.940000057220459,7.360000133514404,-12.937000274658203
1290,8.208999633789063,8.12399959564209,12.074999809265137
1293,7.76200008392334,7.676000118255615,-10.425999641418457
