0,-2.000999927520752,12.444999694824219,1.9520000219345093
3,9.383000373840332,11.277000427246094,11.430000305175781
6,3.9709999561309814,-6.9710001945495605,8.013999938964844
9,7.260000228881836,12.5649995803833,5.711999893188477
12,-6.047999858856201,-5.6620001792907715,9.041000366210938
15,5.644000053405762,1.8229999542236328,5.801000118255615
18,4.123000144958496,9.234000205993652,4.440000057220459
21,5.315000057220459,9.545000076293945,6.982999801635742
24,7.533999919891357,9.708999633789063,5.322000026702881
27,5.9070000648498535,-9.140999794006348,8.07699966430664
30,10.244000434875488,9.888999938964844,5.297999858856201
33,1.4010000228881836,8.765999794006348,3.86899995803833
36,10.230999946594238,-8.394000053405762,4.820000171661377
39,9.395999908447266,-4.848999977111816,0.4729999899864197
42,-7.105000019073486,-7.070000171661377,1.0789999961853027
45,-10.352999687194824,-8.54699993133545,3.802000045776367
48,-4.500999927520752,-7.88700008392334,8.092000007629395
51,11.781999588012695,12.031000137329102,5.9679999351501465
54,-10.067999839782715,0.5220000147819519,5.741000175476074
57,-8.38700008392334,11.99899959564209,3.375999927520752
60,-5.857999801635742,12.57699966430664,4.2769999504089355
63,5.376999855041504,4.521999835968018,6.73799991607666
66,-1.9980000257492065,8.753000259399414,7.285999774932861
69,-7.6539998054504395,12.199999809265137,8.760000228881836
72,-0.44200000166893005,11.156999588012695,6.96999979019165
75,1.0700000524520874,6.663000106811523,9.050000190734863
78,-5.839000225067139,-4.841000080108643,0.2070000022649765
81,8.052000045776367,-4.639999866485596,5.2230000495910645
84,-0.8199999928474426,11.786999702453613,4.21999979019165
87,-4.75600004196167,9.696999549865723,11.295999526977539
90,-0.8920000195503235,7.593999862670898,12.404000282287598
93,-3.819999933242798,10.4350004196167,5.659999847412109
96,-3.0199999809265137,-8.694000244140625,-2.2699999809265137
99,3.874000072479248,-7.828000068664551,1.4759999513626099
102,4.660999774932861,11.90999984741211,12.402000427246094
105,-0.03500000014901161,-6.184000015258789,3.9260001182556152
108,2.677999973297119,-4.033999919891357,-0.8960000276565552
111,6.6479997634887695,-5.504000186920166,0.7630000114440918
114,-2.805000066757202,8.347000122070313,9.961000442504883
117,3.322999954223633,11.121999740600586,-4.640999794006348
120,4.086999893188477,-7.126999855041504,-3.6419999599456787
123,5.646999835968018,12.331000328063965,1.2050000429153442
126,6.7220001220703125,-7.395999908447266,-3.247999906539917
129,-9.196000099182129,-7.872000217437744,-2.4100000858306885
132,-10.420000076293945,-5.060999870300293,-0.8259999752044678
135,11.935999870300293,-6.572999954223633,1.0490000247955322
138,9.692000389099121,-7.2870001792907715,2.3929998874664307
141,6.97599983215332,-6.7210001945495605,3.3410000801086426
144,5.125999927520752,11.600000381469727,3.8550000190734863
147,6.422999858856201,-9.352999687194824,-1.2920000553131104
150,-8.241000175476074,11.902999877929688,-3.703000068664551
153,-10.819999694824219,10.824000358581543,0.06800000369548798
156,8.692000389099121,-8.79800033569336,0.3790000081062317
159,4.110000133514404,-6.310999870300293,-0.8740000128746033
162,-10.779999732971191,-4.24399995803833,3.006999969482422
165,-8.449000358581543,-3.51200008392334,-5.382999897003174
168,-3.007999897003174,-2.9719998836517334,-3.996999979019165
171,-5.093999862670898,-8.378999710083008,2.1619999408721924
174,-6.888000011444092,3.7009999752044678,5.659999847412109
177,-11.043000221252441,-5.96999979019165,5.3470001220703125
180,-6.620999813079834,-7.294000148773193,-1.8869999647140503
183,-7.4720001220703125,9.692999839782715,-5.242000102996826
186,-3.01200008392334,5.894999980926514,-7.044000148773193
189,0.8429999947547913,10.555000305175781,1.5679999589920044
192,-6.867000102996826,-7.485000133514404,-4.795000076293945
195,-9.74899959564209,-8.529999732971191,1.1269999742507935
198,-4.116000175476074,-6.09499979019165,-2.01200008392334
201,-5.593999862670898,10.432000160217285,-0.7630000114440918
204,-3.9779999256134033,12.718999862670898,0.0860000029206276
207,-6.506999969482422,6.125999927520752,4.369999885559082
210,-1.1749999523162842,6.5320000648498535,4.144000053405762
213,4.622000217437744,-4.021999835968018,6.449999809265137
216,0.07500000298023224,-5.447000026702881,-4.0
219,7.125999927520752,12.414999961853027,-7.464000225067139
222,8.895000457763672,-6.60099983215332,-9.842000007629395
225,7.894999980926514,-7.224999904632568,-7.164000034332275
228,11.642000198364258,-8.54800033569336,-3.5850000381469727
231,7.669000148773193,-4.9019999504089355,-3.4649999141693115
234,1.371000051498413,-8.692000389099121,-5.830999851226807
237,5.294000148773193,11.121000289916992,-11.437999725341797
240,11.36400032043457,7.288000106811523,-8.237000465393066
243,9.081999778747559,-8.472000122070313,-4.508999824523926
246,7.489999771118164,10.815999984741211,-2.5840001106262207
249,3.881999969482422,12.781000137329102,-2.2179999351501465
252,9.189000129699707,-3.7869999408721924,-5.571000099182129
255,10.032999992370605,-3.240999937057495,-10.00100040435791
258,-7.64900016784668,-4.947000026702881,-11.144000053405762
261,-9.96500015258789,-4.979000091552734,-8.78600025177002
264,-8.907999992370605,-6.093999862670898,-6.236000061035156
267,11.277999877929688,-4.493000030517578,-7.310999870300293
270,9.862000465393066,9.774999618530273,-8.788000106811523
273,9.881999969482422,12.588000297546387,-9.02400016784668
276,-11.319999694824219,-8.657999992370605,14.178999900817871
279,-10.843999862670898,-9.095999717712402,-8.602999687194824
282,-10.38599967956543,-8.574999809265137,-5.900000095367432
285,11.204000473022461,-7.044000148773193,-8.61400032043457
288,-8.076000213623047,-3.0510001182556152,-9.053000450134277
291,-2.950000047683716,-5.985000133514404,-7.994999885559082
294,4.580999851226807,-8.694000244140625,-9.097000122070313
297,2.9809999465942383,-6.21999979019165,-6.232999801635742
300,-0.9480000138282776,-7.296999931335449,-6.323999881744385
303,-6.250999927520752,-9.095000267028809,-7.730000019073486
306,-3.1740000247955322,-8.939000129699707,-12.131999969482422
309,-1.9700000286102295,-7.581999778747559,-10.180999755859375
312,-1.5290000438690186,12.39900016784668,-9.23900032043457
315,4.267000198364258,10.149999618530273,-8.958000183105469
318,-2.7179999351501465,-9.579999923706055,-4.913000106811523
321,-5.427000045776367,-6.252999782562256,-7.004000186920166
324,7.951000213623047,-9.253999710083008,10.07800006866455
327,7.9029998779296875,12.182999610900879,13.593999862670898
330,2.6429998874664307,-8.347999572753906,-11.928999900817871
333,4.2270002365112305,11.439000129699707,8.758999824523926
336,7.368000030517578,-7.635000228881836,13.527999877929688
339,7.873000144958496,10.413000106811523,-10.590999603271484
342,6.455999851226807,-6.841000080108643,11.098999977111816
345,-8.23900032043457,-4.9029998779296875,7.394000053405762
348,12.734999656677246,-7.331999778747559,10.512999534606934
351,-9.043000221252441,-6.991000175476074,-12.713000297546387
354,7.559999942779541,-4.801000118255615,-11.788000106811523
357,10.119999885559082,-7.004000186920166,-12.241000175476074
360,10.246000289916992,11.925000190734863,-12.081999778747559
363,10.78600025177002,-8.253000259399414,8.71399974822998
366,-10.545000076293945,12.430999755859375,8.347999572753906
369,-10.020999908447266,10.140999794006348,11.057000160217285
372,11.33899974822998,9.244000434875488,-12.732000350952148
375,11.618000030517578,7.749000072479248,12.274999618530273
378,-8.170000076293945,11.312999725341797,13.90999984741211
381,-7.252999782562256,10.34000015258789,11.187000274658203
384,-6.296999931335449,-7.110000133514404,-9.649999618530273
387,1.6770000457763672,12.366000175476074,8.387999534606934
390,-5.724999904632568,-7.798999786376953,-12.241000175476074
393,-6.934999942779541,-9.024999618530273,12.354000091552734
396,-9.258000373840332,7.658999919891357,11.644000053405762
399,-7.665999889373779,8.3149995803833,9.071000099182129
402,2.697999954223633,-9.501999855041504,10.958999633789063
405,2.375999927520752,11.35099983215332,14.005000114440918
408,-9.559000015258789,11.625,-10.819999694824219
411,-10.842000007629395,-4.553999900817871,-11.704000473022461
414,0.8709999918937683,-4.263000011444092,-10.319000244140625
417,3.7019999027252197,-5.999000072479248,11.239999771118164
420,-1.3940000534057617,-7.959000110626221,13.381999969482422
423,5.388999938964844,-8.401000022888184,-11.76099967956543
426,-1.1360000371932983,-7.396999835968018,1.378999948501587
429,2.9539999961853027,12.255000114440918,-7.394000053405762
432,3.75600004196167,-1.878999948501587,5.370999813079834
435,4.96999979019165,0.4959999918937683,9.65999984741211
438,12.050999641418457,-3.5439999103546143,6.616000175476074
441,-9.770999908447266,-2.5220000743865967,12.189000129699707
444,6.5960001945495605,0.00800000037997961,3.750999927520752
447,6.616000175476074,6.689000129699707,7.9079999923706055
450,-0.004999999888241291,-3.187999963760376,5.170000076293945
453,2.884000062942505,-6.2729997634887695,3.5160000324249268
456,9.843999862670898,-2.236999988555908,2.121000051498413
459,-8.456999778747559,1.968000054359436,7.474999904632568
462,5.544000148773193,-1.0160000324249268,7.235000133514404
465,2.431999921798706,-3.683000087738037,11.491999626159668
468,7.394999980926514,0.33799999952316284,-0.7139999866485596
471,12.215999603271484,-1.277999997138977,3.9119999408721924
474,-8.364999771118164,1.2649999856948853,-0.20399999618530273
477,-4.034999847412109,6.952000141143799,5.328999996185303
480,-4.27400016784668,-3.5480000972747803,8.031999588012695
483,-8.197999954223633,2.4019999504089355,11.736000061035156
486,-7.826000213623047,-3.063999891281128,3.4739999771118164
489,9.70300006866455,-6.132999897003174,7.044000148773193
492,-8.902000427246094,-1.6380000114440918,7.01800012588501
495,-3.236999988555908,-4.38100004196167,5.448999881744385
498,10.152999877929688,-1.5219999551773071,9.725000381469727
501,10.175000190734863,-4.480000019073486,13.928999900817871
504,-3.9189999103546143,2.2249999046325684,7.85099983215332
507,-4.295000076293945,-0.8529999852180481,8.784000396728516
510,2.2300000190734863,2.5350000858306885,4.691999912261963
513,-0.9330000281333923,-0.6930000185966492,5.2220001220703125
516,2.7920000553131104,-1.0809999704360962,10.473999977111816
519,1.3990000486373901,-1.2419999837875366,7.910999774932861
522,-2.200000047683716,-6.236999988555908,7.2210001945495605
525,-9.885000228881836,-3.072999954223633,9.322999954223633
528,-8.800000190734863,-3.632999897003174,0.8569999933242798
531,-4.081999778747559,10.842000007629395,2.760999917984009
534,-6.699999809265137,-0.3799999952316284,5.755000114440918
537,-0.9210000038146973,-8.173999786376953,5.686999797821045
540,-0.6710000038146973,-2.811000108718872,-6.9730000495910645
543,0.6660000085830688,5.833000183105469,0.5899999737739563
546,6.577000141143799,-0.3919999897480011,-4.379000186920166
549,-0.902999997138977,1.6030000448226929,0.7580000162124634
552,3.5439999103546143,-0.5849999785423279,-5.14300012588501
555,0.7070000171661377,-2.9119999408721924,1.2680000066757202
558,6.500999927520752,2.8889999389648438,-1.1619999408721924
561,-11.184000015258789,-3.6080000400543213,-5.041999816894531
564,11.906999588012695,-0.8420000076293945,-5.610000133514404
567,-10.059000015258789,-0.8209999799728394,-2.5420000553131104
570,7.539999961853027,-2.4800000190734863,3.36299991607666
573,5.801000118255615,-2.9839999675750732,1.2120000123977661
576,5.644999980926514,-3.3580000400543213,-1.5210000276565552
579,8.37600040435791,-3.0250000953674316,-1.524999976158142
582,12.057000160217285,-2.569000005722046,-0.656000018119812
585,9.835000038146973,-0.574999988079071,-1.0520000457763672
588,-9.791999816894531,0.7590000033378601,1.9479999542236328
591,4.938000202178955,-6.760000228881836,5.284999847412109
594,-8.720999717712402,2.572000026702881,-4.784999847412109
597,-9.682000160217285,1.7960000038146973,-2.494999885559082
600,-0.09399999678134918,1.600000023841858,-1.9709999561309814
603,-3.2669999599456787,-6.491000175476074,3.0920000076293945
606,-4.060999870300293,1.4830000400543213,-2.8519999980926514
609,-10.119000434875488,2.4730000495910645,3.9739999771118164
612,-7.570000171661377,-0.21299999952316284,3.253000020980835
615,-7.5269999504089355,-1.6920000314712524,-0.4869999885559082
618,-2.0209999084472656,3.26200008392334,-3.197000026702881
621,-3.5360000133514404,-4.243000030517578,1.5049999952316284
624,-3.503000020980835,0.06199999898672104,6.328000068664551
627,-5.486000061035156,-3.13100004196167,4.818999767303467
630,5.35099983215332,2.1649999618530273,2.2269999980926514
633,-0.8230000138282776,5.159999847412109,-1.590000033378601
636,3.2960000038146973,2.2060000896453857,8.159000396728516
639,4.875999927520752,-5.808000087738037,-8.333000183105469
642,-0.421999990940094,-0.7900000214576721,2.3559999465942383
645,2.2249999046325684,-3.305999994277954,3.5439999103546143
648,1.0570000410079956,0.5960000157356262,-4.184999942779541
651,8.043000221252441,-1.5570000410079956,-10.375
654,10.154000282287598,0.2370000034570694,-7.585999965667725
657,7.223999977111816,-0.5680000185966492,-7.916999816894531
660,3.4519999027252197,2.075000047683716,-5.4039998054504395
663,2.0950000286102295,-2.3570001125335693,-6.607999801635742
666,2.8259999752044678,-2.8350000381469727,-9.07699966430664
669,5.7230000495910645,-2.6089999675750732,-9.432000160217285
672,4.77400016784668,-4.78000020980835,-11.10099983215332
675,10.553000450134277,0.24799999594688416,-3.561000108718872
678,4.7820000648498535,-3.816999912261963,-4.705999851226807
681,4.535999774932861,0.4410000145435333,-1.3910000324249268
684,-9.869000434875488,4.264999866485596,-6.754000186920166
687,11.145999908447266,2.25600004196167,-9.706999778747559
690,-6.339000225067139,3.315999984741211,-8.121999740600586
693,-6.0279998779296875,0.6340000033378601,-8.3100004196167
696,-5.901000022888184,1.4199999570846558,-10.989999771118164
699,-5.120999813079834,-0.7590000033378601,-3.7829999923706055
702,6.590000152587891,-4.611000061035156,-6.573999881744385
705,11.991999626159668,-1.5130000114440918,-9.163999557495117
708,-10.571999549865723,-1.9170000553131104,-11.86299991607666
711,-9.083999633789063,-0.8330000042915344,-7.909999847412109
714,-7.677000045776367,-1.972000002861023,-3.25
717,12.25,-5.880000114440918,-3.2070000171661377
720,0.6140000224113464,2.5390000343322754,-6.005000114440918
723,-2.1730000972747803,2.309000015258789,-5.921999931335449
726,2.7170000076293945,5.465000152587891,-8.590999603271484
729,-3.4670000076293945,3.430999994277954,-8.074999809265137
732,2.430999994277954,2.239000082015991,-0.8859999775886536
735,-0.3580000102519989,-2.257999897003174,-4.103000164031982
738,-1.7869999408721924,-4.710000038146973,-2.252000093460083
741,-3.4809999465942383,-3.50600004196167,-6.749000072479248
744,0.13500000536441803,-6.491000175476074,-11.800000190734863
747,2.2769999504089355,-0.2540000081062317,-12.246000289916992
750,2.1440000534057617,-3.7039999961853027,-4.005000114440918
753,-1.0240000486373901,-4.814000129699707,0.5649999976158142
756,7.156000137329102,-3.1710000038146973,7.406000137329102
759,7.547999858856201,1.6690000295639038,13.567999839782715
762,5.945000171661377,0.4050000011920929,-11.1850004196167
765,7.438000202178955,-4.49399995803833,11.979999542236328
768,4.060999870300293,-0.8569999933242798,13.093000411987305
771,-0.2290000021457672,-3.322000026702881,12.005999565124512
774,9.119999885559082,0.8740000128746033,9.11299991607666
777,9.404000282287598,-2.4730000495910645,12.218999862670898
780,-11.22599983215332,-0.36800000071525574,8.678000450134277
783,-2.078000068664551,-3.2060000896453857,9.972000122070313
786,-7.914000034332275,3.302999973297119,-10.33899974822998
789,6.133999824523926,-2.884999990463257,13.895999908447266
792,11.333000183105469,-4.209000110626221,9.486000061035156
795,-7.85699987411499,-7.9029998779296875,10.128999710083008
798,8.427000045776367,-4.860000133514404,9.319000244140625
801,10.239999771118164,-0.4519999921321869,13.79699993133545
804,-9.638999938964844,-5.697000026702881,12.262999534606934
807,2.6640000343322754,-4.454999923706055,14.291000366210938
810,-8.392999649047852,-0.12200000137090683,12.892000198364258
813,-4.27400016784668,-5.2230000495910645,11.045000076293945
816,3.565999984741211,0.8230000138282776,-9.9399995803833
819,4.564000129699707,1.812999963760376,12.824999809265137
822,-5.191999912261963,-5.534999847412109,13.687999725341797
825,-7.047999858856201,-1.1139999628067017,-11.545000076293945
828,-0.6890000104904175,-0.25600001215934753,14.347000122070313
831,-4.065999984741211,12.569000244140625,10.15999984741211
834,-5.810999870300293,12.27400016784668,6.928999900817871
837,-2.946000099182129,-7.566999912261963,10.805999755859375
840,-6.3379998207092285,-3.697999954223633,-7.158999919891357
843,-6.993000030517578,-3.369999885559082,13.979000091552734
846,2.940999984741211,2.3589999675750732,-12.217000007629395
849,1.440000057220459,-8.083999633789063,12.803999900817871
852,-3.255000114440918,1.7280000448226929,-12.425000190734863
855,1.5,-7.880000114440918,6.769999980926514
858,2.319999933242798,0.42800000309944153,6.239999771118164
861,-1.6399999856948853,-4.086999893188477,-9.28600025177002
864,8.029999732971191,6.4710001945495605,10.34000015258789
867,5.191999912261963,-0.2709999978542328,1.0670000314712524
870,2.7850000858306885,8.125,10.61299991607666
873,8.95199966430664,1.2990000247955322,6.336999893188477
876,9.105999946594238,5.954999923706055,6.525000095367432
879,12.074000358581543,12.253000259399414,11.982999801635742
882,3.2980000972747803,3.76200008392334,11.286999702453613
885,4.438000202178955,4.135000228881836,4.23199987411499
888,9.156000137329102,1.0460000038146973,3.565000057220459
891,6.230000019073486,7.210000038146973,1.0839999914169312
894,10.973999977111816,2.8529999256134033,9.838000297546387
897,10.331000328063965,5.210000038146973,11.545000076293945
900,-7.4770002365112305,8.987000465393066,4.583000183105469
903,-9.326000213623047,10.831000328063965,5.690999984741211
906,-5.890999794006348,9.130999565124512,-3.0450000762939453
909,-4.585000038146973,4.829999923706055,7.004000186920166
912,-4.546000003814697,6.330999851226807,9.609000205993652
915,-5.111999988555908,8.42199993133545,7.433000087738037
918,-9.597999572753906,7.166999816894531,5.428999900817871
921,-6.300000190734863,2.7090001106262207,2.7179999351501465
924,-10.428000450134277,4.656000137329102,5.998000144958496
927,0.38199999928474426,4.2789998054504395,3.0950000286102295
930,-0.1589999943971634,-3.4820001125335693,7.925000190734863
933,10.432999610900879,3.687000036239624,6.804999828338623
936,5.335000038146973,6.915999889373779,3.6110000610351563
939,3.009000062942505,5.013000011444092,-0.6890000104904175
942,3.5399999618530273,8.362000465393066,-1.2960000038146973
945,6.894000053405762,9.840999603271484,2.3970000743865967
948,-0.4569999873638153,0.7979999780654907,8.397000312805176
951,2.072000026702881,7.9029998779296875,1.156999945640564
954,-6.285999774932861,1.2239999771118164,8.8100004196167
957,-4.836999893188477,0.7279999852180481,4.060999870300293
960,5.193999767303467,4.73799991607666,0.7239999771118164
963,0.1340000033378601,7.499000072479248,6.429999828338623
966,7.083000183105469,1.7000000476837158,11.053000450134277
969,-2.7139999866485596,0.8539999723434448,10.843000411987305
972,4.258999824523926,4.388000011444092,-6.6570000648498535
975,0.1809999942779541,-8.335000038146973,-2.9030001163482666
978,3.63700008392334,10.604999542236328,0.550000011920929
981,0.3659999966621399,6.434999942779541,-4.322999954223633
984,3.2179999351501465,6.390999794006348,-2.996999979019165
987,10.29800033569336,4.464000225067139,-4.2870001792907715
990,11.222999572753906,13.015999794006348,-0.9010000228881836
993,-8.880999565124512,9.34000015258789,-1.5679999589920044
996,12.090999603271484,9.262999534606934,-2.6029999256134033
999,11.902999877929688,8.105999946594238,-5.059999942779541
1002,11.128999710083008,9.642000198364258,2.4639999866485596
1005,9.038999557495117,10.812000274658203,1.2269999980926514
1008,9.102999687194824,7.188000202178955,-0.5619999766349792
1011,8.710000038146973,2.5829999446868896,-3.2019999027252197
1014,-6.627999782562256,3.5460000038146973,-0.2630000114440918
1017,-10.986000061035156,4.357999801635742,-2.424999952316284
1020,11.032999992370605,0.15000000596046448,1.746999979019165
1023,8.029000282287598,10.536999702453613,-5.215000152587891
1026,-2.5290000438690186,8.449999809265137,-3.9630000591278076
1029,-7.866000175476074,8.371000289916992,1.3600000143051147
1032,-3.9019999504089355,6.800000190734863,1.4670000076293945
1035,-8.053000450134277,10.95199966430664,0.6259999871253967
1038,-2.049999952316284,8.77299976348877,2.2330000400543213
1041,-10.170999526977539,8.562999725341797,3.1500000953674316
1044,-8.454999923706055,4.671000003814697,3.052000045776367
1047,-3.9159998893737793,4.232999801635742,0.15299999713897705
1050,-3.115999937057495,5.682000160217285,-4.308000087738037
1053,1.7580000162124634,2.4210000038146973,1.8009999990463257
1056,-5.533999919891357,8.61299991607666,2.565999984741211
1059,-9.244999885559082,6.76200008392334,-2.000999927520752
1062,-1.1369999647140503,9.553999900817871,-0.16599999368190765
1065,-3.7820000648498535,8.17199993133545,-1.065000057220459
1068,1.1160000562667847,9.430000305175781,-1.9279999732971191
1071,-3.377000093460083,1.944000005722046,1.7610000371932983
1074,1.3940000534057617,12.270999908447266,-0.9409999847412109
1077,6.2779998779296875,8.28600025177002,-1.402999997138977
1080,4.288000106811523,9.220999717712402,-6.289999961853027
1083,6.433000087738037,5.854000091552734,-11.435999870300293
1086,11.109000205993652,6.992000102996826,-11.118000030517578
1089,10.404999732971191,11.607999801635742,-4.913000106811523
1092,6.554999828338623,7.942999839782715,-5.388000011444092
1095,9.887999534606934,10.753000259399414,-1.4019999504089355
1098,7.314000129699707,1.7660000324249268,-6.671000003814697
1101,5.335999965667725,2.440999984741211,-8.20199966430664
1104,7.665999889373779,3.11899995803833,-9.972999572753906
1107,8.850000381469727,6.808000087738037,-6.434999942779541
1110,10.800999641418457,6.4029998779296875,-2.3940000534057617
1113,6.1529998779296875,2.9779999256134033,-3.9040000438690186
1116,-9.244999885559082,6.570000171661377,-8.420000076293945
1119,12.33899974822998,9.623000144958496,-10.07800006866455
1122,-6.901000022888184,11.118000030517578,-9.005999565124512
1125,-8.550999641418457,5.811999797821045,0.49799999594688416
1128,-7.324999809265137,8.506999969482422,-7.620999813079834
1131,-10.425999641418457,11.001999855041504,-4.835000038146973
1134,8.901000022888184,4.0289998054504395,-6.593999862670898
1137,-5.757999897003174,6.235000133514404,-7.051000118255615
1140,-1.597000002861023,7.448999881744385,-9.3100004196167
1143,-5.076000213623047,5.047999858856201,-2.5460000038146973
1146,-0.1850000023841858,5.183000087738037,-9.28499984741211
1149,-9.246999740600586,6.428999900817871,-4.9670000076293945
1152,-3.6480000019073486,8.661999702453613,-7.663000106811523
1155,-1.3539999723434448,8.314000129699707,-11.95199966430664
1158,3.7950000762939453,6.36299991607666,-10.843000411987305
1161,1.2619999647140503,7.816999912261963,-7.260000228881836
1164,-1.4049999713897705,10.479999542236328,-5.558000087738037
1167,-3.6489999294281006,12.52299976348877,-7.418000221252441
1170,-4.2220001220703125,0.6380000114440918,-6.059999942779541
1173,-2.0439999103546143,3.6480000019073486,-10.859000205993652
1176,-0.9610000252723694,5.677999973297119,-12.593999862670898
1179,1.1139999628067017,9.524999618530273,-5.073999881744385
1182,5.52400016784668,5.730000019073486,-4.314000129699707
1185,-0.3869999945163727,5.017000198364258,-6.572999954223633
1188,1.5880000591278076,8.701000213623047,13.225000381469727
1191,3.2909998893737793,5.001999855041504,8.515999794006348
1194,8.50100040435791,8.939000129699707,-12.843000411987305
1197,10.32800006866455,8.718000411987305,9.996999740600586
1200,5.377999782562256,8.786999702453613,9.59000015258789
1203,9.965999603271484,3.453000068664551,13.595000267028809
1206,6.443999767303467,9.826000213623047,12.142999649047852
1209,10.840999603271484,7.909999847412109,7.4120001792907715
1212,-10.246000289916992,9.03600025177002,7.922999858856201
1215,-5.916999816894531,7.156000137329102,13.722999572753906
1218,-8.942999839782715,8.156000137329102,-10.746999740600586
1221,9.043000221252441,5.111999988555908,-11.37399959564209
1224,-10.538999557495117,2.890000104904175,-11.520000457763672
1227,-10.600000381469727,0.5649999976158142,14.187000274658203
1230,-10.104999542236328,1.9079999923706055,9.732000350952148
1233,-9.23900032043457,4.138000011444092,13.416999816894531
1236,11.234000205993652,4.589000225067139,-8.300999641418457
1239,9.34000015258789,0.8899999856948853,-11.175000190734863
1242,-6.521999835968018,9.322999954223633,-12.107999801635742
1245,-3.6410000324249268,6.459000110626221,12.387999534606934
1248,0.8159999847412109,2.690000057220459,10.335000038146973
1251,-2.5360000133514404,10.680000305175781,-11.300999641418457
1254,1.9110000133514404,12.293999671936035,-10.085000038146973
1257,-4.861999988555908,9.5649995803833,-10.251999855041504
1260,-8.619000434875488,6.714000225067139,-13.13599967956543
1263,-7.183000087738037,6.230999946594238,10.88700008392334
1266,-3.0889999866485596,3.5999999046325684,10.369999885559082
1269,-0.7799999713897705,-3.0350000858306885,-12.22599983215332
1272,-5.7870001792907715,3.369999885559082,10.545999526977539
1275,-6.578000068664551,6.708000183105469,-4.334000110626221
1278,-0.07199999690055847,0.007000000216066837,11.553000450134277
1281,6.4019999504089355,7.445000171661377,13.4350004196167
1284,3.0409998893737793,9.277000427246094,-11.300000190734863
1287,1.565999984741211,4.723999977111816,-12.022000312805176
1290,5.491000175476074,5.333000183105469,11.649999618530273
1293,-0.5740000009536743,5.064000129699707,11.368000030517578
