2,42.63199996948242,20.016000747680664,83.31300354003906
5,61.66999816894531,79.12699890136719,31.72599983215332
8,29.381999969482422,32.9010009765625,52.54399871826172
11,29.43000030517578,89.08200073242188,2.2699999809265137
14,66.80999755859375,77.6989974975586,72.06600189208984
17,2.938999891281128,35.21799850463867,89.61100006103516
20,4.796999931335449,76.5009994506836,71.7770004272461
23,94.6259994506836,65.22599792480469,19.555999755859375
26,57.814998626708984,49.75,49.4739990234375
29,40.887001037597656,4.414000034332275,5.663000106811523
32,45.17900085449219,3.7049999237060547,10.598999977111816
35,51.737998962402344,28.386999130249023,48.00299835205078
38,93.23999786376953,91.53299713134766,14.343999862670898
41,88.74299621582031,46.93299865722656,4.486000061035156
44,59.57400131225586,86.3479995727539,75.697998046875
47,72.19200134277344,72.30699920654297,81.34100341796875
50,99.02200317382813,84.95500183105469,46.547000885009766
53,34.6619987487793,27.65999984741211,68.6449966430664
56,94.9020004272461,75.78099822998047,12.420000076293945
59,72.93599700927734,85.81800079345703,1.9789999723434448
62,48.1619987487793,21.354999542236328,9.154999732971191
65,28.264999389648438,62.0620002746582,17.770000457763672
68,34.97600173950195,90.71600341796875,11.237000465393066
71,26.125,59.994998931884766,72.7760009765625
74,87.62000274658203,9.545999526977539,97.61699676513672
77,75.37100219726563,74.31500244140625,80.81199645996094
80,41.85100173950195,75.84200286865234,1.00600004196167
83,54.676998138427734,64.13500213623047,75.76100158691406
86,39.77799987792969,9.833000183105469,53.345001220703125
89,73.71199798583984,70.08699798583984,43.66899871826172
92,38.78799819946289,6.816999912261963,34.93899917602539
95,94.76699829101563,90.7760009765625,74.37200164794922
98,2.7070000171661377,43.736000061035156,82.69499969482422
101,68.02999877929688,89.1760025024414,24.041000366210938
104,81.0719985961914,59.82500076293945,43.441001892089844
107,13.352999687194824,37.85300064086914,16.607999801635742
110,73.26300048828125,80.60399627685547,13.532999992370605
113,85.95999908447266,90.7699966430664,88.1240005493164
116,59.00899887084961,12.494999885559082,29.117000579833984
119,76.68399810791016,61.70899963378906,31.91200065612793
122,51.229000091552734,10.744000434875488,57.74100112915039
125,84.55500030517578,86.21700286865234,95.8290023803711
128,39.32400131225586,60.22999954223633,96.95099639892578
131,75.06500244140625,37.97600173950195,36.6619987487793
134,43.61600112915039,36.558998107910156,9.8149995803833
137,36.970001220703125,74.11799621582031,73.7040023803711
140,36.090999603271484,54.83700180053711,38.14400100708008
143,12.206999778747559,22.323999404907227,53.61199951171875
146,26.965999603271484,5.966000080108643,90.16500091552734
149,92.59200286865234,56.0989990234375,88.43499755859375
152,80.46800231933594,45.0099983215332,69.23600006103516
155,65.75800323486328,53.2859992980957,29.283000946044922
158,81.447998046875,64.59400177001953,93.91400146484375
161,97.54499816894531,21.607999801635742,12.677000045776367
164,20.847999572753906,18.73699951171875,72.13700103759766
167,43.891998291015625,87.87699890136719,79.66300201416016
170,70.87200164794922,90.1449966430664,77.43599700927734
173,58.76499938964844,79.11599731445313,17.986000061035156
176,41.66999816894531,0.7680000066757202,65.47799682617188
179,43.24300003051758,59.50699996948242,92.49600219726563
182,4.959000110626221,89.39900207519531,84.3949966430664
185,21.051000595092773,10.73799991607666,78.62999725341797
188,31.579999923706055,73.34700012207031,9.916999816894531
191,18.499000549316406,9.456999778747559,35.840999603271484
194,39.8849983215332,89.41600036621094,38.96500015258789
197,47.34700012207031,45.81999969482422,23.95599937438965
200,86.71900177001953,52.053001403808594,66.00900268554688
203,52.71200180053711,38.94300079345703,93.72699737548828
206,86.88700103759766,1.684999942779541,51.90399932861328
209,24.33799934387207,23.458999633789063,59.86899948120117
212,3.2730000019073486,69.8489990234375,74.03500366210938
215,23.673999786376953,56.4119987487793,61.49800109863281
218,15.932000160217285,34.79899978637695,47.66299819946289
221,67.6709976196289,61.74599838256836,59.694000244140625
224,83.18800354003906,74.47699737548828,37.72200012207031
227,51.40700149536133,62.779998779296875,96.93499755859375
230,53.24700164794922,60.266998291015625,78.18900299072266
233,15.057000160217285,51.266998291015625,86.00599670410156
236,95.10800170898438,54.78200149536133,52.72999954223633
239,52.082000732421875,72.66699981689453,66.23200225830078
242,2.059999942779541,36.41400146484375,6.163000106811523
245,15.907999992370605,70.5479965209961,18.011999130249023
248,63.13399887084961,59.0099983215332,23.7549991607666
251,27.659000396728516,45.93199920654297,55.77799987792969
254,70.83399963378906,11.99899959564209,60.61199951171875
257,88.98799896240234,89.36299896240234,65.0270004272461
260,87.16500091552734,88.31999969482422,50.974998474121094
263,55.4379997253418,27.341999053955078,66.21900177001953
266,32.145999908447266,78.5469970703125,41.0890007019043
269,85.04000091552734,51.9640007019043,69.22599792480469
272,67.37100219726563,32.34199905395508,51.81999969482422
275,78.31700134277344,92.26699829101563,94.91400146484375
278,48.242000579833984,88.64600372314453,28.392000198364258
281,93.71299743652344,8.907999992370605,72.06600189208984
284,92.27100372314453,62.13800048828125,84.68299865722656
287,69.9540023803711,10.699999809265137,78.72799682617188
290,98.11499786376953,38.45800018310547,15.586999893188477
293,61.380001068115234,45.64099884033203,36.54199981689453
296,34.41699981689453,26.547000885009766,24.476999282836914
299,84.32499694824219,65.44499969482422,30.85099983215332
302,69.64900207519531,1.812999963760376,80.13600158691406
305,10.885000228881836,79.33399963378906,84.59600067138672
308,67.69400024414063,18.55900001525879,77.08699798583984
311,48.54499816894531,-0.014999999664723873,19.61400032043457
314,46.76599884033203,27.839000701904297,18.261999130249023
317,96.0250015258789,95.46900177001953,65.61699676513672
320,96.0,94.82599639892578,76.42900085449219
323,91.62699890136719,42.14500045776367,19.82200050354004
326,54.73899841308594,65.73699951171875,53.01300048828125
329,88.177001953125,72.02200317382813,33.145999908447266
332,19.701000213623047,24.889999389648438,87.55999755859375
335,19.656999588012695,80.43699645996094,17.680999755859375
338,55.625999450683594,66.49700164794922,44.59199905395508
341,0.31700000166893005,71.59400177001953,79.6969985961914
344,86.58000183105469,11.621999740600586,67.13899993896484
347,32.518001556396484,10.663999557495117,15.621000289916992
350,12.29699993133545,74.6259994506836,14.677000045776367
353,77.94200134277344,43.66699981689453,9.756999969482422
356,80.06400299072266,7.7779998779296875,68.53299713134766
359,61.56800079345703,8.718999862670898,28.81399917602539
362,24.163000106811523,71.83599853515625,29.246000289916992
365,33.90599822998047,31.44300079345703,69.97100067138672
368,9.708999633789063,18.163000106811523,68.26300048828125
371,2.055000066757202,16.249000549316406,94.82499694824219
374,35.28099822998047,96.81199645996094,53.597999572753906
377,59.823001861572266,77.11000061035156,55.94200134277344
380,41.66999816894531,47.92499923706055,58.35300064086914
383,83.5009994506836,13.902000427246094,97.97799682617188
386,32.165000915527344,10.48900032043457,77.16100311279297
389,57.1879997253418,49.53499984741211,38.569000244140625
392,19.263999938964844,53.25699996948242,78.66999816894531
395,78.77100372314453,16.003999710083008,84.47599792480469
398,35.12099838256836,5.804999828338623,91.87999725341797
401,96.78399658203125,90.16000366210938,82.5459976196289
404,59.053001403808594,49.93899917602539,86.28800201416016
407,23.56800079345703,76.88999938964844,6.883999824523926
410,84.37200164794922,77.17500305175781,50.494998931884766
413,42.89099884033203,51.244998931884766,88.8290023803711
416,0.9089999794960022,66.84200286865234,76.58499908447266
419,98.44300079345703,62.26599884033203,36.25199890136719
422,51.680999755859375,15.28600025177002,47.48699951171875
425,3.9570000171661377,84.4469985961914,73.6500015258789
428,41.9109992980957,86.71399688720703,66.56800079345703
431,62.483001708984375,6.921000003814697,8.954999923706055
434,78.63300323486328,63.99300003051758,6.034999847412109
437,59.415000915527344,68.5250015258789,22.059999465942383
440,39.45500183105469,93.82599639892578,84.74500274658203
443,29.479999542236328,63.520999908447266,58.37900161743164
446,77.45600128173828,81.02200317382813,59.354000091552734
449,15.39900016784668,96.04100036621094,17.96500015258789
452,33.37200164794922,51.32899856567383,81.08799743652344
455,54.547000885009766,4.105999946594238,71.30500030517578
458,37.76499938964844,18.516000747680664,91.99700164794922
461,72.02799987792969,16.23699951171875,23.20400047302246
464,11.637999534606934,82.16100311279297,40.1609992980957
467,15.47599983215332,37.10300064086914,95.46299743652344
470,56.33000183105469,68.58300018310547,19.636999130249023
473,29.900999069213867,67.44200134277344,91.13999938964844
476,10.34000015258789,60.02799987792969,31.840999603271484
479,89.24199676513672,61.43199920654297,9.711999893188477
482,93.10299682617188,45.32899856567383,72.51599884033203
485,41.91999816894531,75.98799896240234,42.527000427246094
488,29.6200008392334,79.65699768066406,96.8010025024414
491,10.857999801635742,31.341999053955078,84.25499725341797
494,22.007999420166016,26.395999908447266,99.69000244140625
497,65.21600341796875,31.02899932861328,27.04400062561035
500,45.402000427246094,47.446998596191406,78.35299682617188
503,20.211999893188477,87.49800109863281,72.7030029296875
506,45.72600173950195,15.973999977111816,3.122999906539917
509,11.437000274658203,69.19100189208984,74.0260009765625
512,96.78299713134766,73.34700012207031,92.5459976196289
515,80.9020004272461,98.04900360107422,88.81400299072266
518,34.63100051879883,85.05899810791016,80.22899627685547
521,62.8849983215332,77.04000091552734,13.605999946594238
524,1.2979999780654907,75.50599670410156,12.310999870300293
527,94.52400207519531,23.770000457763672,13.0
530,94.90599822998047,46.1619987487793,94.42900085449219
533,75.81700134277344,32.814998626708984,56.571998596191406
536,42.64699935913086,49.512001037597656,28.641000747680664
539,10.050999641418457,1.9210000038146973,10.215999603271484
542,70.37100219726563,99.31999969482422,97.53500366210938
545,82.6449966430664,63.724998474121094,15.170000076293945
548,52.5629997253418,73.47200012207031,13.121000289916992
551,42.987998962402344,32.05500030517578,14.618000030517578
554,94.37999725341797,6.7729997634887695,85.37200164794922
557,32.36199951171875,65.53399658203125,93.7040023803711
560,31.84600067138672,96.49299621582031,59.1349983215332
563,10.11400032043457,50.95100021362305,38.72100067138672
566,36.77299880981445,59.715999603271484,1.7660000324249268
569,96.19100189208984,75.90299987792969,62.18600082397461
572,93.20899963378906,64.66600036621094,10.732999801635742
575,87.0780029296875,16.858999252319336,51.999000549316406
578,5.692999839782715,47.50199890136719,61.04499816894531
581,65.01000213623047,42.84299850463867,25.459999084472656
584,19.41900062561035,30.562999725341797,29.316999435424805
587,77.13200378417969,89.2509994506836,73.00700378417969
590,47.47200012207031,60.244998931884766,99.2020034790039
593,64.7760009765625,82.28600311279297,15.246999740600586
596,84.83499908447266,37.08700180053711,18.259000778198242
599,18.437000274658203,65.61900329589844,43.4119987487793
602,63.2760009765625,7.164999961853027,5.85099983215332
605,61.83700180053711,66.90299987792969,66.90499877929688
608,66.06300354003906,83.31400299072266,33.060001373291016
611,98.66600036621094,85.1050033569336,77.09300231933594
614,75.86599731445313,33.48099899291992,81.49500274658203
617,42.39099884033203,17.333999633789063,50.10599899291992
620,40.31100082397461,82.69999694824219,86.93699645996094
623,69.4800033569336,31.055999755859375,90.18099975585938
626,33.702999114990234,9.354999542236328,64.78299713134766
629,42.099998474121094,59.42399978637695,44.069000244140625
632,92.77100372314453,10.82699966430664,16.81999969482422
635,54.630001068115234,27.784000396728516,20.41900062561035
638,61.810001373291016,23.46500015258789,34.332000732421875
641,52.8120002746582,0.09399999678134918,22.38599967956543
644,22.5,90.06700134277344,50.90599822998047
647,53.236000061035156,99.67900085449219,93.78099822998047
650,16.06599998474121,76.54199981689453,3.1559998989105225
653,55.624000549316406,5.432000160217285,44.917999267578125
656,45.611000061035156,60.957000732421875,51.40800094604492
659,50.391998291015625,4.696000099182129,11.85200023651123
662,86.0510025024414,53.46099853515625,11.390000343322754
665,83.552001953125,4.090000152587891,66.35399627685547
668,77.00199890136719,82.18699645996094,47.71900177001953
671,33.46200180053711,86.59600067138672,84.64700317382813
674,10.652000427246094,60.13800048828125,8.946999549865723
677,7.13100004196167,99.03299713134766,80.81800079345703
680,28.83300018310547,26.893999099731445,5.5960001945495605
683,86.08300018310547,47.198001861572266,9.835000038146973
686,9.628999710083008,8.36400032043457,8.383000373840332
689,99.4749984741211,92.83699798583984,80.52100372314453
692,26.173999786376953,13.996000289916992,64.71800231933594
695,64.88099670410156,65.24500274658203,4.2779998779296875
698,61.38800048828125,15.347999572753906,51.13800048828125
701,2.446000099182129,8.593999862670898,96.65299987792969
704,60.70100021362305,73.80899810791016,46.20000076293945
707,46.334999084472656,75.42400360107422,12.635000228881836
710,80.36299896240234,80.67400360107422,82.97699737548828
713,22.371999740600586,0.8190000057220459,70.14700317382813
716,4.5879998207092285,44.48099899291992,7.586999893188477
719,97.21099853515625,52.93000030517578,59.8129997253418
722,95.89399719238281,64.94499969482422,8.814000129699707
725,17.823999404907227,13.513999938964844,87.59300231933594
728,64.75599670410156,19.308000564575195,77.00199890136719
731,57.066001892089844,72.08999633789063,20.284000396728516
734,33.39099884033203,49.435001373291016,23.378000259399414
737,78.24299621582031,44.880001068115234,25.20800018310547
740,78.01300048828125,47.47999954223633,5.129000186920166
743,57.145999908447266,98.87200164794922,10.696999549865723
746,20.01099967956543,53.979000091552734,31.78499984741211
749,48.08000183105469,51.632999420166016,2.63100004196167
752,19.0049991607666,82.94100189208984,97.0770034790039
755,31.493999481201172,65.9520034790039,23.315000534057617
758,23.941999435424805,48.518001556396484,57.930999755859375
761,99.02200317382813,87.6510009765625,88.96800231933594
764,47.27399826049805,62.770999908447266,59.62799835205078
767,42.111000061035156,8.187999725341797,29.652999877929688
770,92.26699829101563,52.382999420166016,80.04499816894531
773,47.98899841308594,43.3120002746582,42.13999938964844
776,41.83399963378906,55.74300003051758,3.947999954223633
779,47.685001373291016,75.68099975585938,16.274999618530273
782,51.43600082397461,5.668000221252441,26.78499984741211
785,7.581999778747559,49.409000396728516,5.5
788,41.37300109863281,98.54299926757813,56.87099838256836
791,97.12100219726563,61.784000396728516,92.55500030517578
794,5.328000068664551,67.73200225830078,72.23300170898438
797,82.21099853515625,98.31700134277344,51.05400085449219
800,80.40399932861328,85.5009994506836,63.87900161743164
803,22.426000595092773,32.85900115966797,14.623000144958496
806,17.716999053955078,39.33399963378906,75.01000213623047
809,18.05500030517578,65.65899658203125,77.04499816894531
812,66.6259994506836,27.072999954223633,40.590999603271484
815,94.36199951171875,67.8489990234375,41.474998474121094
818,13.866999626159668,66.80999755859375,52.85900115966797
821,15.03600025177002,83.7490005493164,61.60499954223633
824,49.48899841308594,45.9109992980957,30.738000869750977
827,18.211000442504883,97.38200378417969,26.040000915527344
830,53.1150016784668,75.18800354003906,89.9469985961914
833,92.41000366210938,3.940000057220459,33.84600067138672
836,83.88400268554688,74.7969970703125,42.957000732421875
839,44.055999755859375,66.26599884033203,89.51799774169922
842,32.85900115966797,7.301000118255615,41.667999267578125
845,89.28399658203125,95.0739974975586,79.96700286865234
848,97.91400146484375,65.96299743652344,74.75599670410156
851,52.29999923706055,13.909000396728516,25.500999450683594
854,99.37799835205078,50.90599822998047,63.8380012512207
857,87.51599884033203,94.302001953125,29.724000930786133
860,73.14099884033203,72.79399871826172,52.400001525878906
863,95.5459976196289,83.61299896240234,18.631999969482422
866,2.2829999923706055,5.2779998779296875,12.913000106811523
869,1.1979999542236328,67.96199798583984,95.56300354003906
872,39.97800064086914,44.98099899291992,75.77300262451172
875,10.765999794006348,33.21500015258789,50.808998107910156
878,10.300000190734863,67.28199768066406,6.6579999923706055
881,79.85900115966797,92.3280029296875,51.13199996948242
884,17.452999114990234,6.6020002365112305,14.097000122070313
887,34.487998962402344,71.29299926757813,87.40499877929688
890,25.591999053955078,78.1050033569336,88.58799743652344
893,91.94599914550781,92.53800201416016,16.785999298095703
896,63.03300094604492,34.29999923706055,7.035999774932861
899,67.44599914550781,3.806999921798706,38.60900115966797
902,43.6619987487793,93.09100341796875,31.211999893188477
905,65.13200378417969,97.08499908447266,39.492000579833984
908,79.31500244140625,31.930999755859375,25.683000564575195
911,98.04199981689453,25.572999954223633,50.569000244140625
914,91.46099853515625,42.28499984741211,10.045999526977539
917,14.87600040435791,61.887001037597656,71.01699829101563
920,12.173999786376953,5.359000205993652,34.84700012207031
923,6.239999771118164,50.59299850463867,71.3219985961914
926,76.74800109863281,93.82099914550781,57.54399871826172
929,12.918000221252441,65.86399841308594,92.572998046875
932,70.63600158691406,59.33700180053711,31.461999893188477
935,20.631999969482422,66.57099914550781,66.03600311279297
938,98.64600372314453,62.65999984741211,7.1479997634887695
941,26.55699920654297,68.30599975585938,15.137999534606934
944,42.28799819946289,9.10099983215332,83.48400115966797
947,31.79400062561035,88.68399810791016,73.93199920654297
950,26.115999221801758,49.40399932861328,52.65999984741211
953,86.875,2.3340001106262207,37.48400115966797
956,54.50899887084961,16.125999450683594,73.18800354003906
959,94.85399627685547,8.612000465393066,2.871000051498413
962,74.28700256347656,54.60100173950195,43.96099853515625
965,72.75399780273438,64.2770004272461,47.14899826049805
968,75.30500030517578,78.6709976196289,35.31999969482422
971,68.86599731445313,48.29499816894531,45.6609992980957
974,39.2140007019043,51.56100082397461,84.04900360107422
977,71.60099792480469,89.87300109863281,47.073001861572266
980,30.434999465942383,69.81900024414063,46.891998291015625
983,96.0,36.84600067138672,38.50600051879883
986,36.11899948120117,1.2660000324249268,37.819000244140625
989,34.00199890136719,66.61699676513672,47.04899978637695
992,88.43399810791016,32.83000183105469,96.61299896240234
995,16.55699920654297,77.44200134277344,18.46299934387207
998,18.207000732421875,51.665000915527344,51.066001892089844
1001,85.8499984741211,71.9530029296875,20.999000549316406
1004,52.94499969482422,22.570999145507813,49.262001037597656
1007,78.49700164794922,54.926998138427734,88.6500015258789
1010,46.994998931884766,8.539999961853027,1.6399999856948853
1013,45.31800079345703,59.183998107910156,41.683998107910156
1016,31.76799964904785,72.2969970703125,31.329999923706055
1019,84.43800354003906,56.38800048828125,46.4640007019043
1022,11.906999588012695,64.7509994506836,72.04199981689453
1025,42.279998779296875,97.45099639892578,24.767000198364258
1028,54.99700164794922,82.71299743652344,31.799999237060547
1031,29.78700065612793,56.09700012207031,39.643001556396484
1034,30.37299919128418,81.01699829101563,0.2849999964237213
1037,60.7140007019043,0.9649999737739563,77.1520004272461
1040,48.573001861572266,34.834999084472656,81.5780029296875
1043,0.7070000171661377,38.24300003051758,88.30400085449219
1046,82.96900177001953,11.567999839782715,10.503000259399414
1049,93.63899993896484,53.99800109863281,24.52199935913086
1052,44.57899856567383,12.75,42.448001861572266
1055,95.2760009765625,58.520999908447266,63.215999603271484
1058,92.14900207519531,89.35199737548828,69.55899810791016
1061,62.71099853515625,29.95400047302246,73.09400177001953
1064,33.7130012512207,86.64399719238281,87.86399841308594
1067,98.8010025024414,4.15500020980835,94.81199645996094
1070,61.14899826049805,19.246000289916992,23.136999130249023
1073,45.76300048828125,84.46199798583984,90.27400207519531
1076,96.8740005493164,65.03299713134766,71.60099792480469
1079,56.542999267578125,2.8519999980926514,55.53300094604492
1082,17.200000762939453,88.94300079345703,73.81700134277344
1085,36.992000579833984,63.38199996948242,66.85199737548828
1088,77.67900085449219,62.694000244140625,48.6349983215332
1091,77.2300033569336,22.98200035095215,66.822998046875
1094,20.426000595092773,54.3390007019043,96.56800079345703
1097,14.831000328063965,81.7040023803711,84.45899963378906
1100,85.33999633789063,49.96099853515625,70.98400115966797
1103,78.13400268554688,5.166999816894531,14.878000259399414
1106,10.598999977111816,44.64899826049805,64.46900177001953
1109,70.01699829101563,32.3849983215332,73.06099700927734
1112,1.399999976158142,10.97599983215332,99.70999908447266
1115,14.192999839782715,67.802001953125,4.584000110626221
1118,73.31199645996094,18.37700080871582,15.446000099182129
1121,6.510000228881836,92.48899841308594,49.117000579833984
1124,81.34700012207031,13.932999610900879,95.93800354003906
1127,85.52799987792969,14.552000045776367,7.949999809265137
1130,53.60499954223633,86.45500183105469,12.765999794006348
1133,29.552000045776367,95.49099731445313,62.167999267578125
1136,49.340999603271484,5.418000221252441,94.87699890136719
1139,21.360000610351563,29.735000610351563,5.458000183105469
1142,23.02400016784668,91.24500274658203,13.458999633789063
1145,58.94599914550781,22.023000717163086,82.2239990234375
1148,54.28799819946289,17.540000915527344,45.08100128173828
1151,50.72600173950195,58.13100051879883,34.63800048828125
1154,46.16400146484375,62.82600021362305,92.67400360107422
1157,71.80799865722656,91.0,56.93199920654297
1160,78.1500015258789,15.184000015258789,10.75
1163,17.95400047302246,69.69000244140625,46.06999969482422
1166,20.187999725341797,12.895000457763672,89.28600311279297
1169,71.77899932861328,56.46900177001953,20.52199935913086
1172,82.927001953125,38.06700134277344,29.783000946044922
1175,92.14299774169922,40.499000549316406,85.87899780273438
1178,45.551998138427734,54.91400146484375,97.0790023803711
1181,40.32099914550781,85.80799865722656,89.16100311279297
1184,42.90399932861328,21.14900016784668,41.91999816894531
1187,4.984000205993652,32.12099838256836,60.6870002746582
1190,75.35800170898438,72.33100128173828,89.12799835205078
1193,71.67400360107422,63.362998962402344,68.21700286865234
1196,85.0719985961914,60.06399917602539,41.472999572753906
1199,87.98100280761719,71.56900024414063,51.60599899291992
1202,24.132999420166016,22.33799934387207,13.567999839782715
1205,6.245999813079834,76.68900299072266,8.156000137329102
1208,30.611000061035156,62.025001525878906,8.479000091552734
1211,92.68199920654297,93.27100372314453,81.44400024414063
1214,60.12099838256836,24.28700065612793,79.48600006103516
1217,62.20100021362305,57.38399887084961,91.44499969482422
1220,85.59700012207031,91.81800079345703,29.174999237060547
1223,53.38999938964844,79.26200103759766,89.66500091552734
1226,40.861000061035156,40.707000732421875,88.10900115966797
1229,28.422000885009766,14.729000091552734,37.08100128173828
1232,1.6959999799728394,43.80500030517578,2.3259999752044678
1235,33.32500076293945,34.78799819946289,84.1510009765625
1238,68.19000244140625,6.580999851226807,31.385000228881836
1241,59.98400115966797,44.78099822998047,56.845001220703125
1244,84.88400268554688,52.86399841308594,83.88500213623047
1247,32.90800094604492,1.975000023841858,16.410999298095703
1250,69.98400115966797,37.66699981689453,82.67400360107422
1253,23.200000762939453,79.91699981689453,8.687999725341797
1256,32.50299835205078,14.73900032043457,54.36600112915039
1259,42.52000045776367,40.30099868774414,83.3010025024414
1262,13.47700023651123,52.16600036621094,59.25
1265,16.954999923706055,23.216999053955078,66.66300201416016
1268,89.96900177001953,64.3949966430664,74.41699981689453
1271,64.10099792480469,86.44100189208984,35.49700164794922
1274,17.631000518798828,20.4689998626709,81.00399780273438
1277,6.007999897003174,80.19000244140625,13.178999900817871
1280,43.01100158691406,40.5890007019043,77.74600219726563
1283,10.654000282287598,38.72700119018555,13.01099967956543
1286,82.87699890136719,3.2909998893737793,45.694000244140625
1289,92.9739990234375,20.927000045776367,82.75900268554688
1292,30.461000442504883,47.933998107910156,20.625999450683594
1295,52.44900131225586,20.485000610351563,97.95999908447266
1298,82.83599853515625,61.952999114990234,78.16500091552734
1301,68.58499908447266,30.65399932861328,95.86599731445313
1304,40.98699951171875,15.102999687194824,73.85199737548828
1307,79.87100219726563,11.760000228881836,43.762001037597656
1310,29.461999893188477,2.303999900817871,45.375999450683594
1313,64.90499877929688,54.00699996948242,11.958999633789063
1316,64.95800018310547,39.444000244140625,74.69300079345703
1319,91.4749984741211,54.847999572753906,71.79100036621094
1322,44.13399887084961,22.04400062561035,98.96199798583984
1325,15.694999694824219,17.733999252319336,13.085000038146973
1328,89.16300201416016,36.571998596191406,14.427000045776367
1331,9.909000396728516,4.830999851226807,84.2509994506836
1334,68.05699920654297,21.9950008392334,25.854000091552734
1337,75.19100189208984,0.8600000143051147,72.71299743652344
1340,7.473999977111816,86.59300231933594,5.514999866485596
1343,54.98699951171875,68.84600067138672,91.30500030517578
1346,6.618000030517578,68.50900268554688,81.91500091552734
1349,9.354000091552734,23.082000732421875,6.511000156402588
1352,72.87799835205078,50.8849983215332,99.26399993896484
1355,52.25,17.660999298095703,29.415000915527344
1358,59.84199905395508,3.8450000286102295,28.224000930786133
1361,1.6410000324249268,57.45100021362305,41.56999969482422
1364,99.15699768066406,21.434999465942383,1.5720000267028809
1367,14.494999885559082,36.034000396728516,14.28600025177002
1370,77.05599975585938,30.125999450683594,69.30500030517578
1373,12.187999725341797,48.57899856567383,60.74700164794922
1376,97.78399658203125,70.43299865722656,53.834999084472656
1379,59.388999938964844,39.43600082397461,44.2599983215332
1382,70.6729965209961,2.4739999771118164,91.5739974975586
1385,46.194000244140625,8.446000099182129,52.60100173950195
1388,97.12000274658203,3.3510000705718994,12.553999900817871
1391,56.72700119018555,12.704000473022461,44.840999603271484
1394,75.20800018310547,59.46900177001953,48.51900100708008
1397,43.194000244140625,48.30400085449219,19.68400001525879
1400,20.0939998626709,82.22799682617188,29.304000854492188
1403,52.25199890136719,67.63200378417969,91.90899658203125
1406,75.2750015258789,24.12700080871582,95.28900146484375
1409,5.184999942779541,42.64799880981445,69.00299835205078
1412,36.395999908447266,22.14900016784668,16.06800079345703
1415,49.50899887084961,15.114999771118164,26.812000274658203
1418,63.928001403808594,88.14800262451172,93.59600067138672
1421,75.66000366210938,13.984000205993652,1.065000057220459
1424,53.86399841308594,77.3239974975586,76.74600219726563
1427,13.616999626159668,2.0420000553131104,77.06800079345703
1430,85.40799713134766,35.702999114990234,81.26699829101563
1433,74.90299987792969,15.366999626159668,82.29000091552734
1436,4.578999996185303,23.020999908447266,93.26699829101563
1439,6.573999881744385,52.90599822998047,22.500999450683594
1442,91.29499816894531,85.61399841308594,12.694999694824219
1445,51.308998107910156,43.797000885009766,6.144000053405762
1448,48.41299819946289,27.58799934387207,75.22699737548828
1451,17.5310001373291,65.0,8.236000061035156
1454,74.64800262451172,10.336999893188477,46.35200119018555
1457,67.44599914550781,69.177001953125,42.928001403808594
1460,13.503999710083008,96.66200256347656,27.059999465942383
1463,96.10199737548828,67.60900115966797,85.0459976196289
1466,78.55400085449219,55.78099822998047,85.24099731445313
1469,12.45199966430664,68.75299835205078,96.80999755859375
1472,60.6619987487793,52.62799835205078,38.92499923706055
1475,86.08499908447266,46.435001373291016,68.71399688720703
1478,66.51100158691406,31.378999710083008,85.75499725341797
1481,19.841999053955078,96.55000305175781,4.7220001220703125
1484,21.634000778198242,77.7030029296875,29.131999969482422
1487,11.262999534606934,62.19900131225586,96.60600280761719
1490,37.61199951171875,84.89800262451172,78.99800109863281
1493,29.95599937438965,83.18399810791016,92.5469970703125
1496,81.72899627685547,50.67499923706055,61.45600128173828
1499,37.42100143432617,51.051998138427734,53.71799850463867
1502,86.7509994506836,29.663000106811523,31.94499969482422
1505,91.39099884033203,29.5310001373291,23.531999588012695
1508,49.847999572753906,6.754000186920166,58.584999084472656
1511,91.5790023803711,46.321998596191406,87.34700012207031
1514,85.66300201416016,93.84100341796875,25.67300033569336
1517,56.61600112915039,26.04199981689453,41.479000091552734
1520,7.7210001945495605,28.773000717163086,94.51100158691406
1523,13.982999801635742,96.23899841308594,32.25899887084961
1526,29.715999603271484,1.0019999742507935,47.28099822998047
1529,41.150001525878906,96.9469985961914,91.06099700927734
1532,23.197999954223633,93.0790023803711,21.239999771118164
1535,15.293000221252441,80.01799774169922,39.597999572753906
1538,40.41899871826172,53.40399932861328,60.362998962402344
1541,13.456000328063965,20.104000091552734,70.68499755859375
1544,48.85300064086914,73.99099731445313,3.8469998836517334
1547,23.36199951171875,65.99199676513672,42.97800064086914
1550,13.968999862670898,21.62700080871582,79.4010009765625
1553,3.622999906539917,72.78900146484375,5.13700008392334
1556,80.28500366210938,5.179999828338623,76.1709976196289
1559,20.448999404907227,94.48300170898438,75.01799774169922
1562,34.40800094604492,38.95899963378906,99.01300048828125
1565,32.45800018310547,96.30899810791016,98.44100189208984
1568,35.86600112915039,28.339000701904297,13.529999732971191
1571,70.8280029296875,87.31500244140625,51.209999084472656
1574,68.2979965209961,94.2770004272461,80.60099792480469
1577,96.09700012207031,89.80000305175781,23.812999725341797
1580,85.02400207519531,75.33100128173828,25.37299919128418
1583,53.375,30.551000595092773,77.04399871826172
1586,71.0989990234375,73.61000061035156,99.01799774169922
1589,6.7769999504089355,28.135000228881836,60.02899932861328
1592,79.25199890136719,30.524999618530273,33.53799819946289
1595,77.58599853515625,21.232999801635742,36.98500061035156
1598,74.51499938964844,94.7020034790039,30.179000854492188
1601,24.687999725341797,39.50299835205078,33.51499938964844
1604,34.26100158691406,76.7040023803711,74.79100036621094
1607,57.38100051879883,96.95700073242188,63.50199890136719
1610,73.67500305175781,33.459999084472656,16.565000534057617
1613,8.678999900817871,12.239999771118164,67.35099792480469
1616,94.15299987792969,31.66699981689453,63.935001373291016
1619,96.14399719238281,65.95999908447266,51.41400146484375
1622,52.0890007019043,75.58399963378906,70.19400024414063
1625,28.738000869750977,7.673999786376953,21.701000213623047
1628,95.45600128173828,64.81400299072266,97.45899963378906
1631,89.11499786376953,57.78200149536133,62.89899826049805
1634,99.31600189208984,38.0880012512207,17.760000228881836
1637,81.91200256347656,48.6870002746582,96.66500091552734
1640,37.81999969482422,37.856998443603516,20.858999252319336
1643,29.847000122070313,52.26499938964844,16.570999145507813
1646,99.31500244140625,86.93900299072266,70.3290023803711
1649,8.12399959564209,10.815999984741211,57.505001068115234
1652,69.73500061035156,74.34300231933594,64.7770004272461
1655,82.55799865722656,40.48500061035156,89.93199920654297
1658,85.552001953125,59.24700164794922,60.6510009765625
1661,35.22600173950195,85.49700164794922,12.449999809265137
1664,22.509000778198242,54.268001556396484,35.08399963378906
1667,88.85900115966797,28.802000045776367,41.972999572753906
1670,56.6609992980957,21.68600082397461,79.56700134277344
1673,96.36399841308594,67.93000030517578,77.34200286865234
1676,63.27000045776367,35.72600173950195,77.59500122070313
1679,47.29199981689453,51.32600021362305,38.25699996948242
1682,79.66500091552734,76.50299835205078,52.922000885009766
1685,4.828000068664551,44.64400100708008,23.280000686645508
1688,53.512001037597656,3.115000009536743,23.31599998474121
1691,59.37699890136719,20.003999710083008,56.70500183105469
1694,56.54499816894531,72.0999984741211,95.48200225830078
1697,30.423999786376953,45.63800048828125,33.18899917602539
1700,51.31700134277344,39.270999908447266,98.68900299072266
1703,93.05599975585938,97.8479995727539,88.71399688720703
1706,94.96900177001953,14.439000129699707,10.508999824523926
1709,25.72800064086914,59.571998596191406,11.175999641418457
1712,98.51399993896484,15.512999534606934,74.29499816894531
1715,30.993999481201172,45.027000427246094,52.862998962402344
1718,3.009000062942505,51.52000045776367,14.6899995803833
1721,73.05899810791016,4.89900016784668,97.86699676513672
1724,49.551998138427734,98.51100158691406,93.86000061035156
1727,54.222999572753906,49.19499969482422,76.37100219726563
1730,97.6719970703125,17.547000885009766,53.99800109863281
1733,38.428001403808594,16.118999481201172,99.0009994506836
1736,14.133000373840332,52.49800109863281,62.72700119018555
1739,35.26300048828125,60.83399963378906,68.05799865722656
1742,29.95800018310547,38.053001403808594,64.36900329589844
1745,92.88800048828125,15.694000244140625,21.202999114990234
1748,29.131000518798828,75.27999877929688,46.720001220703125
1751,68.7030029296875,57.64699935913086,69.74800109863281
1754,92.01499938964844,87.27799987792969,51.611000061035156
1757,76.38300323486328,49.222999572753906,52.34600067138672
1760,43.9370002746582,5.663000106811523,19.966999053955078
1763,16.89699935913086,24.156999588012695,38.52399826049805
1766,54.34199905395508,97.49700164794922,26.611000061035156
1769,38.520999908447266,95.4739990234375,73.2699966430664
1772,66.41899871826172,34.31399917602539,29.115999221801758
1775,70.92900085449219,22.677000045776367,48.58300018310547
1778,54.862998962402344,11.440999984741211,49.314998626708984
1781,11.666000366210938,18.430999755859375,73.3270034790039
1784,23.81399917602539,47.58000183105469,29.56100082397461
1787,84.95899963378906,90.77100372314453,53.196998596191406
1790,73.98999786376953,47.542999267578125,8.984000205993652
1793,79.45600128173828,51.827999114990234,38.632999420166016
1796,3.677999973297119,25.30900001525879,7.945000171661377
1799,38.356998443603516,67.81400299072266,81.81700134277344
1802,69.27999877929688,71.37799835205078,93.10600280761719
1805,61.47700119018555,32.87200164794922,13.218000411987305
1808,44.71799850463867,36.9640007019043,81.35900115966797
1811,86.66400146484375,41.159000396728516,46.4640007019043
1814,28.11199951171875,26.624000549316406,73.66000366210938
1817,49.99399948120117,53.28300094604492,71.90499877929688
1820,4.883999824523926,2.385999917984009,81.61900329589844
1823,69.50700378417969,96.01000213623047,3.881999969482422
1826,70.34300231933594,15.942000389099121,84.49500274658203
1829,26.9060001373291,98.4990005493164,93.62300109863281
1832,63.28900146484375,55.891998291015625,35.37799835205078
1835,73.06999969482422,18.73699951171875,1.4600000381469727
1838,31.26300048828125,5.538000106811523,70.97000122070313
1841,11.770999908447266,95.52799987792969,94.81300354003906
1844,92.75199890136719,41.983001708984375,87.90499877929688
1847,31.711999893188477,7.460000038146973,56.4630012512207
1850,95.42500305175781,89.5260009765625,63.2400016784668
1853,44.696998596191406,57.80799865722656,71.66300201416016
1856,42.066001892089844,80.44999694824219,25.679000854492188
1859,5.941999912261963,15.401000022888184,74.76899719238281
1862,71.10099792480469,16.316999435424805,50.625999450683594
1865,26.836000442504883,49.564998626708984,57.4119987487793
1868,2.802000045776367,57.305999755859375,12.281000137329102
1871,72.85299682617188,64.78500366210938,20.64299964904785
1874,51.11899948120117,68.78500366210938,17.427000045776367
1877,92.69200134277344,51.9900016784668,53.029998779296875
1880,54.00600051879883,55.305999755859375,82.05000305175781
1883,33.34400177001953,81.76699829101563,20.725000381469727
1886,92.72599792480469,18.79599952697754,7.27400016784668
1889,93.51200103759766,91.14700317382813,10.866000175476074
1892,81.1989974975586,43.12099838256836,99.0
1895,5.510000228881836,84.01599884033203,70.58899688720703
1898,7.271999835968018,39.00299835205078,25.538999557495117
1901,23.89699935913086,60.40299987792969,18.878999710083008
1904,50.89699935913086,67.98200225830078,94.89099884033203
1907,15.423999786376953,60.119998931884766,32.327999114990234
1910,25.509000778198242,66.59100341796875,29.30299949645996
1913,0.859000027179718,96.74700164794922,44.32699966430664
1916,49.4739990234375,62.27299880981445,1.972000002861023
1919,98.06300354003906,46.65700149536133,83.12200164794922
1922,44.20899963378906,96.72799682617188,71.91200256347656
1925,95.4229965209961,70.31800079345703,64.18499755859375
1928,76.3759994506836,55.64799880981445,90.9729995727539
1931,83.96499633789063,60.05400085449219,83.23400115966797
1934,74.01799774169922,97.21900177001953,50.04399871826172
1937,50.08000183105469,63.56999969482422,19.57200050354004
1940,71.84700012207031,76.01300048828125,23.319000244140625
1943,25.163999557495117,67.13500213623047,93.5270004272461
1946,12.097999572753906,17.452999114990234,51.56800079345703
1949,21.187999725341797,15.736000061035156,5.97599983215332
1952,25.8439998626709,58.10100173950195,1.0829999446868896
1955,53.95000076293945,53.30099868774414,2.734999895095825
1958,90.8759994506836,0.5090000033378601,74.302001953125
1961,2.0789999961853027,75.07499694824219,47.86000061035156
1964,57.85300064086914,40.54199981689453,92.69400024414063
1967,66.61199951171875,32.8390007019043,74.63800048828125
1970,24.97800064086914,87.13700103759766,32.0260009765625
1973,20.785999298095703,71.46099853515625,62.553001403808594
1976,73.1989974975586,99.18699645996094,84.62899780273438
1979,46.36800003051758,31.617000579833984,55.33300018310547
1982,6.145999908447266,40.86199951171875,16.648000717163086
1985,80.33300018310547,77.91200256347656,18.016000747680664
1988,66.56400299072266,69.58399963378906,84.85199737548828
1991,10.20199966430664,92.36000061035156,80.56099700927734
1994,61.1510009765625,6.610000133514404,32.58399963378906
1997,95.44200134277344,91.01499938964844,20.775999069213867
2000,59.465999603271484,72.61599731445313,34.71900177001953
2003,77.01499938964844,13.515000343322754,18.84600067138672
2006,77.43800354003906,60.551998138427734,83.94200134277344
2009,42.840999603271484,81.92900085449219,16.30500030517578
2012,56.983001708984375,37.41899871826172,42.48099899291992
2015,33.00899887084961,58.71099853515625,46.316001892089844
2018,2.130000114440918,1.4450000524520874,67.0989990234375
2021,39.012001037597656,68.0739974975586,77.2030029296875
2024,83.95800018310547,42.652000427246094,83.92500305175781
2027,41.06399917602539,7.014999866485596,60.513999938964844
2030,66.6449966430664,14.868000030517578,63.91299819946289
2033,16.440000534057617,95.125,75.9000015258789
2036,77.71099853515625,77.41600036621094,47.32500076293945
2039,4.386000156402588,20.923999786376953,11.36400032043457
2042,34.428001403808594,9.765000343322754,38.66899871826172
2045,44.74800109863281,42.61600112915039,86.18499755859375
2048,2.5490000247955322,77.50399780273438,42.5620002746582
2051,26.857999801635742,21.04400062561035,49.13100051879883
2054,78.52100372314453,81.06800079345703,9.027000427246094
2057,52.17900085449219,46.928001403808594,96.88700103759766
2060,23.257999420166016,11.595999717712402,75.61100006103516
2063,14.847999572753906,12.64900016784668,5.755000114440918
2066,86.74299621582031,72.02899932861328,86.11599731445313
2069,72.3949966430664,91.84500122070313,52.757999420166016
2072,32.01300048828125,59.534000396728516,50.07899856567383
2075,20.420000076293945,2.884999990463257,26.118999481201172
2078,75.70099639892578,86.7490005493164,51.61600112915039
2081,51.499000549316406,8.972999572753906,1.9240000247955322
2084,55.43000030517578,95.6729965209961,31.746999740600586
2087,41.02399826049805,35.446998596191406,69.43900299072266
2090,19.100000381469727,35.25600051879883,54.81100082397461
2093,88.2699966430664,70.31999969482422,97.44000244140625
2096,75.14600372314453,24.05699920654297,87.79199981689453
2099,57.46500015258789,54.016998291015625,78.3239974975586
2102,79.53500366210938,40.1609992980957,65.74700164794922
2105,29.023000717163086,75.37200164794922,6.507999897003174
2108,18.665000915527344,57.26900100708008,30.542999267578125
2111,24.499000549316406,36.16699981689453,47.612998962402344
2114,74.3489990234375,0.6579999923706055,45.59600067138672
2117,89.50599670410156,21.014999389648438,81.66999816894531
2120,74.71700286865234,4.638999938964844,19.165000915527344
2123,92.53299713134766,76.14700317382813,88.14900207519531
2126,93.48100280761719,35.525001525878906,21.48200035095215
2129,83.68099975585938,27.256999969482422,39.33100128173828
2132,50.57899856567383,94.04399871826172,77.98899841308594
2135,7.605999946594238,4.9070000648498535,11.428999900817871
2138,71.46199798583984,13.052000045776367,70.50199890136719
2141,11.61400032043457,87.18199920654297,13.354999542236328
2144,99.23400115966797,17.9060001373291,29.417999267578125
2147,27.280000686645508,36.97700119018555,48.73899841308594
2150,65.31900024414063,34.74700164794922,20.67300033569336
2153,88.53700256347656,18.850000381469727,64.50900268554688
2156,32.257999420166016,35.426998138427734,6.131999969482422
2159,88.17500305175781,44.75899887084961,21.655000686645508
2162,68.62100219726563,47.53499984741211,13.503999710083008
2165,35.82400131225586,85.86299896240234,15.215999603271484
2168,82.08200073242188,60.06800079345703,1.690000057220459
2171,27.75,47.125999450683594,3.0859999656677246
2174,97.0719985961914,66.51699829101563,23.547000885009766
2177,69.0459976196289,89.80599975585938,42.68899917602539
2180,98.23100280761719,26.08799934387207,27.81800079345703
2183,9.803000450134277,84.2509994506836,60.810001373291016
2186,85.13200378417969,82.64700317382813,20.54400062561035
2189,22.08799934387207,93.33200073242188,49.64400100708008
2192,30.045000076293945,64.48899841308594,26.256000518798828
2195,72.40899658203125,87.31500244140625,29.333999633789063
2198,21.089000701904297,15.661999702453613,29.726999282836914
2201,7.739999771118164,17.76799964904785,93.23500061035156
2204,58.611000061035156,75.572998046875,1.8550000190734863
2207,72.51200103759766,4.89300012588501,2.056999921798706
2210,23.100000381469727,57.8129997253418,91.55899810791016
2213,67.63500213623047,32.66899871826172,96.36299896240234
2216,80.13200378417969,95.302001953125,38.303001403808594
2219,69.4489974975586,3.421999931335449,36.0620002746582
2222,23.722999572753906,92.1760025024414,40.52799987792969
2225,36.005001068115234,82.95500183105469,57.625
2228,91.30799865722656,4.113999843597412,28.665000915527344
2231,88.45999908447266,61.89099884033203,35.233001708984375
2234,5.60099983215332,74.05400085449219,31.259000778198242
2237,26.785999298095703,96.72000122070313,71.31400299072266
2240,79.5770034790039,57.1879997253418,57.70100021362305
2243,10.925000190734863,39.70100021362305,86.2249984741211
2246,42.415000915527344,83.93599700927734,77.6259994506836
2249,58.6349983215332,66.0780029296875,66.9229965209961
2252,41.487998962402344,58.7400016784668,75.4229965209961
2255,45.67399978637695,52.77799987792969,0.38999998569488525
2258,3.315999984741211,4.425000190734863,42.46500015258789
2261,18.79599952697754,31.66200065612793,3.4690001010894775
2264,91.1719970703125,44.79800033569336,12.838000297546387
2267,95.88600158691406,7.605000019073486,0.7799999713897705
2270,90.93599700927734,75.45500183105469,91.01899719238281
2273,25.472999572753906,77.05999755859375,92.15599822998047
2276,10.53499984741211,19.055999755859375,25.423999786376953
2279,78.41100311279297,14.758000373840332,14.85200023651123
2282,79.33399963378906,19.642000198364258,39.57600021362305
2285,78.12200164794922,95.11900329589844,60.606998443603516
2288,85.76100158691406,61.37799835205078,28.910999298095703
2291,63.060001373291016,4.756999969482422,23.60700035095215
2294,18.14900016784668,88.75399780273438,51.67100143432617
2297,99.33100128173828,63.8380012512207,92.21600341796875
2300,57.737998962402344,71.39199829101563,93.66899871826172
2303,99.65799713134766,74.56199645996094,90.81300354003906
2306,96.13500213623047,45.904998779296875,58.44499969482422
2309,38.465999603271484,66.6780014038086,27.97100067138672
2312,1.8539999723434448,56.9370002746582,55.268001556396484
2315,93.00599670410156,0.5239999890327454,91.20999908447266
2318,67.30000305175781,33.32099914550781,71.69999694824219
2321,76.25800323486328,96.927001953125,38.637001037597656
2324,87.64800262451172,54.05400085449219,17.231000900268555
2327,28.466999053955078,32.367000579833984,34.9109992980957
2330,83.00399780273438,10.22599983215332,73.54000091552734
2333,16.402999877929688,82.59500122070313,87.93900299072266
2336,96.76599884033203,82.88999938964844,79.40799713134766
2339,54.869998931884766,93.98999786376953,94.08999633789063
2342,36.8650016784668,28.788000106811523,63.46099853515625
2345,83.03600311279297,11.026000022888184,94.68099975585938
2348,40.319000244140625,52.770999908447266,68.8010025024414
2351,37.42100143432617,25.040000915527344,66.08799743652344
2354,25.79599952697754,95.68800354003906,61.07600021362305
2357,34.38800048828125,11.836999893188477,6.958000183105469
2360,2.49399995803833,41.369998931884766,86.83399963378906
2363,7.603000164031982,25.761999130249023,93.56700134277344
2366,64.95700073242188,72.11499786376953,19.011999130249023
2369,77.73799896240234,73.41500091552734,27.305999755859375
2372,60.40800094604492,65.45999908447266,69.86399841308594
2375,82.57099914550781,63.334999084472656,70.37899780273438
2378,81.1989974975586,84.01300048828125,32.558998107910156
2381,82.64099884033203,19.711000442504883,69.53800201416016
2384,38.04999923706055,21.322999954223633,29.349000930786133
2387,6.368000030517578,15.199000358581543,98.94200134277344
2390,78.9219970703125,43.933998107910156,55.643001556396484
2393,89.69599914550781,80.11599731445313,62.06999969482422
2396,2.1700000762939453,12.62399959564209,60.54499816894531
2399,52.334999084472656,24.80900001525879,64.14700317382813
2402,45.071998596191406,15.718000411987305,62.029998779296875
2405,74.01200103759766,54.849998474121094,81.96600341796875
2408,9.875,70.86499786376953,27.101999282836914
2411,16.417999267578125,22.48699951171875,48.792999267578125
2414,86.38200378417969,45.29199981689453,75.13800048828125
2417,16.822999954223633,16.780000686645508,69.40499877929688
2420,6.183000087738037,88.11299896240234,95.1050033569336
2423,84.53600311279297,49.35900115966797,45.47999954223633
2426,7.26200008392334,14.644000053405762,83.08699798583984
2429,84.95999908447266,66.27899932861328,94.61000061035156
2432,89.5770034790039,39.97200012207031,12.949999809265137
2435,77.84100341796875,4.014999866485596,10.706000328063965
2438,76.51300048828125,41.13800048828125,55.797000885009766
2441,49.89400100708008,12.359000205993652,30.496999740600586
2444,42.99399948120117,17.638999938964844,78.52899932861328
2447,7.48199987411499,70.59600067138672,31.982999801635742
2450,46.16899871826172,58.430999755859375,87.23899841308594
2453,28.542999267578125,30.773000717163086,12.538000106811523
2456,14.473999977111816,53.97800064086914,20.91699981689453
2459,59.7140007019043,44.79399871826172,93.32099914550781
2462,30.125,21.601999282836914,1.1670000553131104
2465,45.70399856567383,12.097999572753906,69.41799926757813
2468,78.93699645996094,57.26599884033203,83.45700073242188
2471,70.49800109863281,78.35700225830078,94.03099822998047
2474,41.10900115966797,79.4229965209961,61.57899856567383
2477,13.107999801635742,4.361000061035156,73.23400115966797
2480,78.06600189208984,36.61899948120117,63.68600082397461
2483,40.4119987487793,45.939998626708984,64.29900360107422
2486,62.472999572753906,32.733001708984375,45.56100082397461
2489,56.361000061035156,37.69300079345703,21.34600067138672
2492,63.27899932861328,79.38800048828125,81.73799896240234
2495,48.02199935913086,8.128000259399414,80.19200134277344
2498,98.34600067138672,74.64600372314453,37.64400100708008
2501,50.77399826049805,16.2189998626709,3.371000051498413
2504,96.75800323486328,94.052001953125,98.71099853515625
2507,20.915000915527344,53.3120002746582,89.51899719238281
2510,46.507999420166016,11.803000450134277,53.354000091552734
2513,76.49600219726563,51.9010009765625,91.09400177001953
2516,29.969999313354492,53.124000549316406,37.50699996948242
2519,15.605999946594238,73.48300170898438,83.5770034790039
2522,60.58599853515625,72.84200286865234,43.37799835205078
2525,98.9219970703125,70.8030014038086,29.636999130249023
2528,49.42300033569336,62.053001403808594,50.77399826049805
2531,88.47599792480469,39.42100143432617,42.06100082397461
2534,6.620999813079834,39.0620002746582,62.1349983215332
2537,84.25599670410156,99.14900207519531,19.10700035095215
2540,84.7300033569336,41.347999572753906,51.92499923706055
2543,4.170000076293945,75.02300262451172,33.452999114990234
2546,38.95399856567383,91.41899871826172,11.829000473022461
2549,20.674999237060547,27.09600067138672,25.711000442504883
2552,65.0260009765625,34.702999114990234,87.05799865722656
2555,38.617000579833984,77.10199737548828,23.650999069213867
2558,15.352999687194824,15.541000366210938,88.01399993896484
2561,14.866999626159668,93.84500122070313,6.406000137329102
2564,51.85300064086914,8.017999649047852,34.88600158691406
2567,43.0260009765625,34.86899948120117,63.68899917602539
2570,69.56099700927734,70.05699920654297,6.710999965667725
2573,92.85099792480469,65.90399932861328,84.21700286865234
2576,78.28099822998047,26.652999877929688,13.907999992370605
2579,16.551000595092773,62.15399932861328,41.89699935913086
2582,94.53299713134766,77.40499877929688,18.288999557495117
2585,74.03199768066406,61.25899887084961,37.86899948120117
2588,25.36199951171875,85.93199920654297,5.36899995803833
2591,80.45600128173828,78.93800354003906,88.40699768066406
2594,79.4749984741211,87.49800109863281,57.9119987487793
2597,56.01100158691406,1.718000054359436,6.443999767303467
2600,42.000999450683594,53.840999603271484,53.486000061035156
2603,30.906999588012695,6.9770002365112305,89.61199951171875
2606,14.928000450134277,52.21799850463867,98.0530014038086
2609,76.72000122070313,30.04800033569336,43.99300003051758
2612,57.499000549316406,78.09100341796875,44.029998779296875
2615,90.08200073242188,38.1619987487793,0.5960000157356262
2618,22.128999710083008,82.23500061035156,14.00100040435791
2621,1.3769999742507935,30.94099998474121,49.58399963378906
2624,89.04199981689453,10.020999908447266,50.33399963378906
2627,94.77300262451172,23.909000396728516,47.630001068115234
2630,40.31399917602539,24.01099967956543,79.23899841308594
2633,19.913000106811523,58.69900131225586,36.98500061035156
2636,54.71099853515625,47.60900115966797,11.812999725341797
2639,81.30599975585938,33.28099822998047,29.058000564575195
2642,15.940999984741211,70.9260025024414,34.14400100708008
2645,1.6729999780654907,21.952999114990234,65.8270034790039
2648,75.05999755859375,46.9739990234375,87.89800262451172
2651,46.70100021362305,54.42499923706055,79.13999938964844
2654,68.22200012207031,84.46800231933594,73.52999877929688
2657,39.82600021362305,43.7140007019043,80.84200286865234
2660,63.20199966430664,92.59400177001953,29.81999969482422
2663,94.79000091552734,31.368000030517578,25.89299964904785
2666,3.621999979019165,85.89600372314453,57.50699996948242
2669,89.08899688720703,29.469999313354492,48.909000396728516
2672,45.097999572753906,13.383000373840332,50.577999114990234
2675,97.22599792480469,37.16899871826172,72.86799621582031
2678,92.20600128173828,56.36800003051758,33.125
2681,11.932999610900879,89.71800231933594,61.63800048828125
2684,35.89400100708008,44.57099914550781,7.5279998779296875
2687,90.88999938964844,36.58700180053711,69.11000061035156
2690,20.31999969482422,3.072000026702881,58.880001068115234
2693,72.16300201416016,43.76900100708008,68.30500030517578
2696,87.27999877929688,9.765000343322754,86.21700286865234
2699,95.99400329589844,20.13800048828125,29.5049991607666
2702,93.875,26.79800033569336,89.1050033569336
2705,19.26300048828125,45.91699981689453,13.234999656677246
2708,96.39600372314453,5.000999927520752,40.45199966430664
2711,41.31999969482422,22.50200080871582,68.45899963378906
2714,21.083999633789063,2.5199999809265137,72.11499786376953
2717,5.073999881744385,54.33399963378906,93.44400024414063
2720,42.03499984741211,49.2599983215332,23.37700080871582
2723,33.595001220703125,16.04800033569336,51.2400016784668
2726,67.302001953125,39.698001861572266,89.1709976196289
2729,80.72599792480469,65.28900146484375,81.65599822998047
2732,97.02300262451172,95.41699981689453,54.18199920654297
2735,49.415000915527344,33.77199935913086,39.8129997253418
2738,5.672999858856201,93.34400177001953,82.09300231933594
2741,97.80400085449219,37.150001525878906,53.141998291015625
2744,15.777000427246094,42.099998474121094,9.444000244140625
2747,95.04100036621094,92.30500030517578,31.2189998626709
2750,16.503000259399414,49.0880012512207,93.53099822998047
2753,95.24700164794922,1.3960000276565552,23.847999572753906
2756,87.63999938964844,15.291999816894531,3.3480000495910645
2759,33.73099899291992,0.9890000224113464,67.49400329589844
2762,37.630001068115234,35.55400085449219,56.948001861572266
2765,9.022000312805176,25.698999404907227,4.074999809265137
2768,6.571000099182129,8.673999786376953,99.18099975585938
2771,51.07400131225586,69.9469985961914,30.198999404907227
2774,8.324999809265137,99.74800109863281,8.5
2777,70.3740005493164,88.86499786376953,54.43600082397461
2780,67.95800018310547,70.91999816894531,72.93599700927734
2783,96.19400024414063,96.98100280761719,61.62799835205078
2786,79.01100158691406,93.96700286865234,28.75
2789,48.42100143432617,17.93899917602539,71.7030029296875
2792,94.2030029296875,54.027000427246094,90.7239990234375
2795,51.11899948120117,83.83000183105469,50.95100021362305
2798,12.470000267028809,28.024999618530273,71.06600189208984
2801,42.676998138427734,29.016000747680664,8.725000381469727
2804,42.35200119018555,35.28300094604492,29.615999221801758
2807,86.60099792480469,4.5229997634887695,14.265999794006348
2810,70.93099975585938,60.57899856567383,45.01499938964844
2813,83.96499633789063,54.744998931884766,87.98500061035156
2816,14.109000205993652,12.961999893188477,42.7869987487793
2819,97.51699829101563,70.43599700927734,59.29199981689453
2822,31.209999084472656,65.69400024414063,54.98099899291992
2825,57.117000579833984,91.62699890136719,73.1719970703125
2828,90.8740005493164,81.20500183105469,80.62699890136719
2831,8.545999526977539,17.009000778198242,74.05799865722656
2834,91.52100372314453,64.83699798583984,80.87999725341797
2837,85.22799682617188,86.62999725341797,90.13300323486328
2840,61.374000549316406,83.58000183105469,37.3489990234375
2843,76.85199737548828,31.625,41.78799819946289
2846,49.74800109863281,66.50900268554688,49.104000091552734
2849,53.152000427246094,59.94200134277344,36.948001861572266
2852,85.77300262451172,36.452999114990234,97.56600189208984
2855,17.025999069213867,37.457000732421875,66.19400024414063
2858,35.96200180053711,75.85399627685547,2.8259999752044678
2861,83.2770004272461,63.0890007019043,29.445999145507813
2864,43.571998596191406,79.4739990234375,38.65700149536133
2867,94.46800231933594,4.086999893188477,19.972000122070313
2870,72.37300109863281,59.39500045776367,81.10399627685547
2873,10.805000305175781,36.41600036621094,86.39099884033203
2876,80.53099822998047,58.297000885009766,28.91900062561035
2879,95.71800231933594,37.04600143432617,61.27899932861328
2882,45.612998962402344,49.9119987487793,96.8479995727539
2885,32.96099853515625,23.365999221801758,36.68899917602539
2888,63.78300094604492,40.9010009765625,34.867000579833984
2891,15.989999771118164,14.569000244140625,64.29399871826172
2894,83.16899871826172,30.033000946044922,70.822998046875
2897,60.24800109863281,86.34400177001953,15.35099983215332
2900,2.256999969482422,62.029998779296875,22.7189998626709
2903,78.06900024414063,92.84500122070313,7.311999797821045
2906,31.822999954223633,22.583999633789063,52.1879997253418
2909,43.05400085449219,5.309000015258789,65.38400268554688
2912,96.63700103759766,23.920000076293945,1.5859999656677246
2915,29.135000228881836,42.76100158691406,40.14799880981445
2918,83.64199829101563,82.53399658203125,44.231998443603516
2921,21.89299964904785,25.868999481201172,5.146999835968018
2924,36.599998474121094,67.2750015258789,83.76399993896484
2927,32.02899932861328,86.53900146484375,13.902999877929688
2930,44.52000045776367,73.1500015258789,91.22899627685547
2933,91.98200225830078,38.084999084472656,15.583999633789063
2936,17.55299949645996,43.56399917602539,60.108001708984375
2939,28.555999755859375,84.74700164794922,50.013999938964844
2942,7.335999965667725,65.43000030517578,46.542999267578125
2945,96.46900177001953,11.180000305175781,33.18199920654297
2948,10.972000122070313,16.32699966430664,75.82499694824219
2951,18.65399932861328,73.06800079345703,64.82099914550781
2954,39.90800094604492,36.54899978637695,66.95500183105469
2957,75.80599975585938,54.900001525878906,74.05699920654297
2960,29.152000427246094,97.53900146484375,34.319000244140625
2963,26.743000030517578,57.507999420166016,6.901000022888184
2966,93.9000015258789,30.68199920654297,88.2229995727539
2969,9.086000442504883,72.72899627685547,25.44499969482422
2972,48.77199935913086,11.142000198364258,88.70899963378906
2975,55.65599822998047,13.244999885559082,84.13999938964844
2978,75.6989974975586,2.240999937057495,93.30799865722656
2981,39.58100128173828,63.45199966430664,28.239999771118164
2984,6.361000061035156,5.4710001945495605,82.11900329589844
2987,64.23699951171875,39.106998443603516,94.10700225830078
2990,97.27899932861328,76.18399810791016,19.242000579833984
2993,68.58499908447266,52.0890007019043,62.70199966430664
2996,76.36599731445313,63.6879997253418,36.82600021362305
2999,59.78099822998047,62.3129997253418,42.25
