2	0.2714 
 5	0.1185 
 8	0.2533 
 11	0.2083 
 14	0.2425 
 17	0.2289 
 20	0.1979 
 23	0.1701 
 26	0.1717 
 29	0.3736 
 32	0.2290 
 35	0.1070 
 38	0.2478 
 41	0.1484 
 44	0.1303 
 47	0.2324 
 50	0.1938 
 53	0.4441 
 56	0.1516 
 59	0.3329 
 62	0.1436 
 65	0.2246 
 68	0.2779 
 71	0.1773 
 74	0.2754 
 77	0.1542 
 80	0.2284 
 83	0.3469 
 86	0.2860 
 89	0.1396 
 92	0.3220 
 95	0.2336 
 98	0.1702 
 101	0.1861 
 104	0.2593 
 107	0.1348 
 110	0.1511 
 113	0.1408 
 116	0.4470 
 119	0.2359 
 122	0.1952 
 125	0.1629 
 128	0.0427 
 131	0.2063 
 134	0.0784 
 137	0.1485 
 140	0.2128 
 143	0.2216 
 146	0.3792 
 149	0.2287 
 152	0.4656 
 155	0.1466 
 158	0.4565 
 161	0.3399 
 164	0.2350 
 167	0.2779 
 170	0.1601 
 173	0.2119 
 176	0.3743 
 179	0.2810 
 182	0.1615 
 185	0.1791 
 188	0.1847 
 191	0.2584 
 194	0.1676 
 197	0.1070 
 200	0.2105 
 203	0.1966 
 206	0.2157 
 209	0.4233 
 212	0.1532 
 215	0.3860 
 218	0.2788 
 221	0.4628 
 224	0.1715 
 227	0.0848 
 230	0.3433 
 233	0.4490 
 236	0.2567 
 239	0.1841 
 242	0.2018 
 245	0.0944 
 248	0.2212 
 251	0.3038 
 254	0.2491 
 257	0.2203 
 260	0.0923 
 263	0.3079 
 266	0.2077 
 269	0.1428 
 272	0.2618 
 275	0.3139 
 278	0.2525 
 281	0.1486 
 284	0.2121 
 287	0.1997 
 290	0.5160 
 293	0.3616 
 296	0.1942 
 299	0.3158 
 302	0.3239 
 305	0.2392 
 308	0.2355 
 311	0.3223 
 314	0.1363 
 317	0.2294 
 320	0.2069 
 323	0.2646 
 326	0.3431 
 329	0.1587 
 332	0.0973 
 335	0.2496 
 338	0.2432 
 341	0.1715 
 344	0.1130 
 347	0.2572 
 350	0.1565 
 353	0.0944 
 356	0.1792 
 359	0.2811 
 362	0.2278 
 365	0.1738 
 368	0.1333 
 371	0.1824 
 374	0.3049 
 377	0.1224 
 380	0.1618 
 383	0.1962 
 386	0.4633 
 389	0.4745 
 392	0.2726 
 395	0.1564 
 398	0.1232 
 401	0.1609 
 404	0.0773 
 407	0.2125 
 410	0.1852 
 413	0.1662 
 416	0.1587 
 419	0.1372 
 422	0.2246 
 425	0.2434 
 428	0.2685 
 431	0.1573 
 434	0.2737 
 437	0.1651 
 440	0.2112 
 443	0.1746 
 446	0.0641 
 449	0.2599 
 452	0.2108 
 455	0.6652 
 458	0.1740 
 461	0.3105 
 464	0.1274 
 467	0.3780 
 470	0.2703 
 473	0.3025 
 476	0.0760 
 479	0.3236 
 482	0.1203 
 485	0.2028 
 488	0.2440 
 491	0.2596 
 494	0.2079 
 497	0.1964 
 500	0.2799 
 503	0.1658 
 506	0.3727 
 509	0.1535 
 512	0.1634 
 515	0.3850 
 518	0.1724 
 521	0.3346 
 524	0.3095 
 527	0.1730 
 530	0.2806 
 533	0.2815 
 536	0.1607 
 539	0.2548 
 542	0.2435 
 545	0.2004 
 548	0.2244 
 551	0.1396 
 554	0.2174 
 557	0.2398 
 560	0.1506 
 563	0.2308 
 566	0.2674 
 569	0.2117 
 572	0.2654 
 575	0.1500 
 578	0.3209 
 581	0.4180 
 584	0.4111 
 587	0.1953 
 590	0.1345 
 593	0.6898 
 596	0.1867 
 599	0.2359 
 602	0.1493 
 605	0.1304 
 608	0.1097 
 611	0.1710 
 614	0.1401 
 617	0.2566 
 620	0.1585 
 623	0.2588 
 626	0.1455 
 629	0.2337 
 632	0.2350 
 635	0.1926 
 638	0.1388 
 641	0.1225 
 644	0.2552 
 647	0.3056 
 650	0.2126 
 653	0.2035 
 656	0.1287 
 659	0.2767 
 662	0.1147 
 665	0.2703 
 668	0.2766 
 671	0.1061 
 674	0.1453 
 677	0.0737 
 680	0.3243 
 683	0.2803 
 686	0.1801 
 689	0.1618 
 692	0.1206 
 695	0.6058 
 698	0.3000 
 701	0.2370 
 704	0.0994 
 707	0.2245 
 710	0.1887 
 713	0.1872 
 716	0.3009 
 719	0.2709 
 722	0.2077 
 725	0.2571 
 728	0.2621 
 731	0.2426 
 734	0.2858 
 737	0.2601 
 740	0.2433 
 743	0.3562 
 746	0.1341 
 749	0.2456 
 752	0.3296 
 755	0.0615 
 758	0.2234 
 761	0.3287 
 764	0.3393 
 767	0.3152 
 770	0.2078 
 773	0.1418 
 776	0.2101 
 779	0.2661 
 782	0.2378 
 785	0.3478 
 788	0.2440 
 791	0.1133 
 794	0.2234 
 797	0.1791 
 800	0.2026 
 803	0.2186 
 806	0.1639 
 809	0.3252 
 812	0.1925 
 815	0.3977 
 818	0.2258 
 821	0.3100 
 824	0.3551 
 827	0.0895 
 830	0.3247 
 833	0.3202 
 836	0.1996 
 839	0.1973 
 842	0.2574 
 845	0.0995 
 848	0.2685 
 851	0.2702 
 854	0.1538 
 857	0.2382 
 860	0.1189 
 863	0.1870 
 866	0.2120 
 869	0.1956 
 872	0.2355 
 875	0.7793 
 878	0.4921 
 881	0.3660 
 884	0.2955 
 887	0.5125 
 890	0.2096 
 893	0.4933 
 896	0.3010 
 899	0.2893 
 902	0.1833 
 905	0.2326 
 908	0.3884 
 911	0.3188 
 914	0.3126 
 917	0.6453 
 920	0.2151 
 923	0.1983 
 926	0.1422 
 929	0.1339 
 932	0.2922 
 935	0.2913 
 938	0.1948 
 941	0.3025 
 944	0.2312 
 947	0.1843 
 950	0.2038 
 953	0.2782 
 956	0.1276 
 959	0.2519 
 962	0.2902 
 965	0.2786 
 968	0.2124 
 971	0.2604 
 974	0.3221 
 977	0.2129 
 980	0.1467 
 983	0.3203 
 986	0.1800 
 989	0.3277 
 992	0.2478 
 995	0.1208 
 998	0.2316 
 1001	0.1387 
 1004	0.2226 
 1007	0.1529 
 1010	0.2337 
 1013	0.2726 
 1016	0.0992 
 1019	0.2054 
 1022	0.1692 
 1025	0.3716 
 1028	0.2108 
 1031	0.1605 
 1034	0.2286 
 1037	0.3043 
 1040	0.2349 
 1043	0.0854 
 1046	0.2224 
 1049	0.1739 
 1052	0.3772 
 1055	0.1538 
 1058	0.2479 
 1061	0.1839 
 1064	0.3026 
 1067	0.3117 
 1070	0.2540 
 1073	0.3456 
 1076	0.2655 
 1079	0.4282 
 1082	0.2896 
 1085	0.5734 
 1088	0.1941 
 1091	0.2141 
 1094	0.4120 
 1097	0.1607 
 1100	0.3067 
 1103	0.3289 
 1106	0.3095 
 1109	0.3152 
 1112	0.1424 
 1115	0.1900 
 1118	0.1703 
 1121	0.1144 
 1124	0.1222 
 1127	0.4748 
 1130	0.1541 
 1133	0.2476 
 1136	0.2397 
 1139	0.2549 
 1142	0.2516 
 1145	0.2530 
 1148	0.3333 
 1151	0.2129 
 1154	0.1992 
 1157	0.2942 
 1160	0.3508 
 1163	0.2125 
 1166	0.1841 
 1169	0.3012 
 1172	0.2200 
 1175	0.2866 
 1178	0.1517 
 1181	0.1662 
 1184	0.3375 
 1187	0.2956 
 1190	0.1540 
 1193	0.1619 
 1196	0.1354 
 1199	0.1514 
 1202	0.4304 
 1205	0.1568 
 1208	0.1702 
 1211	0.3228 
 1214	0.1657 
 1217	0.2611 
 1220	0.3365 
 1223	0.2634 
 1226	0.2206 
 1229	0.1457 
 1232	0.1486 
 1235	0.7175 
 1238	0.0783 
 1241	0.1484 
 1244	0.2431 
 1247	0.2134 
 1250	0.1353 
 1253	0.1771 
 1256	0.2229 
 1259	0.2492 
 1262	0.0347 
 1265	0.2389 
 1268	0.2360 
 1271	0.1805 
 1274	0.2991 
 1277	0.1620 
 1280	0.5481 
 1283	0.2543 
 1286	0.2244 
 1289	0.2919 
 1292	0.0916 
 1295	0.3618 
 1298	0.3721 
 1301	0.1043 
 1304	0.5396 
 1307	0.2385 
 1310	0.2186 
 1313	0.1802 
 1316	0.2650 
 1319	0.2840 
 1322	0.2507 
 1325	0.1746 
 1328	0.2349 
 1331	0.2884 
 1334	0.1618 
 1337	0.2023 
 1340	0.0593 
 1343	0.1809 
 1346	0.2220 
 1349	0.2710 
 1352	0.0796 
 1355	0.2356 
 1358	0.2347 
 1361	0.2537 
 1364	0.1647 
 1367	0.1967 
 1370	0.2096 
 1373	0.3901 
 1376	0.3417 
 1379	0.5037 
 1382	0.2482 
 1385	0.3546 
 1388	0.3102 
 1391	0.2410 
 1394	0.3125 
 1397	0.3191 
 1400	0.2482 
 1403	0.1899 
 1406	0.1376 
 1409	0.3648 
 1412	0.2635 
 1415	0.3079 
 1418	0.1243 
 1421	0.2445 
 1424	0.2155 
 1427	0.2227 
 1430	0.3331 
 1433	0.4484 
 1436	0.2936 
 1439	0.1855 
 1442	0.2328 
 1445	0.1032 
 1448	0.2423 
 1451	0.2973 
 1454	0.1926 
 1457	0.2552 
 1460	0.1332 
 1463	0.1384 
 1466	0.1944 
 1469	0.5579 
 1472	0.2417 
 1475	0.3034 
 1478	0.2107 
 1481	0.2819 
 1484	0.2794 
 1487	0.2546 
 1490	0.3249 
 1493	0.1706 
 1496	0.2512 
 1499	0.3585 
 1502	0.3462 
 1505	0.1378 
 1508	0.2180 
 1511	0.1167 
 1514	0.1723 
 1517	0.1891 
 1520	0.1615 
 1523	0.2972 
 1526	0.1776 
 1529	0.4342 
 1532	0.3403 
 1535	0.1536 
 1538	0.2438 
 1541	0.1882 
 1544	0.1208 
 1547	0.1790 
 1550	0.1765 
 1553	0.1424 
 1556	0.2808 
 1559	0.2526 
 1562	0.1378 
 1565	0.1475 
 1568	0.1573 
 1571	0.2053 
 1574	0.1741 
 1577	0.2608 
 1580	0.3172 
 1583	0.2561 
 1586	0.2852 
 1589	0.2451 
 1592	0.2589 
 1595	0.0774 
 1598	0.3022 
 1601	0.1623 
 1604	0.2229 
 1607	0.3426 
 1610	0.3513 
 1613	0.1892 
 1616	0.1877 
 1619	0.1569 
 1622	0.2774 
 1625	0.1868 
 1628	0.1575 
 1631	0.3139 
 1634	0.3576 
 1637	0.1451 
 1640	0.3749 
 1643	0.1275 
 1646	0.3070 
 1649	0.4239 
 1652	0.1312 
 1655	0.0814 
 1658	0.2450 
 1661	0.3976 
 1664	0.2603 
 1667	0.2629 
 1670	0.4075 
 1673	0.1775 
 1676	0.1815 
 1679	0.3230 
 1682	0.2435 
 1685	0.0993 
 1688	0.2171 
 1691	0.2164 
 1694	0.1865 
 1697	0.1833 
 1700	0.2753 
 1703	0.1745 
 1706	0.2291 
 1709	0.1090 
 1712	0.1353 
 1715	0.2813 
 1718	0.2878 
 1721	0.2640 
 1724	0.2969 
 1727	0.3537 
 1730	0.2926 
 1733	0.3005 
 1736	0.2013 
 1739	0.3687 
 1742	0.1952 
 1745	0.0949 
 1748	0.4439 
 1751	0.2009 
 1754	0.2297 
 1757	0.2706 
 1760	0.4689 
 1763	0.2135 
 1766	0.3009 
 1769	0.4824 
 1772	0.1583 
 1775	0.1888 
 1778	0.5911 
 1781	0.1657 
 1784	0.2987 
 1787	0.4517 
 1790	0.2169 
 1793	0.5774 
 1796	0.2083 
 1799	0.2158 
 1802	0.2173 
 1805	0.2630 
 1808	0.3658 
 1811	0.2491 
 1814	0.2579 
 1817	0.2894 
 1820	0.3056 
 1823	0.2932 
 1826	0.3055 
 1829	0.1886 
 1832	0.1983 
 1835	0.2068 
 1838	0.4001 
 1841	0.1604 
 1844	0.1134 
 1847	0.1794 
 1850	0.1461 
 1853	0.1291 
 1856	0.2178 
 1859	0.2383 
 1862	0.0961 
 1865	0.1625 
 1868	0.1893 
 1871	0.2992 
 1874	0.1391 
 1877	0.1559 
 1880	0.3513 
 1883	0.1738 
 1886	0.2949 
 1889	0.2915 
 1892	0.1570 
 1895	0.4836 
 1898	0.1305 
 1901	0.2293 
 1904	0.3467 
 1907	0.2027 
 1910	0.2308 
 1913	0.1253 
 1916	0.2461 
 1919	0.2138 
 1922	0.1554 
 1925	0.1285 
 1928	0.1513 
 1931	0.5187 
 1934	0.1395 
 1937	0.3948 
 1940	0.1153 
 1943	0.1399 
 1946	0.2266 
 1949	0.2400 
 1952	0.2414 
 1955	0.4592 
 1958	0.3110 
 1961	0.1320 
 1964	0.2292 
 1967	0.5652 
 1970	0.4030 
 1973	0.3077 
 1976	0.1569 
 1979	0.2806 
 1982	0.1964 
 1985	0.1242 
 1988	0.2936 
 1991	0.1862 
 1994	0.2216 
 1997	0.3510 
 2000	0.1737 
 2003	0.1626 
 2006	0.2084 
 2009	0.1155 
 2012	0.1996 
 2015	0.2274 
 2018	0.2085 
 2021	0.2811 
 2024	0.1343 
 2027	0.3561 
 2030	0.1366 
 2033	0.2554 
 2036	0.3211 
 2039	0.1681 
 2042	0.6096 
 2045	0.4665 
 2048	0.1764 
 2051	0.0840 
 2054	0.3026 
 2057	0.4225 
 2060	0.2328 
 2063	0.1856 
 2066	0.2184 
 2069	0.0957 
 2072	0.2594 
 2075	0.2054 
 2078	0.1769 
 2081	0.1985 
 2084	0.3227 
 2087	0.2909 
 2090	0.3690 
 2093	0.2714 
 2096	0.5536 
 2099	0.1662 
 2102	0.0876 
 2105	0.2707 
 2108	0.1452 
 2111	0.1735 
 2114	0.1421 
 2117	0.2650 
 2120	0.3373 
 2123	0.1810 
 2126	0.4467 
 2129	0.1494 
 2132	0.2445 
 2135	0.1284 
 2138	0.3450 
 2141	0.2659 
 2144	0.2268 
 2147	0.2922 
 2150	0.1354 
 2153	0.1647 
 2156	0.0803 
 2159	0.2017 
 2162	0.2505 
 2165	0.2177 
 2168	0.2519 
 2171	0.1390 
 2174	0.1342 
 2177	0.2857 
 2180	0.2107 
 2183	0.1444 
 2186	0.1576 
 2189	0.3455 
 2192	0.1298 
 2195	0.1989 
 2198	0.1315 
 2201	0.2795 
 2204	0.1407 
 2207	0.1248 
 2210	0.3028 
 2213	0.1376 
 2216	0.3299 
 2219	0.1608 
 2222	0.1416 
 2225	0.1836 
 2228	0.1520 
 2231	0.2761 
 2234	0.5394 
 2237	0.2261 
 2240	0.1343 
 2243	0.2181 
 2246	0.3136 
 2249	0.3885 
 2252	0.1540 
 2255	0.1806 
 2258	0.1281 
 2261	0.3215 
 2264	0.1365 
 2267	0.4022 
 2270	0.3313 
 2273	0.1667 
 2276	0.0934 
 2279	0.3111 
 2282	0.2374 
 2285	0.1534 
 2288	0.1824 
 2291	0.4612 
 2294	0.1418 
 2297	0.1133 
 2300	0.4246 
 2303	0.1484 
 2306	0.2597 
 2309	0.1294 
 2312	0.1744 
 2315	0.2366 
 2318	0.2671 
 2321	0.2152 
 2324	0.2302 
 2327	0.2301 
 2330	0.7124 
 2333	0.2592 
 2336	0.3019 
 2339	0.1764 
 2342	0.2847 
 2345	0.1791 
 2348	0.1538 
 2351	0.1773 
 2354	0.2790 
 2357	0.1347 
 2360	0.2651 
 2363	0.3050 
 2366	0.2917 
 2369	0.2222 
 2372	0.1421 
 2375	0.2090 
 2378	0.2842 
 2381	0.1315 
 2384	0.1367 
 2387	0.1294 
 2390	0.3055 
 2393	0.2343 
 2396	0.2062 
 2399	0.2108 
 2402	0.2540 
 2405	0.2340 
 2408	0.1921 
 2411	0.2501 
 2414	0.3190 
 2417	0.2560 
 2420	0.1939 
 2423	0.3074 
 2426	0.1789 
 2429	0.2097 
 2432	0.2938 
 2435	0.3444 
 2438	0.1738 
 2441	0.2866 
 2444	0.3750 
 2447	0.0894 
 2450	0.1470 
 2453	0.2044 
 2456	0.5419 
 2459	0.1953 
 2462	0.2049 
 2465	0.1887 
 2468	0.1478 
 2471	0.2378 
 2474	0.3607 
 2477	0.1717 
 2480	0.2764 
 2483	0.3434 
 2486	0.2266 
 2489	0.2605 
 2492	0.3353 
 2495	0.1923 
 2498	0.2355 
 2501	0.2421 
 2504	0.3023 
 2507	0.3180 
 2510	0.2670 
 2513	0.1578 
 2516	0.1832 
 2519	0.1611 
 2522	0.2761 
 2525	0.1550 
 2528	0.1929 
 2531	0.1602 
 2534	0.1795 
 2537	0.2974 
 2540	0.2548 
 2543	0.3561 
 2546	0.2672 
 2549	0.1796 
 2552	0.1811 
 2555	0.1710 
 2558	0.2408 
 2561	0.4179 
 2564	0.3834 
 2567	0.2832 
 2570	0.2836 
 2573	0.3049 
 2576	0.2703 
 2579	0.2042 
 2582	0.1859 
 2585	0.1940 
 2588	0.2007 
 2591	0.4748 
 2594	0.1984 
 2597	0.1990 
 2600	0.2115 
 2603	0.1804 
 2606	0.4381 
 2609	0.2408 
 2612	0.1188 
 2615	0.3279 
 2618	0.2605 
 2621	0.1387 
 2624	0.2165 
 2627	0.2833 
 2630	0.0503 
 2633	0.2330 
 2636	0.2497 
 2639	0.1254 
 2642	0.1343 
 2645	0.3710 
 2648	0.3855 
 2651	0.3240 
 2654	0.2167 
 2657	0.1173 
 2660	0.1335 
 2663	0.2356 
 2666	0.3592 
 2669	0.1819 
 2672	0.3034 
 2675	0.2088 
 2678	0.2181 
 2681	0.3206 
 2684	0.1602 
 2687	0.3603 
 2690	0.1231 
 2693	0.1497 
 2696	0.0357 
 2699	0.1339 
 2702	0.4621 
 2705	0.1661 
 2708	0.3694 
 2711	0.1695 
 2714	0.2616 
 2717	0.3095 
 2720	0.3245 
 2723	0.1591 
 2726	0.2968 
 2729	0.1440 
 2732	0.1121 
 2735	0.1674 
 2738	0.1433 
 2741	0.1385 
 2744	0.2147 
 2747	0.2131 
 2750	0.1864 
 2753	0.1447 
 2756	0.1918 
 2759	0.3026 
 2762	0.3419 
 2765	0.2082 
 2768	0.2641 
 2771	0.1563 
 2774	0.1109 
 2777	0.1461 
 2780	0.2580 
 2783	0.2928 
 2786	0.1979 
 2789	0.2250 
 2792	0.0495 
 2795	0.1892 
 2798	0.2062 
 2801	0.1329 
 2804	0.2044 
 2807	0.5474 
 2810	0.3503 
 2813	0.2795 
 2816	0.1671 
 2819	0.6610 
 2822	0.1494 
 2825	0.2614 
 2828	0.2841 
 2831	0.4726 
 2834	0.1746 
 2837	0.2726 
 2840	0.2221 
 2843	0.1443 
 2846	0.4150 
 2849	0.2006 
 2852	0.4697 
 2855	0.1576 
 2858	0.1536 
 2861	0.3159 
 2864	0.5037 
 2867	0.1246 
 2870	0.1278 
 2873	0.2620 
 2876	0.2474 
 2879	0.1747 
 2882	0.1139 
 2885	0.1384 
 2888	0.2166 
 2891	0.4070 
 2894	0.2347 
 2897	0.1403 
 2900	0.1283 
 2903	0.1500 
 2906	0.3260 
 2909	0.3083 
 2912	0.1841 
 2915	0.2788 
 2918	0.4011 
 2921	0.1481 
 2924	0.3522 
 2927	0.2837 
 2930	0.2131 
 2933	0.1693 
 2936	0.0899 
 2939	0.3330 
 2942	0.2753 
 2945	0.3761 
 2948	0.2133 
 2951	0.2113 
 2954	0.1895 
 2957	0.1197 
 2960	0.3630 
 2963	0.2507 
 2966	0.2968 
 2969	0.1599 
 2972	0.1443 
 2975	0.1199 
 2978	0.4259 
 2981	0.2272 
 2984	0.1134 
 2987	0.3752 
 2990	0.3323 
 2993	0.3067 
 2996	0.1980 
 2999	0.2377 
 3002	0.3045 
 3005	0.2818 
 3008	0.1482 
 3011	0.3728 
 3014	0.1696 
 3017	0.1886 
 3020	0.2249 
 3023	0.2431 
 3026	0.1347 
 3029	0.0966 
 3032	0.1126 
 3035	0.3957 
 3038	0.2591 
 3041	0.3362 
 3044	0.3041 
 3047	0.2565 
 3050	0.4833 
 3053	0.1301 
 3056	0.2815 
 3059	0.1129 
 3062	0.1324 
 3065	0.2744 
 3068	0.1929 
 3071	0.1461 
 3074	0.0808 
 3077	0.3389 
 3080	0.4121 
 3083	0.2580 
 3086	0.2723 
 3089	0.0935 
 3092	0.1803 
 3095	0.2843 
 3098	0.4180 
 3101	0.2110 
 3104	0.1397 
 3107	0.2254 
 3110	0.2854 
 3113	0.0822 
 3116	0.1392 
 3119	0.2188 
 3122	0.0916 
 3125	0.1941 
 3128	0.1687 
 3131	0.3681 
 3134	0.1680 
 3137	0.2341 
 3140	0.1674 
 3143	0.4490 
 3146	0.3267 
 3149	0.1082 
 3152	0.1276 
 3155	0.1952 
 3158	0.2302 
 3161	0.2322 
 3164	0.3648 
 3167	0.1297 
 3170	0.1613 
 3173	0.0978 
 3176	0.2193 
 3179	0.2339 
 3182	0.2327 
 3185	0.2814 
 3188	0.4623 
 3191	0.1738 
 3194	0.5285 
 3197	0.2651 
 3200	0.1448 
 3203	0.2386 
 3206	0.2170 
 3209	0.2406 
 3212	0.1535 
 3215	0.3914 
 3218	0.3286 
 3221	0.1339 
 3224	0.1958 
 3227	0.1638 
 3230	0.1674 
 3233	0.3362 
 3236	0.2476 
 3239	0.1825 
 3242	0.2387 
 3245	0.2136 
 3248	0.1142 
 3251	0.3681 
 3254	0.1917 
 3257	0.3749 
 3260	0.3500 
 3263	0.2021 
 3266	0.1554 
 3269	0.2990 
 3272	0.6564 
 3275	0.2165 
 3278	0.1733 
 3281	0.2215 
 3284	0.2609 
 3287	0.2620 
 3290	0.1453 
 3293	0.2645 
 3296	0.2335 
 3299	0.1684 
 3302	0.1251 
 3305	0.1837 
 3308	0.2152 
 3311	0.1436 
 3314	0.2689 
 3317	0.2067 
 3320	0.1631 
 3323	0.3020 
 3326	0.3705 
 3329	0.1962 
 3332	0.1857 
 3335	0.3621 
 3338	0.1609 
 3341	0.3718 
 3344	0.3681 
 3347	0.1523 
 3350	0.2041 
 3353	0.1517 
 3356	0.1370 
 3359	0.2016 
 3362	0.2635 
 3365	0.1918 
 3368	0.1990 
 3371	0.4015 
 3374	0.3902 
 3377	0.1162 
 3380	0.2335 
 3383	0.1504 
 3386	0.1506 
 3389	0.1467 
 3392	0.1620 
 3395	0.1164 
 3398	0.2691 
 3401	0.3153 
 3404	0.1844 
 3407	0.3016 
 3410	0.4593 
 3413	0.1997 
 3416	0.0841 
 3419	0.2598 
 3422	0.2611 
 3425	0.1802 
 3428	0.0998 
 3431	0.3509 
 3434	0.2271 
 3437	0.3724 
 3440	0.2281 
 3443	0.5759 
 3446	0.0719 
 3449	0.2506 
 3452	0.1813 
 3455	0.1671 
 3458	0.2136 
 3461	0.2655 
 3464	0.1942 
 3467	0.1645 
 3470	0.2676 
 3473	0.1654 
 3476	0.1115 
 3479	0.1938 
 3482	0.1237 
 3485	0.1782 
 3488	0.1153 
 3491	0.2486 
 3494	0.1945 
 3497	0.2789 
 3500	0.3390 
 3503	0.2052 
 3506	0.1203 
 3509	0.2670 
 3512	0.3510 
 3515	0.4658 
 3518	0.2729 
 3521	0.2005 
 3524	0.2031 
 3527	0.2116 
 3530	0.1530 
 3533	0.2101 
 3536	0.1110 
 3539	0.2173 
 3542	0.3159 
 3545	0.1595 
 3548	0.1230 
 3551	0.2723 
 3554	0.1160 
 3557	0.2124 
 3560	0.2991 
 3563	0.3607 
 3566	0.0640 
 3569	0.2373 
 3572	0.1572 
 3575	0.2074 
 3578	0.1726 
 3581	0.2726 
 3584	0.3240 
 3587	0.1460 
 3590	0.1478 
 3593	0.3075 
 3596	0.3104 
 3599	0.1222 
 3602	0.3404 
 3605	0.3234 
 3608	0.1521 
 3611	0.3609 
 3614	0.1300 
 3617	0.2313 
 3620	0.1898 
 3623	0.1799 
 3626	0.2021 
 3629	0.2796 
 3632	0.3552 
 3635	0.0851 
 3638	0.2615 
 3641	0.1599 
 3644	0.7896 
 3647	0.2290 
 3650	0.4251 
 3653	0.5319 
 3656	0.2769 
 3659	0.2232 
 3662	0.1741 
 3665	0.2072 
 3668	0.3869 
 3671	0.0940 
 3674	0.1506 
 3677	0.1756 
 3680	0.0564 
 3683	0.2512 
 3686	0.4361 
 3689	0.2790 
 3692	0.1840 
 3695	0.2250 
 3698	0.2928 
 3701	0.2296 
 3704	0.2028 
 3707	0.1157 
 3710	0.3492 
 3713	0.2709 
 3716	0.1473 
 3719	0.2633 
 3722	0.3366 
 3725	0.0930 
 3728	0.2630 
 3731	0.1676 
 3734	0.0737 
 3737	0.1065 
 3740	0.4555 
 3743	0.1722 
 3746	0.4095 
 3749	0.2251 
 3752	0.1363 
 3755	0.3059 
 3758	0.1657 
 3761	0.1407 
 3764	0.1302 
 3767	0.1453 
 3770	0.3278 
 3773	0.2677 
 3776	0.1784 
 3779	0.0823 
 3782	0.1588 
 3785	0.1645 
 3788	0.1473 
 3791	0.1487 
 3794	0.2143 
 3797	0.2314 
 3800	0.1176 
 3803	0.1601 
 3806	0.2622 
 3809	0.1809 
 3812	0.2192 
 3815	0.2528 
 3818	0.3134 
 3821	0.2378 
 3824	0.3235 
 3827	0.1709 
 3830	0.2289 
 3833	0.2098 
 3836	0.1449 
 3839	0.3263 
 3842	0.5282 
 3845	0.1590 
 3848	0.3021 
 3851	0.1578 
 3854	0.3488 
 3857	0.1772 
 3860	0.2139 
 3863	0.3795 
 3866	0.1797 
 3869	0.3003 
 3872	0.2404 
 3875	0.2973 
 3878	0.2424 
 3881	0.3291 
 3884	0.3165 
 3887	0.2515 
 3890	0.1929 
 3893	0.1686 
 3896	0.2768 
 3899	0.3460 
 3902	0.2993 
 3905	0.2398 
 3908	0.4633 
 3911	0.2921 
 3914	0.2877 
 3917	0.2362 
 3920	0.3197 
 3923	0.1701 
 3926	0.4535 
 3929	0.1033 
 3932	0.2466 
 3935	0.1336 
 3938	0.0858 
 3941	0.1793 
 3944	0.1754 
 3947	0.2323 
 3950	0.1286 
 3953	0.1698 
 3956	0.1853 
 3959	0.1613 
 3962	0.2787 
 3965	0.2105 
 3968	0.0904 
 3971	0.2480 
 3974	0.2779 
 3977	0.2002 
 3980	0.1852 
 3983	0.1927 
 3986	0.2620 
 3989	0.3764 
 3992	0.2267 
 3995	0.1998 
 3998	0.2182 
 4001	0.1278 
 4004	0.1698 
 4007	0.3092 
 4010	0.1572 
 4013	0.2439 
 4016	0.0412 
 4019	0.3353 
 4022	0.2406 
 4025	0.1879 
 4028	0.1608 
 4031	0.4103 
 4034	0.1820 
 4037	0.3054 
 4040	0.3018 
 4043	0.1598 
 4046	0.0590 
 4049	0.2987 
 4052	0.3412 
 4055	0.2112 
 4058	0.1713 
 4061	0.4364 
 4064	0.1475 
 4067	0.2091 
 4070	0.5047 
 4073	0.2612 
 4076	0.2369 
 4079	0.1057 
 4082	0.4339 
 4085	0.1925 
 4088	0.2151 
 4091	0.2463 
 4094	0.4007 
 4097	0.1146 
 4100	0.2824 
 4103	0.2820 
 4106	0.3811 
 4109	0.0435 
 4112	0.1384 
 4115	0.2908 
 4118	0.1801 
 4121	0.1796 
 4124	0.2249 
 4127	0.2568 
 4130	0.3918 
 4133	0.2365 
 4136	0.1431 
 4139	0.2711 
 4142	0.1760 
 4145	0.2663 
 4148	0.1537 
 4151	0.1992 
 4154	0.2977 
 4157	0.1448 
 4160	0.2182 
 4163	0.4458 
 4166	0.1609 
 4169	0.1537 
 4172	0.1722 
 4175	0.1839 
 4178	0.3480 
 4181	0.2304 
 4184	0.1700 
 4187	0.3391 
 4190	0.1184 
 4193	0.3428 
 4196	0.0853 
 4199	0.1805 
 4202	0.3289 
 4205	0.3216 
 4208	0.2160 
 4211	0.4041 
 4214	0.3003 
 4217	0.1792 
 4220	0.1329 
 4223	0.2491 
 4226	0.1512 
 4229	0.3260 
 4232	0.1914 
 4235	0.2601 
 4238	0.1586 
 4241	0.1950 
 4244	0.2506 
 4247	0.3999 
 4250	0.2920 
 4253	0.3030 
 4256	0.1520 
 4259	0.1370 
 4262	0.2996 
 4265	0.2552 
 4268	0.1029 
 4271	0.1458 
 4274	0.0527 
 4277	0.1607 
 4280	0.2241 
 4283	0.0303 
 4286	0.1841 
 4289	0.3622 
 4292	0.2981 
 4295	0.1184 
 4298	0.0925 
 4301	0.1194 
 4304	0.2103 
 4307	0.2302 
 4310	0.3305 
 4313	0.2006 
 4316	0.2783 
 4319	0.2087 
 4322	0.2793 
 4325	0.1891 
 4328	0.2357 
 4331	0.1625 
 4334	0.1595 
 4337	0.2323 
 4340	0.3052 
 4343	0.2630 
 4346	0.1734 
 4349	0.2702 
 4352	0.3225 
 4355	0.1429 
 4358	0.2419 
 4361	0.3636 
 4364	0.0696 
 4367	0.1727 
 4370	0.3241 
 4373	0.2032 
 4376	0.1859 
 4379	0.2267 
 4382	0.2742 
 4385	0.3083 
 4388	0.3194 
 4391	0.3565 
 4394	0.3826 
 4397	0.2679 
 4400	0.3752 
 4403	0.4738 
 4406	0.1068 
 4409	0.3408 
 4412	0.3339 
 4415	0.1350 
 4418	0.2568 
 4421	0.5402 
 4424	0.2198 
 4427	0.1272 
 4430	0.1508 
 4433	0.2655 
 4436	0.1012 
 4439	0.2587 
 4442	0.3737 
 4445	0.2818 
 4448	0.1668 
 4451	0.2093 
 4454	0.3191 
 4457	0.2086 
 4460	0.2732 
 4463	0.2784 
 4466	0.1910 
 4469	0.1209 
 4472	0.1856 
 4475	0.1620 
 4478	0.2170 
 4481	0.1562 
 4484	0.3698 
 4487	0.4297 
 4490	0.0837 
 4493	0.4008 
 4496	0.3505 
 4499	0.3286 
 4502	0.2086 
 4505	0.2726 
 4508	0.4577 
 4511	0.2115 
 4514	0.2123 
 4517	0.1285 
 4520	0.1396 
 4523	0.3237 
 4526	0.0635 
 4529	0.0979 
 4532	0.3027 
 4535	0.2171 
 4538	0.3556 
 4541	0.3775 
 4544	0.3440 
 4547	0.3385 
 4550	0.1988 
 4553	0.2722 
 4556	0.1394 
 4559	0.3272 
 4562	0.3343 
 4565	0.1986 
 4568	0.1723 
 4571	0.1333 
 4574	0.1512 
 4577	0.2085 
 4580	0.1593 
 4583	0.2482 
 4586	0.1709 
 4589	0.1367 
 4592	0.1660 
 4595	0.2059 
 4598	0.1733 
 4601	0.3426 
 4604	0.3826 
 4607	0.1627 
 4610	0.2947 
 4613	0.1162 
 4616	0.1882 
 4619	0.2157 
 4622	0.1003 
 4625	0.1882 
 4628	0.2577 
 4631	0.4229 
 4634	0.2380 
 4637	0.2270 
 4640	0.1814 
 4643	0.1698 
 4646	0.2911 
 4649	0.0506 
 4652	0.1784 
 4655	0.1264 
 4658	0.3211 
 4661	0.1417 
 4664	0.3060 
 4667	0.0575 
 4670	0.2577 
 4673	0.4490 
 4676	0.2036 
 4679	0.0699 
 4682	0.1448 
 4685	0.2336 
 4688	0.1748 
 4691	0.2133 
 4694	0.2244 
 4697	0.1529 
 4700	0.2800 
 4703	0.1846 
 4706	0.2167 
 4709	0.2580 
 4712	0.2619 
 4715	0.2145 
 4718	0.2898 
 4721	0.1971 
 4724	0.4369 
 4727	0.3373 
 4730	0.3358 
 4733	0.4541 
 4736	0.2726 
 4739	0.2354 
 4742	0.3417 
 4745	0.3247 
 4748	0.4105 
 4751	0.2973 
 4754	0.0815 
 4757	0.2231 
 4760	0.3506 
 4763	0.1664 
 4766	0.3653 
 4769	0.1881 
 4772	0.2024 
 4775	0.0950 
 4778	0.1800 
 4781	0.2765 
 4784	0.1766 
 4787	0.4556 
 4790	0.2443 
 4793	0.1539 
 4796	0.3230 
 4799	0.0879 
 4802	0.1101 
 4805	0.1051 
 4808	0.1400 
 4811	0.3815 
 4814	0.2482 
 4817	0.1860 
 4820	0.1396 
 4823	0.2275 
 4826	0.0197 
 4829	0.4362 
 4832	0.1287 
 4835	0.1944 
 4838	0.2918 
 4841	0.2599 
 4844	0.2779 
 4847	0.1794 
 4850	0.2556 
 4853	0.3329 
 4856	0.2380 
 4859	0.2028 
 4862	0.2130 
 4865	0.2705 
 4868	0.3174 
 4871	0.2060 
 4874	0.2842 
 4877	0.4086 
 4880	0.1068 
 4883	0.2429 
 4886	0.0591 
 4889	0.3326 
 4892	0.1464 
 4895	0.6160 
 4898	0.1165 
 4901	0.1802 
 4904	0.0232 
 4907	0.1832 
 4910	0.2424 
 4913	0.1015 
 4916	0.1927 
 4919	0.2326 
 4922	0.2104 
 4925	0.3294 
 4928	0.3424 
 4931	0.1585 
 4934	0.1729 
 4937	0.2599 
 4940	0.1010 
 4943	0.1801 
 4946	0.2780 
 4949	0.2627 
 4952	0.1478 
 4955	0.2477 
 4958	0.1738 
 4961	0.2431 
 4964	0.2235 
 4967	0.2654 
 4970	0.3137 
 4973	0.1997 
 4976	0.2343 
 4979	0.1669 
 4982	0.1505 
 4985	0.2357 
 4988	0.2724 
 4991	0.2238 
 4994	0.1478 
 4997	0.3506 
 5000	0.3407 
 5003	0.2113 
 5006	0.1024 
 5009	0.1559 
 5012	0.2266 
 5015	0.2221 
 5018	0.2145 
 5021	0.1563 
 5024	0.1331 
 5027	0.1918 
 5030	0.1260 
 5033	0.2248 
 5036	0.1742 
 5039	0.1482 
 5042	0.3190 
 5045	0.2342 
 5048	0.3565 
 5051	0.1676 
 5054	0.2550 
 5057	0.1181 
 5060	0.2197 
 5063	0.1460 
 5066	0.2499 
 5069	0.2392 
 5072	0.1948 
 5075	0.1399 
 5078	0.1089 
 5081	0.1996 
 5084	0.3567 
 5087	0.1949 
 5090	0.4394 
 5093	0.1311 
 5096	0.1554 
 5099	0.2787 
 5102	0.4027 
 5105	0.1550 
 5108	0.0972 
 5111	0.2620 
 5114	0.2827 
 5117	0.1974 
 5120	0.4669 
 5123	0.3216 
 5126	0.2347 
 5129	0.1899 
 5132	0.3206 
 5135	0.3265 
 5138	0.2321 
 5141	0.1741 
 5144	0.2470 
 5147	0.6041 
 5150	0.1422 
 5153	0.2239 
 5156	0.2481 
 5159	0.2028 
 5162	0.3288 
 5165	0.3243 
 5168	0.1935 
 5171	0.1923 
 5174	0.1508 
 5177	0.2604 
 5180	0.2431 
 5183	0.2010 
 5186	0.3058 
 5189	0.2508 
 5192	0.5207 
 5195	0.2783 
 5198	0.1318 
 5201	0.1666 
 5204	0.2638 
 5207	0.2030 
 5210	0.2901 
 5213	0.2155 
 5216	0.2403 
 5219	0.2516 
 5222	0.2066 
 5225	0.2439 
 5228	0.2249 
 5231	0.1219 
 5234	0.0964 
 5237	0.2367 
 5240	0.1633 
 5243	0.2023 
 5246	0.3194 
 5249	0.5031 
 5252	0.1764 
 5255	0.5457 
 5258	0.2684 
 5261	0.3182 
 5264	0.2893 
 5267	0.1263 
 5270	0.0892 
 5273	0.2711 
 5276	0.2239 
 5279	0.1070 
 5282	0.1837 
 5285	0.2006 
 5288	0.2692 
 5291	0.1703 
 5294	0.1464 
 5297	0.2318 
 5300	0.5947 
 5303	0.2630 
 5306	0.1757 
 5309	0.1063 
 5312	0.1539 
 5315	0.2970 
 5318	0.2595 
 5321	0.3023 
 5324	0.1344 
 5327	0.1027 
 5330	0.1766 
 5333	0.3520 
 5336	0.2073 
 5339	0.2350 
 5342	0.3861 
 5345	0.1714 
 5348	0.2494 
 5351	0.1796 
 5354	0.1425 
 5357	0.2924 
 5360	0.1483 
 5363	0.2300 
 5366	0.0529 
 5369	0.1443 
 5372	0.1365 
 5375	0.2429 
 5378	0.2003 
 5381	0.3671 
 5384	0.2244 
 5387	0.4150 
 5390	0.3498 
 5393	0.2569 
 5396	0.4953 
 5399	0.2587 
 5402	0.1554 
 5405	0.2776 
 5408	0.3735 
 5411	0.1844 
 5414	0.2977 
 5417	0.1377 
 5420	0.1745 
 5423	0.2858 
 5426	0.4229 
 5429	0.1798 
 5432	0.2752 
 5435	0.3168 
 5438	0.1999 
 5441	0.1603 
 5444	0.2038 
 5447	0.2761 
 5450	0.4282 
 5453	0.2454 
 5456	0.2365 
 5459	0.2516 
 5462	0.2172 
 5465	0.1585 
 5468	0.2528 
 5471	0.2161 
 5474	0.0552 
 5477	0.2052 
 5480	0.2681 
 5483	0.2399 
 5486	0.2811 
 5489	0.3144 
 5492	0.1464 
 5495	0.2198 
 5498	0.2366 
 5501	0.2215 
 5504	0.1986 
 5507	0.1934 
 5510	0.1903 
 5513	0.1442 
 5516	0.1213 
 5519	0.2769 
 5522	0.2022 
 5525	0.1490 
 5528	0.2655 
 5531	0.1769 
 5534	0.1724 
 5537	0.2825 
 5540	0.1143 
 5543	0.4049 
 5546	0.1788 
 5549	0.3513 
 5552	0.2603 
 5555	0.2346 
 5558	0.3219 
 5561	0.1893 
 5564	0.2323 
 5567	0.1864 
 5570	0.2226 
 5573	0.1845 
 5576	0.2764 
 5579	0.1528 
 5582	0.3197 
 5585	0.1373 
 5588	0.1727 
 5591	0.3577 
 5594	0.1069 
 5597	0.2313 
 5600	0.0735 
 5603	0.1814 
 5606	0.1482 
 5609	0.3046 
 5612	0.3169 
 5615	0.2108 
 5618	0.2749 
 5621	0.3245 
 5624	0.1195 
 5627	0.3820 
 5630	0.2750 
 5633	0.2240 
 5636	0.0930 
 5639	0.1978 
 5642	0.1049 
 5645	0.3752 
 5648	0.1412 
 5651	0.1279 
 5654	0.2849 
 5657	0.3745 
 5660	0.2856 
 5663	0.2729 
 5666	0.3493 
 5669	0.2362 
 5672	0.1346 
 5675	0.2190 
 5678	0.2763 
 5681	0.2376 
 5684	0.1830 
 5687	0.1880 
 5690	0.1521 
 5693	0.1748 
 5696	0.3238 
 5699	0.2231 
 5702	0.1609 
 5705	0.5077 
 5708	0.2173 
 5711	0.0696 
 5714	0.0944 
 5717	0.2571 
 5720	0.3045 
 5723	0.1959 
 5726	0.2933 
 5729	0.1968 
 5732	0.1700 
 5735	0.3074 
 5738	0.1815 
 5741	0.2873 
 5744	0.3181 
 5747	0.1878 
 5750	0.1396 
 5753	0.2756 
 5756	0.1402 
 5759	0.3612 
 5762	0.1878 
 5765	0.1603 
 5768	0.3215 
 5771	0.3089 
 5774	0.2078 
 5777	0.1269 
 5780	0.1583 
 5783	0.2236 
 5786	0.4239 
 5789	0.1187 
 5792	0.1350 
 5795	0.1888 
 5798	0.4394 
 5801	0.2839 
 5804	0.1763 
 5807	0.1989 
 5810	0.1763 
 5813	0.1621 
 5816	0.2092 
 5819	0.1482 
 5822	0.2272 
 5825	0.3940 
 5828	0.1726 
 5831	0.2567 
 5834	0.1374 
 5837	0.2566 
 5840	0.0356 
 5843	0.6044 
 5846	0.1109 
 5849	0.2576 
 5852	0.1555 
 5855	0.2590 
 5858	0.2024 
 5861	0.3277 
 5864	0.3358 
 5867	0.4951 
 5870	0.1349 
 5873	0.1145 
 5876	0.1961 
 5879	0.1873 
 5882	0.3280 
 5885	0.2122 
 5888	0.0709 
 5891	0.1844 
 5894	0.1913 
 5897	0.4065 
 5900	0.2030 
 5903	0.2591 
 5906	0.1652 
 5909	0.2603 
 5912	0.5047 
 5915	0.1841 
 5918	0.2400 
 5921	0.2183 
 5924	0.2554 
 5927	0.2470 
 5930	0.1954 
 5933	0.1783 
 5936	0.2317 
 5939	0.1304 
 5942	0.1153 
 5945	0.4258 
 5948	0.1967 
 5951	0.4470 
 5954	0.3408 
 5957	0.1393 
 5960	0.2246 
 5963	0.2498 
 5966	0.2347 
 5969	0.4856 
 5972	0.0967 
 5975	0.1583 
 5978	0.2449 
 5981	0.3710 
 5984	0.1831 
 5987	0.2883 
 5990	0.2814 
 5993	0.1065 
 5996	0.1092 
 5999	0.1148 
 6002	0.1428 
 6005	0.3734 
 6008	0.1553 
 6011	0.3026 
 6014	0.2250 
 6017	0.1657 
 6020	0.2795 
 6023	0.1244 
 6026	0.1793 
 6029	0.2932 
 6032	0.3224 
 6035	0.1828 
 6038	0.1307 
 6041	0.1078 
 6044	0.2216 
 6047	0.2723 
 6050	0.2770 
 6053	0.1979 
 6056	0.1793 
 6059	0.4516 
 6062	0.3171 
 6065	0.2448 
 6068	0.1575 
 6071	0.2669 
 6074	0.1627 
 6077	0.1311 
 6080	0.2911 
 6083	0.1917 
 6086	0.2068 
 6089	0.1533 
 6092	0.1697 
 6095	0.1995 
 6098	0.1844 
 6101	0.1452 
 6104	0.1437 
 6107	0.1169 
 6110	0.2428 
 6113	0.1072 
 6116	0.1856 
 6119	0.3399 
 6122	0.1123 
 6125	0.2315 
 6128	0.4017 
 6131	0.2582 
 6134	0.2935 
 6137	0.5575 
 6140	0.2970 
 6143	0.2391 
 6146	0.1627 
 6149	0.2238 
 6152	0.1760 
 6155	0.3214 
 6158	0.1622 
 6161	0.3414 
 6164	0.3921 
 6167	0.0864 
 6170	0.2257 
 6173	0.2323 
 6176	0.2502 
 6179	0.3145 
 6182	0.3378 
 6185	0.1767 
 6188	0.3450 
 6191	0.2645 
 6194	0.2361 
 6197	0.1541 
 6200	0.5157 
 6203	0.2908 
 6206	0.1248 
 6209	0.3841 
 6212	0.6391 
 6215	0.2347 
 6218	0.1377 
 6221	0.2939 
 6224	0.2349 
 6227	0.2324 
 6230	0.3078 
 6233	0.1279 
 6236	0.3443 
 6239	0.2476 
 6242	0.1282 
 6245	0.2491 
 6248	0.2232 
 6251	0.2376 
 6254	0.1127 
 6257	0.2397 
 6260	0.4385 
 6263	0.2584 
 6266	0.1654 
 6269	0.2600 
 6272	0.1537 
 6275	0.1486 
 6278	0.2540 
 6281	0.0445 
 6284	0.1460 
 6287	0.2225 
 6290	0.4675 
 6293	0.2503 
 6296	0.1357 
 6299	0.5231 
 6302	0.3661 
 6305	0.2538 
 6308	0.2056 
 6311	0.2521 
 6314	0.1729 
 6317	0.2216 
 6320	0.2745 
 6323	0.4368 
 6326	0.3345 
 6329	0.1167 
 6332	0.1917 
 6335	0.2792 
 6338	0.3787 
 6341	0.2292 
 6344	0.2268 
 6347	0.4662 
 6350	0.2618 
 6353	0.2038 
 6356	0.2572 
 6359	0.2332 
 6362	0.3735 
 6365	0.2181 
 6368	0.2936 
 6371	0.2051 
 6374	0.2493 
 6377	0.1470 
 6380	0.3278 
 6383	0.1726 
 6386	0.1246 
 6389	0.2364 
 6392	0.1856 
 6395	0.1750 
 6398	0.1188 
 6401	0.1191 
 6404	0.1461 
 6407	0.3710 
 6410	0.2383 
 6413	0.2507 
 6416	0.0605 
 6419	0.1434 
 6422	0.1483 
 6425	0.3461 
 6428	0.4247 
 6431	0.2338 
 6434	0.1091 
 6437	0.3065 
 6440	0.4152 
 6443	0.1367 
 6446	0.1405 
 6449	0.1353 
 6452	0.1386 
 6455	0.3092 
 6458	0.2055 
 6461	0.4260 
 6464	0.2578 
 6467	0.2452 
 6470	0.1718 
 6473	0.0852 
 6476	0.1247 
 6479	0.1854 
 6482	0.2087 
 6485	0.1536 
 6488	0.0816 
 6491	0.2876 
 6494	0.1046 
 6497	0.1544 
 6500	0.4499 
 6503	0.3590 
 6506	0.2847 
 6509	0.1342 
 6512	0.2445 
 6515	0.1808 
 6518	0.4299 
 6521	0.2238 
 6524	0.1684 
 6527	0.2275 
 6530	0.0610 
 6533	0.2345 
 6536	0.2659 
 6539	0.0964 
 6542	0.1089 
 6545	0.1167 
 6548	0.2397 
 6551	0.3665 
 6554	0.3521 
 6557	0.3056 
 6560	0.3498 
 6563	0.2336 
 6566	0.2918 
 6569	0.2589 
 6572	0.2241 
 6575	0.3263 
 6578	0.1667 
 6581	0.2354 
 6584	0.2439 
 6587	0.1207 
 6590	0.1280 
 6593	0.2611 
 6596	0.2388 
 6599	0.3034 
 6602	0.2082 
 6605	0.2082 
 6608	0.1623 
 6611	0.2856 
 6614	0.2516 
 6617	0.2102 
 6620	0.2163 
 6623	0.2378 
 6626	0.2085 
 6629	0.3412 
 6632	0.1276 
 6635	0.6077 
 6638	0.1837 
 6641	0.3969 
 6644	0.1516 
 6647	0.2243 
 6650	0.1435 
 6653	0.2632 
 6656	0.2819 
 6659	0.2148 
 6662	0.1137 
 6665	0.2269 
 6668	0.1580 
 6671	0.2472 
 6674	0.2556 
 6677	0.2808 
 6680	0.1205 
 6683	0.2778 
 6686	0.2815 
 6689	0.0574 
 6692	0.1405 
 6695	0.5162 
 6698	0.2580 
 6701	0.1536 
 6704	0.3826 
 6707	0.1660 
 6710	0.3129 
 6713	0.2059 
 6716	0.1356 
 6719	0.4803 
 6722	0.2938 
 6725	0.2527 
 6728	0.2925 
 6731	0.1558 
 6734	0.1391 
 6737	0.2439 
 6740	0.4404 
 6743	0.1789 
 6746	0.1785 
 6749	0.2473 
 6752	0.1543 
 6755	0.2166 
 6758	0.2527 
 6761	0.1418 
 6764	0.3640 
 6767	0.2230 
 6770	0.1674 
 6773	0.2186 
 6776	0.1749 
 6779	0.2115 
 6782	0.2111 
 6785	0.1365 
 6788	0.0906 
 6791	0.1362 
 6794	0.4281 
 6797	0.2562 
 6800	0.2421 
 6803	0.2369 
 6806	0.1753 
 6809	0.2689 
 6812	0.1566 
 6815	0.3223 
 6818	0.2061 
 6821	0.3659 
 6824	0.2982 
 6827	0.2659 
 6830	0.4329 
 6833	0.2638 
 6836	0.2427 
 6839	0.1761 
 6842	0.2654 
 6845	0.4099 
 6848	0.2023 
 6851	0.3007 
 6854	0.1429 
 6857	0.4383 
 6860	0.1982 
 6863	0.1208 
 6866	0.2409 
 6869	0.1701 
 6872	0.3634 
 6875	0.0573 
 6878	0.1278 
 6881	0.3087 
 6884	0.1578 
 6887	0.1939 
 6890	0.3480 
 6893	0.3176 
 6896	0.1203 
 6899	0.2244 
 6902	0.1857 
 6905	0.1677 
 6908	0.1700 
 6911	0.2930 
 6914	0.1445 
 6917	0.1418 
 6920	0.1491 
 6923	0.1029 
 6926	0.1345 
 6929	0.1282 
 6932	0.2058 
 6935	0.3222 
 6938	0.2451 
 6941	0.6480 
 6944	0.1567 
 6947	0.1311 
 6950	0.2659 
 6953	0.1549 
 6956	0.1991 
 6959	0.1317 
 6962	0.2409 
 6965	0.1980 
 6968	0.2786 
 6971	0.1506 
 6974	0.1489 
 6977	0.1107 
 6980	0.1051 
 6983	0.3645 
 6986	0.2126 
 6989	0.1117 
 6992	0.1737 
 6995	0.1519 
 6998	0.1644 
 7001	0.2522 
 7004	0.1763 
 7007	0.2416 
 7010	0.2399 
 7013	0.2453 
 7016	0.2476 
 7019	0.4556 
 7022	0.1745 
 7025	0.3144 
 7028	0.3237 
 7031	0.1748 
 7034	0.1517 
 7037	0.3816 
 7040	0.1312 
 7043	0.2082 
 7046	0.2953 
 7049	0.2752 
 7052	0.2152 
 7055	0.2357 
 7058	0.1959 
 7061	0.3465 
 7064	0.1242 
 7067	0.3017 
 7070	0.1567 
 7073	0.2522 
 7076	0.2371 
 7079	0.2767 
 7082	0.1452 
 7085	0.2681 
 7088	0.1879 
 7091	0.2188 
 7094	0.0775 
 7097	0.2068 
 7100	0.1609 
 7103	0.3224 
 7106	0.1674 
 7109	0.2106 
 7112	0.1767 
 7115	0.3028 
 7118	0.2659 
 7121	0.2149 
 7124	0.6321 
 7127	0.1115 
 7130	0.1339 
 7133	0.0221 
 7136	0.2064 
 7139	0.2790 
 7142	0.1667 
 7145	0.2232 
 7148	0.2016 
 7151	0.2155 
 7154	0.1428 
 7157	0.0577 
 7160	0.1575 
 7163	0.2280 
 7166	0.5518 
 7169	0.1395 
 7172	0.1942 
 7175	0.3575 
 7178	0.2947 
 7181	0.7121 
 7184	0.3522 
 7187	0.3187 
 7190	0.2797 
 7193	0.1525 
 7196	0.0292 
 7199	0.2134 
 7202	0.1475 
 7205	0.4672 
 7208	0.2073 
 7211	0.3480 
 7214	0.2903 
 7217	0.1687 
 7220	0.2791 
 7223	0.2017 
 7226	0.3126 
 7229	0.1997 
 7232	0.3813 
 7235	0.2344 
 7238	0.2341 
 7241	0.2799 
 7244	0.1350 
 7247	0.2764 
 7250	0.1939 
 7253	0.4123 
 7256	0.2522 
 7259	0.2396 
 7262	0.1435 
 7265	0.0981 
 7268	0.2166 
 7271	0.2750 
 7274	0.0852 
 7277	0.1970 
 7280	0.1507 
 7283	0.2962 
 7286	0.1298 
 7289	0.2491 
 7292	0.2418 
 7295	0.1460 
 7298	0.2409 
 7301	0.1934 
 7304	0.3008 
 7307	0.2184 
 7310	0.2895 
 7313	0.2363 
 7316	0.1618 
 7319	0.1991 
 7322	0.3336 
 7325	0.1749 
 7328	0.2508 
 7331	0.2855 
 7334	0.3110 
 7337	0.2267 
 7340	0.1062 
 7343	0.2633 
 7346	0.1732 
 7349	0.2706 
 7352	0.2070 
 7355	0.2080 
 7358	0.3024 
 7361	0.0415 
 7364	0.1675 
 7367	0.2659 
 7370	0.1491 
 7373	0.2962 
 7376	0.2474 
 7379	0.0736 
 7382	0.1850 
 7385	0.2766 
 7388	0.1179 
 7391	0.2749 
 7394	0.1438 
 7397	0.2346 
 7400	0.1940 
 7403	0.3399 
 7406	0.1282 
 7409	0.3106 
 7412	0.1828 
 7415	0.3752 
 7418	0.2204 
 7421	0.2007 
 7424	0.2924 
 7427	0.1043 
 7430	0.2279 
 7433	0.3644 
 7436	0.1781 
 7439	0.1558 
 7442	0.2239 
 7445	0.2481 
 7448	0.4166 
 7451	0.1962 
 7454	0.2902 
 7457	0.2909 
 7460	0.3988 
 7463	0.3141 
 7466	0.1096 
 7469	0.2239 
 7472	0.3954 
 7475	0.2097 
 7478	0.1225 
 7481	0.3357 
 7484	0.1469 
 7487	0.1254 
 7490	0.3003 
 7493	0.1892 
 7496	0.2889 
 7499	0.4489 
 7502	0.2861 
 7505	0.2244 
 7508	0.3367 
 7511	0.3598 
 7514	0.2893 
 7517	0.2336 
 7520	0.1200 
 7523	0.3285 
 7526	0.2319 
 7529	0.2788 
 7532	0.1546 
 7535	0.1714 
 7538	0.2085 
 7541	0.1508 
 7544	0.1849 
 7547	0.1088 
 7550	0.2980 
 7553	0.5089 
 7556	0.0811 
 7559	0.2865 
 7562	0.1281 
 7565	0.2357 
 7568	0.1951 
 7571	0.2398 
 7574	0.4026 
 7577	0.1694 
 7580	0.1993 
 7583	0.1175 
 7586	0.1401 
 7589	0.2380 
 7592	0.1408 
 7595	0.3290 
 7598	0.2335 
 7601	0.1528 
 7604	0.2540 
 7607	0.1952 
 7610	0.1921 
 7613	0.1261 
 7616	0.0984 
 7619	0.2250 
 7622	0.2503 
 7625	0.2803 
 7628	0.1269 
 7631	0.1362 
 7634	0.1775 
 7637	0.1245 
 7640	0.2881 
 7643	0.1207 
 7646	0.2413 
 7649	0.2307 
 7652	0.2034 
 7655	0.1783 
 7658	0.2066 
 7661	0.3137 
 7664	0.3649 
 7667	0.2114 
 7670	0.3141 
 7673	0.2611 
 7676	0.1824 
 7679	0.1311 
 7682	0.2086 
 7685	0.3458 
 7688	0.2710 
 7691	0.1847 
 7694	0.5351 
 7697	0.2240 
 7700	0.1275 
 7703	0.1664 
 7706	0.2182 
 7709	0.2036 
 7712	0.3634 
 7715	0.2440 
 7718	0.2136 
 7721	0.1259 
 7724	0.1371 
 7727	0.2690 
 7730	0.0749 
 7733	0.1450 
 7736	0.2486 
 7739	0.2077 
 7742	0.2669 
 7745	0.2503 
 7748	0.2702 
 7751	0.2261 
 7754	0.3692 
 7757	0.2201 
 7760	0.2028 
 7763	0.2024 
 7766	0.0428 
 7769	0.0825 
 7772	0.4099 
 7775	0.1991 
 7778	0.1126 
 7781	0.2826 
 7784	0.3395 
 7787	0.1929 
 7790	0.2754 
 7793	0.1325 
 7796	0.3536 
 7799	0.2651 
 7802	0.2342 
 7805	0.1587 
 7808	0.3926 
 7811	0.3662 
 7814	0.1329 
 7817	0.1959 
 7820	0.3917 
 7823	0.3295 
 7826	0.1049 
 7829	0.2756 
 7832	0.4526 
 7835	0.2528 
 7838	0.2635 
 7841	0.2370 
 7844	0.2133 
 7847	0.2210 
 7850	0.2240 
 7853	0.2047 
 7856	0.3748 
 7859	0.1081 
 7862	0.2687 
 7865	0.2165 
 7868	0.1728 
 7871	0.1468 
 7874	0.3504 
 7877	0.2997 
 7880	0.1845 
 7883	0.2212 
 7886	0.1933 
 7889	0.2331 
 7892	0.2630 
 7895	0.2503 
 7898	0.2379 
 7901	0.2480 
 7904	0.2079 
 7907	0.1463 
 7910	0.2284 
 7913	0.1540 
 7916	0.1702 
 7919	0.2571 
 7922	0.0572 
 7925	0.2874 
 7928	0.1865 
 7931	0.3188 
 7934	0.1844 
 7937	0.2380 
 7940	0.2379 
 7943	0.3324 
 7946	0.2322 
 7949	0.2168 
 7952	0.2325 
 7955	0.1798 
 7958	0.1198 
 7961	0.1730 
 7964	0.3479 
 7967	0.2638 
 7970	0.4534 
 7973	0.3062 
 7976	0.1923 
 7979	0.1977 
 7982	0.2419 
 7985	0.2190 
 7988	0.2780 
 7991	0.1781 
 7994	0.3297 
 7997	0.2699 
 8000	0.2540 
 8003	0.1687 
 8006	0.3683 
 8009	0.2413 
 8012	0.1811 
 8015	0.1971 
 8018	0.6290 
 8021	0.2906 
 8024	0.2107 
 8027	0.2099 
 8030	0.2480 
 8033	0.4094 
 8036	0.1417 
 8039	0.4046 
 8042	0.1422 
 8045	0.3836 
 8048	0.2081 
 8051	0.2968 
 8054	0.1393 
 8057	0.1806 
 8060	0.3076 
 8063	0.1606 
 8066	0.1217 
 8069	0.3475 
 8072	0.2924 
 8075	0.1752 
 8078	0.1289 
 8081	0.1225 
 8084	0.3243 
 8087	0.1243 
 8090	0.2822 
 8093	0.2248 
 8096	0.2006 
 8099	0.0439 
 8102	0.2422 
 8105	0.2804 
 8108	0.1400 
 8111	0.1464 
 8114	0.2712 
 8117	0.1884 
 8120	0.2592 
 8123	0.2360 
 8126	0.1476 
 8129	0.3788 
 8132	0.2341 
 8135	0.1265 
 8138	0.4732 
 8141	0.3322 
 8144	0.0856 
 8147	0.2509 
 8150	0.1969 
 8153	0.1654 
 8156	0.2420 
 8159	0.2043 
 8162	0.1543 
 8165	0.1418 
 8168	0.1667 
 8171	0.1706 
 8174	0.2286 
 8177	0.0794 
 8180	0.6181 
 8183	0.3386 
 8186	0.2382 
 8189	0.1993 
 8192	0.1975 
 8195	0.4622 
 8198	0.1467 
 8201	0.3121 
 8204	0.1980 
 8207	0.3063 
 8210	0.4025 
 8213	0.3201 
 8216	0.2101 
 8219	0.1796 
 8222	0.1764 
 8225	0.0780 
 8228	0.2284 
 8231	0.1181 
 8234	0.2597 
 8237	0.1752 
 8240	0.2651 
 8243	0.2502 
 8246	0.1720 
 8249	0.1029 
 8252	0.2465 
 8255	0.2457 
 8258	0.2302 
 8261	0.2408 
 8264	0.2758 
 8267	0.4229 
 8270	0.1456 
 8273	0.1145 
 8276	0.2547 
 8279	0.2096 
 8282	0.2467 
 8285	0.4324 
 8288	0.4651 
 8291	0.2594 
 8294	0.1401 
 8297	0.1466 
 8300	0.2008 
 8303	0.5582 
 8306	0.5590 
 8309	0.2415 
 8312	0.1979 
 8315	0.2149 
 8318	0.1477 
 8321	0.3528 
 8324	0.0811 
 8327	0.4175 
 8330	0.2511 
 8333	0.1214 
 8336	0.1696 
 8339	0.2000 
 8342	0.2035 
 8345	0.1558 
 8348	0.3019 
 8351	0.2933 
 8354	0.1569 
 8357	0.1363 
 8360	0.1762 
 8363	0.1978 
 8366	0.2407 
 8369	0.0442 
 8372	0.0685 
 8375	0.2144 
 8378	0.3508 
 8381	0.2703 
 8384	0.2332 
 8387	0.2384 
 8390	0.3454 
 8393	0.2806 
 8396	0.1820 
 8399	0.1990 
 8402	0.2209 
 8405	0.2402 
 8408	0.2004 
 8411	0.2167 
 8414	0.1547 
 8417	0.3090 
 8420	0.2869 
 8423	0.1396 
 8426	0.1823 
 8429	0.1201 
 8432	0.2042 
 8435	0.3502 
 8438	0.6643 
 8441	0.3960 
 8444	0.2490 
 8447	0.3059 
 8450	0.2333 
 8453	0.1465 
 8456	0.0265 
 8459	0.2331 
 8462	0.2387 
 8465	0.3015 
 8468	0.2022 
 8471	0.1251 
 8474	0.1507 
 8477	0.2135 
 8480	0.4323 
 8483	0.2443 
 8486	0.2470 
 8489	0.1567 
 8492	0.2124 
 8495	0.1260 
 8498	0.3960 
 8501	0.2485 
 8504	0.1182 
 8507	0.1732 
 8510	0.3247 
 8513	0.4172 
 8516	0.2806 
 8519	0.1936 
 8522	0.2365 
 8525	0.3196 
 8528	0.2782 
 8531	0.3191 
 8534	0.2860 
 8537	0.2352 
 8540	0.2603 
 8543	0.3066 
 8546	0.2029 
 8549	0.2320 
 8552	0.2476 
 8555	0.1846 
 8558	0.2149 
 8561	0.2360 
 8564	0.0917 
 8567	0.1864 
 8570	0.6077 
 8573	0.1428 
 8576	0.1328 
 8579	0.1813 
 8582	0.2401 
 8585	0.1576 
 8588	0.1360 
 8591	0.1865 
 8594	0.1849 
 8597	0.1592 
 8600	0.7217 
 8603	0.1160 
 8606	0.2026 
 8609	0.1216 
 8612	0.2126 
 8615	0.2082 
 8618	0.4407 
 8621	0.1525 
 8624	0.1912 
 8627	0.1473 
 8630	0.1377 
 8633	0.2268 
 8636	0.1569 
 8639	0.4286 
 8642	0.3393 
 8645	0.2304 
 8648	0.1480 
 8651	0.1691 
 8654	0.2949 
 8657	0.2456 
 8660	0.1171 
 8663	0.3886 
 8666	0.2552 
 8669	0.3474 
 8672	0.1722 
 8675	0.1612 
 8678	0.3075 
 8681	0.1545 
 8684	0.1566 
 8687	0.4686 
 8690	0.1864 
 8693	0.6138 
 8696	0.1622 
 8699	0.2331 
 8702	0.1343 
 8705	0.1708 
 8708	0.2860 
 8711	0.2313 
 8714	0.2664 
 8717	0.1998 
 8720	0.3583 
 8723	0.1956 
 8726	0.2117 
 8729	0.2313 
 8732	0.2023 
 8735	0.0960 
 8738	0.2015 
 8741	0.3507 
 8744	0.3064 
 8747	0.2010 
 8750	0.3652 
 8753	0.3400 
 8756	0.2894 
 8759	0.4163 
 8762	0.1731 
 8765	0.3120 
 8768	0.3938 
 8771	0.1150 
 8774	0.2033 
 8777	0.1828 
 8780	0.2715 
 8783	0.3823 
 8786	0.1792 
 8789	0.2566 
 8792	0.0972 
 8795	0.1866 
 8798	0.1052 
 8801	0.1667 
 8804	0.3208 
 8807	0.3046 
 8810	0.5274 
 8813	0.3752 
 8816	0.4225 
 8819	0.1340 
 8822	0.0278 
 8825	0.2925 
 8828	0.2209 
 8831	0.1576 
 8834	0.1864 
 8837	0.3216 
 8840	0.1699 
 8843	0.3399 
 8846	0.2450 
 8849	0.2117 
 8852	0.1593 
 8855	0.4878 
 8858	0.2848 
 8861	0.1802 
 8864	0.3864 
 8867	0.2686 
 8870	0.2323 
 8873	0.2129 
 8876	0.2041 
 8879	0.5070 
 8882	0.2611 
 8885	0.2817 
 8888	0.3208 
 8891	0.1448 
 8894	0.1993 
 8897	0.2797 
 8900	0.5001 
 8903	0.1994 
 8906	0.4359 
 8909	0.2723 
 8912	0.1519 
 8915	0.2899 
 8918	0.2074 
 8921	0.1532 
 8924	0.2536 
 8927	0.2456 
 8930	0.2372 
 8933	0.1650 
 8936	0.2184 
 8939	0.3319 
 8942	0.2049 
 8945	0.1517 
 8948	0.2744 
 8951	0.1805 
 8954	0.2641 
 8957	0.2850 
 8960	0.2227 
 8963	0.3176 
 8966	0.4280 
 8969	0.1308 
 8972	0.2105 
 8975	0.3025 
 8978	0.1824 
 8981	0.2419 
 8984	0.2221 
 8987	0.1918 
 8990	0.2918 
 8993	0.2406 
 8996	0.3217 
 8999	0.1993 
 9002	0.2767 
 9005	0.1457 
 9008	0.1582 
 9011	0.2642 
 9014	0.1170 
 9017	0.3724 
 9020	0.1925 
 9023	0.1368 
 9026	0.1871 
 9029	0.2390 
 9032	0.1705 
 9035	0.1115 
 9038	0.3828 
 9041	0.2247 
 9044	0.1160 
 9047	0.1326 
 9050	0.3395 
 9053	0.1513 
 9056	0.1717 
 9059	0.1886 
 9062	0.1735 
 9065	0.3021 
 9068	0.0452 
 9071	0.5463 
 9074	0.2695 
 9077	0.3699 
 9080	0.1443 
 9083	0.1241 
 9086	0.0770 
 9089	0.3537 
 9092	0.4106 
 9095	0.1957 
 9098	0.2458 
 9101	0.2069 
 9104	0.2873 
 9107	0.3163 
 9110	0.2077 
 9113	0.3603 
 9116	0.1729 
 9119	0.2870 
 9122	0.5025 
 9125	0.3058 
 9128	0.1464 
 9131	0.0632 
 9134	0.3267 
 9137	0.1792 
 9140	0.1689 
 9143	0.1986 
 9146	0.1572 
 9149	0.2181 
 9152	0.2515 
 9155	0.1726 
 9158	0.3026 
 9161	0.1754 
 9164	0.2214 
 9167	0.2608 
 9170	0.3225 
 9173	0.2125 
 9176	0.1943 
 9179	0.2825 
 9182	0.1576 
 9185	0.3368 
 9188	0.2928 
 9191	0.2256 
 9194	0.2101 
 9197	0.1653 
 9200	0.4233 
 9203	0.1730 
 9206	0.2753 
 9209	0.0992 
 9212	0.3173 
 9215	0.0363 
 9218	0.3736 
 9221	0.2417 
 9224	0.1413 
 9227	0.3148 
 9230	0.2230 
 9233	0.2451 
 9236	0.2324 
 9239	0.3138 
 9242	0.4770 
 9245	0.1659 
 9248	0.3095 
 9251	0.2220 
 9254	0.2522 
 9257	0.3587 
 9260	0.2261 
 9263	0.3384 
 9266	0.1389 
 9269	0.2065 
 9272	0.3390 
 9275	0.1391 
 9278	0.2005 
 9281	0.1284 
 9284	0.2118 
 9287	0.1895 
 9290	0.3051 
 9293	0.1257 
 9296	0.1550 
 9299	0.1539 
 9302	0.2812 
 9305	0.2956 
 9308	0.1743 
 9311	0.1508 
 9314	0.0710 
 9317	0.1547 
 9320	0.0714 
 9323	0.1630 
 9326	0.2043 
 9329	0.2479 
 9332	0.3025 
 9335	0.3441 
 9338	0.1689 
 9341	0.5480 
 9344	0.1380 
 9347	0.1459 
 9350	0.2550 
 9353	0.2710 
 9356	0.3569 
 9359	0.2525 
 9362	0.1682 
 9365	0.2673 
 9368	0.2406 
 9371	0.1797 
 9374	0.2501 
 9377	0.2601 
 9380	0.3509 
 9383	0.2372 
 9386	0.1460 
 9389	0.1750 
 9392	0.3066 
 9395	0.1414 
 9398	0.1385 
 9401	0.2248 
 9404	0.1061 
 9407	0.4719 
 9410	0.3918 
 9413	0.2374 
 9416	0.1692 
 9419	0.2287 
 9422	0.3172 
 9425	0.3745 
 9428	0.1851 
 9431	0.2762 
 9434	0.1804 
 9437	0.3299 
 9440	0.2294 
 9443	0.1641 
 9446	0.1897 
 9449	0.0989 
 9452	0.5371 
 9455	0.1508 
 9458	0.1306 
 9461	0.0913 
 9464	0.4366 
 9467	0.3856 
 9470	0.2623 
 9473	0.2506 
 9476	0.2567 
 9479	0.2520 
 9482	0.6480 
 9485	0.3567 
 9488	0.1743 
 9491	0.3529 
 9494	0.3928 
 9497	0.1877 
 9500	0.0925 
 9503	0.4137 
 9506	0.2915 
 9509	0.2474 
 9512	0.0992 
 9515	0.4370 
 9518	0.2691 
 9521	0.2413 
 9524	0.1650 
 9527	0.0429 
 9530	0.1449 
 9533	0.1603 
 9536	0.2132 
 9539	0.1920 
 9542	0.1749 
 9545	0.1517 
 9548	0.1169 
 9551	0.2457 
 9554	0.1973 
 9557	0.1344 
 9560	0.2196 
 9563	0.2240 
 9566	0.2106 
 9569	0.2123 
 9572	0.2703 
 9575	0.2829 
 9578	0.0902 
 9581	0.2444 
 9584	0.3373 
 9587	0.2428 
 9590	0.1730 
 9593	0.1792 
 9596	0.2403 
 9599	0.1707 
 9602	0.3125 
 9605	0.2168 
 9608	0.1913 
 9611	0.1497 
 9614	0.3791 
 9617	0.1083 
 9620	0.2100 
 9623	0.1979 
 9626	0.2476 
 9629	0.0891 
 9632	0.1947 
 9635	0.0709 
 9638	0.2857 
 9641	0.4702 
 9644	0.2506 
 9647	0.0871 
 9650	0.1525 
 9653	0.1660 
 9656	0.1538 
 9659	0.3117 
 9662	0.3518 
 9665	0.2949 
 9668	0.1944 
 9671	0.1326 
 9674	0.2025 
 9677	0.2546 
 9680	0.1646 
 9683	0.1868 
 9686	0.2718 
 9689	0.2182 
 9692	0.2731 
 9695	0.1793 
 9698	0.4478 
 9701	0.3569 
 9704	0.2355 
 9707	0.2809 
 9710	0.2446 
 9713	0.1767 
 9716	0.1972 
 9719	0.2090 
 9722	0.1048 
 9725	0.3436 
 9728	0.3198 
 9731	0.1617 
 9734	0.1514 
 9737	0.3370 
 9740	0.2613 
 9743	0.1908 
 9746	0.1595 
 9749	0.1921 
 9752	0.1032 
 9755	0.1758 
 9758	0.2028 
 9761	0.1683 
 9764	0.1942 
 9767	0.3776 
 9770	0.2160 
 9773	0.4297 
 9776	0.2230 
 9779	0.2567 
 9782	0.1964 
 9785	0.3140 
 9788	0.2314 
 9791	0.1025 
 9794	0.2364 
 9797	0.1571 
 9800	0.1902 
 9803	0.0984 
 9806	0.1022 
 9809	0.2238 
 9812	0.2700 
 9815	0.1405 
 9818	0.0958 
 9821	0.1619 
 9824	0.2626 
 9827	0.2018 
 9830	0.1860 
 9833	0.2014 
 9836	0.1083 
 9839	0.2540 
 9842	0.2748 
 9845	0.1389 
 9848	0.1696 
 9851	0.4120 
 9854	0.1669 
 9857	0.1545 
 9860	0.3357 
 9863	0.2235 
 9866	0.2537 
 9869	0.1920 
 9872	0.3334 
 9875	0.1436 
 9878	0.2771 
 9881	0.1511 
 9884	0.2557 
 9887	0.2239 
 9890	0.1822 
 9893	0.2859 
 9896	0.1436 
 9899	0.5230 
 9902	0.4521 
 9905	0.3003 
 9908	0.1872 
 9911	0.3945 
 9914	0.2456 
 9917	0.2179 
 9920	0.3539 
 9923	0.2932 
 9926	0.2183 
 9929	0.2785 
 9932	0.1640 
 9935	0.3202 
 9938	0.2055 
 9941	0.2539 
 9944	0.5836 
 9947	0.2581 
 9950	0.2139 
 9953	0.2059 
 9956	0.1994 
 9959	0.3237 
 9962	0.2149 
 9965	0.2379 
 9968	0.0586 
 9971	0.1973 
 9974	0.1382 
 9977	0.2056 
 9980	0.1006 
 9983	0.2349 
 9986	0.1374 
 9989	0.5157 
 9992	0.4552 
 9995	0.2519 
 9998	0.1224 
 10001	0.2259 
 10004	0.1376 
 10007	0.1800 
 10010	0.1460 
 10013	0.1340 
 10016	0.5590 
 10019	0.1110 
 10022	0.1880 
 10025	0.1571 
 10028	0.1258 
 10031	0.1218 
 10034	0.4121 
 10037	0.4567 
 10040	0.3652 
 10043	0.0738 
 10046	0.2136 
 10049	0.1321 
 10052	0.3000 
 10055	0.3932 
 10058	0.2113 
 10061	0.2828 
 10064	0.1911 
 10067	0.1508 
 10070	0.2061 
 10073	0.2899 
 10076	0.2782 
 10079	0.1263 
 10082	0.2551 
 10085	0.2080 
 10088	0.2634 
 10091	0.0797 
 10094	0.1743 
 10097	0.1090 
 10100	0.1639 
 10103	0.1064 
 10106	0.1365 
 10109	0.3033 
 10112	0.3302 
 10115	0.2912 
 10118	0.2152 
 10121	0.2285 
 10124	0.2971 
 10127	0.2844 
 10130	0.2152 
 10133	0.1707 
 10136	0.2240 
 10139	0.2514 
 10142	0.1195 
 10145	0.1689 
 10148	0.5208 
 10151	0.2146 
 10154	0.4493 
 10157	0.2450 
 10160	0.2413 
 10163	0.1095 
 10166	0.1139 
 10169	0.3074 
 10172	0.2039 
 10175	0.2380 
 10178	0.2907 
 10181	0.1622 
 10184	0.1400 
 10187	0.3014 
 10190	0.3747 
 10193	0.2412 
 10196	0.1787 
 10199	0.1751 
 10202	0.2058 
 10205	0.2468 
 10208	0.2378 
 10211	0.2333 
 10214	0.0717 
 10217	0.1533 
 10220	0.1456 
 10223	0.1268 
 10226	0.2118 
 10229	0.3115 
 10232	0.2660 
 10235	0.2508 
 10238	0.2285 
 10241	0.3078 
 10244	0.2059 
 10247	0.2914 
 10250	0.1585 
 10253	0.2560 
 10256	0.3134 
 10259	0.1694 
 10262	0.2209 
 10265	0.3843 
 10268	0.1788 
 10271	0.1579 
 10274	0.2726 
 10277	0.2104 
 10280	0.4762 
 10283	0.1657 
 10286	0.1972 
 10289	0.1826 
 10292	0.5423 
 10295	0.3271 
 10298	0.1996 
 10301	0.2861 
 10304	0.0979 
 10307	0.5059 
 10310	0.2622 
 10313	0.2084 
 10316	0.2448 
 10319	0.2360 
 10322	0.1881 
 10325	0.1601 
 10328	0.1511 
 10331	0.5266 
 10334	0.3587 
 10337	0.2620 
 10340	0.6339 
 10343	0.3128 
 10346	0.2783 
 10349	0.2266 
 10352	0.2797 
 10355	0.4045 
 10358	0.3661 
 10361	0.0998 
 10364	0.6143 
 10367	0.3184 
 10370	0.1390 
 10373	0.1558 
 10376	0.3970 
 10379	0.1248 
 10382	0.1543 
 10385	0.2186 
 10388	0.2567 
 10391	0.3486 
 10394	0.2222 
 10397	0.2416 
 10400	0.1612 
 10403	0.1658 
 10406	0.2003 
 10409	0.1284 
 10412	0.2263 
 10415	0.1957 
 10418	0.1502 
 10421	0.2552 
 10424	0.3162 
 10427	0.2319 
 10430	0.3992 
 10433	0.0848 
 10436	0.2627 
 10439	0.1399 
 10442	0.4401 
 10445	0.1321 
 10448	0.0927 
 10451	0.1809 
 10454	0.0339 
 10457	0.2528 
 10460	0.1327 
 10463	0.1763 
 10466	0.2667 
 10469	0.3122 
 10472	0.1022 
 10475	0.1981 
 10478	0.1359 
 10481	0.2288 
 10484	0.1823 
 10487	0.3783 
 10490	0.2147 
 10493	0.1616 
 10496	0.2150 
 10499	0.1182 
 10502	0.1314 
 10505	0.3443 
 10508	0.0709 
 10511	0.2294 
 10514	0.2615 
 10517	0.2891 
 10520	0.1566 
 10523	0.3523 
 10526	0.2170 
 10529	0.1735 
 10532	0.2047 
 10535	0.3309 
 10538	0.3036 
 10541	0.2477 
 10544	0.1750 
 10547	0.2557 
 10550	0.2379 
 10553	0.1433 
 10556	0.2169 
 10559	0.2986 
 10562	0.1825 
 10565	0.2437 
 10568	0.0999 
 10571	0.2384 
 10574	0.1514 
 10577	0.1324 
 10580	0.1270 
 10583	0.3038 
 10586	0.2809 
 10589	0.3226 
 10592	0.3409 
 10595	0.6032 
 10598	0.2407 
 10601	0.3471 
 10604	0.3095 
 10607	0.1534 
 10610	0.2508 
 10613	0.1500 
 10616	0.1250 
 10619	0.2229 
 10622	0.2367 
 10625	0.1805 
 10628	0.2937 
 10631	0.2134 
 10634	0.3599 
 10637	0.2456 
 10640	0.1019 
 10643	0.1519 
 10646	0.0621 
 10649	0.3151 
 10652	0.1394 
 10655	0.2168 
 10658	0.2072 
 10661	0.1983 
 10664	0.2766 
 10667	0.1786 
 10670	0.0838 
 10673	0.2084 
 10676	0.2226 
 10679	0.1377 
 10682	0.1491 
 10685	0.1883 
 10688	0.2276 
 10691	0.1820 
 10694	0.3081 
 10697	0.2594 
 10700	0.2972 
 10703	0.3922 
 10706	0.2507 
 10709	0.2323 
 10712	0.2736 
 10715	0.3664 
 10718	0.3515 
 10721	0.1928 
 10724	0.4065 
 10727	0.1398 
 10730	0.2218 
 10733	0.3121 
 10736	0.3259 
 10739	0.2764 
 10742	0.3753 
 10745	0.2411 
 10748	0.2665 
 10751	0.1701 
 10754	0.3065 
 10757	0.1743 
 10760	0.1523 
 10763	0.2559 
 10766	0.2010 
 10769	0.4463 
 10772	0.2286 
 10775	0.1305 
 10778	0.6189 
 10781	0.2024 
 10784	0.3454 
 10787	0.3944 
 10790	0.0927 
 10793	0.3305 
 10796	0.2428 
 10799	0.2375 
 10802	0.1816 
 10805	0.4225 
 10808	0.2393 
 10811	0.3876 
 10814	0.2680 
 10817	0.4419 
 10820	0.3367 
 10823	0.3213 
 10826	0.0477 
 10829	0.2961 
 10832	0.2426 
 10835	0.3337 
 10838	0.2461 
 10841	0.2400 
 10844	0.2527 
 10847	0.1935 
 10850	0.3635 
 10853	0.2638 
 10856	0.1568 
 10859	0.1822 
 10862	0.2774 
 10865	0.1508 
 10868	0.1142 
 10871	0.1660 
 10874	0.1796 
 10877	0.1475 
 10880	0.2368 
 10883	0.2777 
 10886	0.1411 
 10889	0.2742 
 10892	0.2367 
 10895	0.2481 
 10898	0.2216 
 10901	0.2117 
 10904	0.1987 
 10907	0.3529 
 10910	0.1832 
 10913	0.3229 
 10916	0.1872 
 10919	0.4364 
 10922	0.1618 
 10925	0.2892 
 10928	0.1594 
 10931	0.7790 
 10934	0.3142 
 10937	0.3625 
 10940	0.4022 
 10943	0.2453 
 10946	0.2307 
 10949	0.1613 
 10952	0.4356 
 10955	0.2299 
 10958	0.3456 
 10961	0.4052 
 10964	0.5564 
 10967	0.2140 
 10970	0.2989 
 10973	0.2216 
 10976	0.3218 
 10979	0.3492 
 10982	0.2992 
 10985	0.3026 
 10988	0.4114 
 10991	0.2463 
 10994	0.1755 
 10997	0.1954 
 11000	0.2608 
 11003	0.4788 
 11006	0.1340 
 11009	0.1967 
 11012	0.1680 
 11015	0.1732 
 11018	0.2889 
 11021	0.1327 
 11024	0.2058 
 11027	0.2024 
 11030	0.1744 
 11033	0.1148 
 11036	0.1383 
 11039	0.1999 
 11042	0.1678 
 11045	0.1993 
 11048	0.1691 
 11051	0.2180 
 11054	0.2069 
 11057	0.2272 
 11060	0.1491 
 11063	0.2040 
 11066	0.0777 
 11069	0.2388 
 11072	0.2614 
 11075	0.2407 
 11078	0.2877 
 11081	0.1706 
 11084	0.1545 
 11087	0.2633 
 11090	0.2151 
 11093	0.1196 
 11096	0.1409 
 11099	0.1807 
 11102	0.3843 
 11105	0.2442 
 11108	0.2108 
 11111	0.4047 
 11114	0.1334 
 11117	0.3887 
 11120	0.2255 
 11123	0.3656 
 11126	0.1879 
 11129	0.1342 
 11132	0.2840 
 11135	0.1479 
 11138	0.2665 
 11141	0.4611 
 11144	0.1244 
 11147	0.1483 
 11150	0.1784 
 11153	0.5325 
 11156	0.2628 
 11159	0.2560 
 11162	0.2868 
 11165	0.4544 
 11168	0.2870 
 11171	0.2149 
 11174	0.1545 
 11177	0.1863 
 11180	0.2469 
 11183	0.0850 
 11186	0.2653 
 11189	0.1681 
 11192	0.2696 
 11195	0.2961 
 11198	0.1345 
 11201	0.2416 
 11204	0.3466 
 11207	0.2650 
 11210	0.2358 
 11213	0.1297 
 11216	0.1904 
 11219	0.1535 
 11222	0.5527 
 11225	0.1213 
 11228	0.1580 
 11231	0.0569 
 11234	0.3385 
 11237	0.1063 
 11240	0.4492 
 11243	0.1674 
 11246	0.1667 
 11249	0.3931 
 11252	0.0984 
 11255	0.1021 
 11258	0.2424 
 11261	0.1283 
 11264	0.2498 
 11267	0.0607 
 11270	0.2841 
 11273	0.5404 
 11276	0.3290 
 11279	0.3392 
 11282	0.1805 
 11285	0.1496 
 11288	0.1157 
 11291	0.1410 
 11294	0.1233 
 11297	0.1217 
 11300	0.2379 
 11303	0.2179 
 11306	0.1161 
 11309	0.3360 
 11312	0.2528 
 11315	0.2308 
 11318	0.1315 
 11321	0.1758 
 11324	0.3939 
 11327	0.2121 
 11330	0.2281 
 11333	0.2689 
 11336	0.4808 
 11339	0.2582 
 11342	0.1208 
 11345	0.1616 
 11348	0.0704 
 11351	0.1530 
 11354	0.2756 
 11357	0.2088 
 11360	0.4182 
 11363	0.1895 
 11366	0.5396 
 11369	0.1790 
 11372	0.3180 
 11375	0.2254 
 11378	0.6126 
 11381	0.3229 
 11384	0.1604 
 11387	0.2584 
 11390	0.1513 
 11393	0.1773 
 11396	0.5349 
 11399	0.2001 
 11402	0.1584 
 11405	0.2188 
 11408	0.2307 
 11411	0.1260 
 11414	0.2860 
 11417	0.1500 
 11420	0.1216 
 11423	0.2589 
 11426	0.1825 
 11429	0.2284 
 11432	0.2747 
 11435	0.2761 
 11438	0.2370 
 11441	0.1599 
 11444	0.3088 
 11447	0.1824 
 11450	0.0983 
 11453	0.1552 
 11456	0.1543 
 11459	0.2534 
 11462	0.2962 
 11465	0.2706 
 11468	0.2515 
 11471	0.3029 
 11474	0.5666 
 11477	0.1981 
 11480	0.2285 
 11483	0.3638 
 11486	0.2766 
 11489	0.1976 
 11492	0.1479 
 11495	0.3537 
 11498	0.3972 
 11501	0.3508 
 11504	0.2583 
 11507	0.2225 
 11510	0.2975 
 11513	0.2341 
 11516	0.2136 
 11519	0.1611 
 11522	0.1152 
 11525	0.1505 
 11528	0.1262 
 11531	0.1189 
 11534	0.1521 
 11537	0.2560 
 11540	0.2622 
 11543	0.2044 
 11546	0.1619 
 11549	0.3361 
 11552	0.3872 
 11555	0.2321 
 11558	0.3414 
 11561	0.0467 
 11564	0.1350 
 11567	0.1554 
 11570	0.2375 
 11573	0.1176 
 11576	0.0708 
 11579	0.2418 
 11582	0.1716 
 11585	0.2366 
 11588	0.1256 
 11591	0.3002 
 11594	0.1654 
 11597	0.1888 
 11600	0.2254 
 11603	0.1785 
 11606	0.2608 
 11609	0.1530 
 11612	0.1435 
 11615	0.0965 
 11618	0.2336 
 11621	0.2166 
 11624	0.2991 
 11627	0.1542 
 11630	0.2783 
 11633	0.2360 
 11636	0.2169 
 11639	0.1389 
 11642	0.1826 
 11645	0.2409 
 11648	0.1394 
 11651	0.3053 
 11654	0.2130 
 11657	0.2230 
 11660	0.1527 
 11663	0.2052 
 11666	0.2937 
 11669	0.4526 
 11672	0.2068 
 11675	0.2824 
 11678	0.3362 
 11681	0.4193 
 11684	0.2896 
 11687	0.2664 
 11690	0.3091 
 11693	0.1964 
 11696	0.2855 
 11699	0.1407 
 11702	0.2410 
 11705	0.3358 
 11708	0.1472 
 11711	0.2637 
 11714	0.2816 
 11717	0.3456 
 11720	0.1659 
 11723	0.1411 
 11726	0.3047 
 11729	0.2393 
 11732	0.1352 
 11735	0.1510 
 11738	0.2109 
 11741	0.2254 
 11744	0.3076 
 11747	0.3709 
 11750	0.1292 
 11753	0.2098 
 11756	0.3297 
 11759	0.1514 
 11762	0.2354 
 11765	0.1961 
 11768	0.1708 
 11771	0.2390 
 11774	0.1619 
 11777	0.2052 
 11780	0.2845 
 11783	0.2743 
 11786	0.1183 
 11789	0.2884 
 11792	0.6422 
 11795	0.2831 
 11798	0.2407 
 11801	0.1476 
 11804	0.4289 
 11807	0.1869 
 11810	0.3596 
 11813	0.3820 
 11816	0.1755 
 11819	0.3538 
 11822	0.2387 
 11825	0.2325 
 11828	0.2741 
 11831	0.4592 
 11834	0.2299 
 11837	0.0980 
 11840	0.2199 
 11843	0.3001 
 11846	0.2799 
 11849	0.2090 
 11852	0.1940 
 11855	0.1935 
 11858	0.4325 
 11861	0.1421 
 11864	0.2136 
 11867	0.1134 
 11870	0.2211 
 11873	0.3656 
 11876	0.1255 
 11879	0.0514 
 11882	0.1127 
 11885	0.1896 
 11888	0.2547 
 11891	0.1101 
 11894	0.1447 
 11897	0.1690 
 11900	0.1726 
 11903	0.2809 
 11906	0.2725 
 11909	0.0689 
 11912	0.1518 
 11915	0.2502 
 11918	0.1543 
 11921	0.3302 
 11924	0.1402 
 11927	0.1756 
 11930	0.1718 
 11933	0.2358 
 11936	0.1626 
 11939	0.1711 
 11942	0.1566 
 11945	0.2452 
 11948	0.2591 
 11951	0.2095 
 11954	0.2604 
 11957	0.2324 
 11960	0.2092 
 11963	0.2510 
 11966	0.2783 
 11969	0.1406 
 11972	0.2277 
 11975	0.1767 
 11978	0.2269 
 11981	0.2417 
 11984	0.3588 
 11987	0.2727 
 11990	0.2337 
 11993	0.3288 
 11996	0.1890 
 11999	0.3503 
 12002	0.2408 
 12005	0.2166 
 12008	0.1605 
 12011	0.0660 
 12014	0.2762 
 12017	0.3127 
 12020	0.1905 
 12023	0.1335 
 12026	0.2861 
 12029	0.2327 
 12032	0.3962 
 12035	0.3451 
 12038	0.1663 
 12041	0.1078 
 12044	0.2082 
 12047	0.2363 
 12050	0.2151 
 12053	0.2365 
 12056	0.1895 
 12059	0.0672 
 12062	0.1364 
 12065	0.0735 
 12068	0.2218 
 12071	0.1997 
 12074	0.1883 
 12077	0.1710 
 12080	0.4191 
 12083	0.0686 
 12086	0.1648 
 12089	0.2628 
 12092	0.1363 
 12095	0.1566 
 12098	0.1214 
 12101	0.2873 
 12104	0.3690 
 12107	0.3096 
 12110	0.1230 
 12113	0.4861 
 12116	0.2490 
 12119	0.1461 
 12122	0.1439 
 12125	0.5264 
 12128	0.1506 
 12131	0.5287 
 12134	0.3918 
 12137	0.1397 
 12140	0.2223 
 12143	0.2385 
 12146	0.2706 
 12149	0.2434 
 12152	0.2487 
 12155	0.2655 
 12158	0.6769 
 12161	0.2117 
 12164	0.1688 
 12167	0.2902 
 12170	0.1721 
 12173	0.3057 
 12176	0.2464 
 12179	0.1651 
 12182	0.1218 
 12185	0.2076 
 12188	0.3519 
 12191	0.2054 
 12194	0.5119 
 12197	0.1479 
 12200	0.1344 
 12203	0.2610 
 12206	0.2261 
 12209	0.2532 
 12212	0.3309 
 12215	0.1947 
 12218	0.2356 
 12221	0.2218 
 12224	0.2670 
 12227	0.0737 
 12230	0.2862 
 12233	0.3369 
 12236	0.2734 
 12239	0.1666 
 12242	0.1696 
 12245	0.3914 
 12248	0.1601 
 12251	0.3347 
 12254	0.1670 
 12257	0.2372 
 12260	0.4093 
 12263	0.2794 
 12266	0.1522 
 12269	0.1736 
 12272	0.3549 
 12275	0.1656 
 12278	0.2540 
 12281	0.4672 
 12284	0.3260 
 12287	0.1093 
 12290	0.1616 
 12293	0.2311 
 12296	0.2025 
 12299	0.1233 
 12302	0.2854 
 12305	0.2159 
 12308	0.2126 
 12311	0.1826 
 12314	0.0341 
 12317	0.2961 
 12320	0.1669 
 12323	0.1756 
 12326	0.1748 
 12329	0.1310 
 12332	0.1489 
 12335	0.3180 
 12338	0.1864 
 12341	0.2013 
 12344	0.1504 
 12347	0.4499 
 12350	0.1441 
 12353	0.4891 
 12356	0.2660 
 12359	0.3720 
 12362	0.2537 
 12365	0.2993 
 12368	0.1869 
 12371	0.3594 
 12374	0.0810 
 12377	0.2585 
 12380	0.2885 
 12383	0.2650 
 12386	0.1265 
 12389	0.2362 
 12392	0.3105 
 12395	0.1519 
 12398	0.1628 
 12401	0.2007 
 12404	0.1457 
 12407	0.2164 
 12410	0.1149 
 12413	0.2195 
 12416	0.1499 
 12419	0.4081 
 12422	0.3209 
 12425	0.3501 
 12428	0.0490 
 12431	0.1722 
 12434	0.1871 
 12437	0.2107 
 12440	0.2028 
 12443	0.1291 
 12446	0.1039 
 12449	0.2839 
 12452	0.1157 
 12455	0.3107 
 12458	0.0766 
 12461	0.3516 
 12464	0.3271 
 12467	0.2894 
 12470	0.2026 
 12473	0.2049 
 12476	0.2291 
 12479	0.5632 
 12482	0.1484 
 12485	0.1057 
 12488	0.2862 
 12491	0.3954 
 12494	0.1374 
 12497	0.4073 
 12500	0.1966 
 12503	0.2374 
 12506	0.2537 
 12509	0.1129 
 12512	0.2898 
 12515	0.2182 
 12518	0.2279 
 12521	0.1590 
 12524	0.0545 
 12527	0.3668 
 12530	0.2564 
 12533	0.3601 
 12536	0.1642 
 12539	0.2228 
 12542	0.1747 
 12545	0.1248 
 12548	0.2704 
 12551	0.2540 
 12554	0.2280 
 12557	0.2287 
 12560	0.2037 
 12563	0.1631 
 12566	0.1335 
 12569	0.1547 
 12572	0.3003 
 12575	0.1704 
 12578	0.1450 
 12581	0.2490 
 12584	0.1388 
 12587	0.1025 
 12590	0.2151 
 12593	0.2555 
 12596	0.1510 
 12599	0.3045 
 12602	0.2182 
 12605	0.2484 
 12608	0.1651 
 12611	0.7195 
 12614	0.1997 
 12617	0.1361 
 12620	0.3277 
 12623	0.3746 
 12626	0.3122 
 12629	0.1512 
 12632	0.1427 
 12635	0.1494 
 12638	0.2458 
 12641	0.3534 
 12644	0.4144 
 12647	0.1630 
 12650	0.1431 
 12653	0.2591 
 12656	0.1711 
 12659	0.2337 
 12662	0.6030 
 12665	0.3136 
 12668	0.1188 
 12671	0.3870 
 12674	0.2886 
 12677	0.2632 
 12680	0.3072 
 12683	0.2151 
 12686	0.3596 
 12689	0.2068 
 12692	0.1445 
 12695	0.3769 
 12698	0.1229 
 12701	0.2084 
 12704	0.1750 
 12707	0.3453 
 12710	0.1954 
 12713	0.3004 
 12716	0.1246 
 12719	0.2334 
 12722	0.2462 
 12725	0.1666 
 12728	0.2966 
 12731	0.2238 
 12734	0.1544 
 12737	0.1499 
 12740	0.1413 
 12743	0.1844 
 12746	0.4470 
 12749	0.6005 
 12752	0.1526 
 12755	0.2512 
 12758	0.1495 
 12761	0.2922 
 12764	0.1361 
 12767	0.2377 
 12770	0.2439 
 12773	0.3451 
 12776	0.1986 
 12779	0.2345 
 12782	0.5321 
 12785	0.1904 
 12788	0.2574 
 12791	0.2673 
 12794	0.2359 
 12797	0.4855 
 12800	0.2084 
 12803	0.1879 
 12806	0.3455 
 12809	0.1070 
 12812	0.3045 
 12815	0.1576 
 12818	0.0915 
 12821	0.3490 
 12824	0.3823 
 12827	0.4296 
 12830	0.1229 
 12833	0.5508 
 12836	0.2525 
 12839	0.1426 
 12842	0.2094 
 12845	0.2268 
 12848	0.2577 
 12851	0.3253 
 12854	0.1741 
 12857	0.1367 
 12860	0.1536 
 12863	0.1647 
 12866	0.2367 
 12869	0.4373 
 12872	0.1425 
 12875	0.3606 
 12878	0.1172 
 12881	0.3097 
 12884	0.2189 
 12887	0.3011 
 12890	0.3451 
 12893	0.2883 
 12896	0.2396 
 12899	0.1451 
 12902	0.3190 
 12905	0.1438 
 12908	0.1522 
 12911	0.2785 
 12914	0.1910 
 12917	0.3381 
 12920	0.4090 
 12923	0.2762 
 12926	0.2542 
 12929	0.3457 
 12932	0.1303 
 12935	0.2644 
 12938	0.1962 
 12941	0.3714 
 12944	0.1116 
 12947	0.2374 
 12950	0.2999 
 12953	0.2904 
 12956	0.1630 
 12959	0.3221 
 12962	0.1692 
 12965	0.3081 
 12968	0.1383 
 12971	0.2455 
 12974	0.1531 
 12977	0.1444 
 12980	0.3327 
 12983	0.1698 
 12986	0.2479 
 12989	0.2364 
 12992	0.1337 
 12995	0.3718 
 12998	0.3970 
 13001	0.1799 
 13004	0.1790 
 13007	0.1805 
 13010	0.1984 
 13013	0.1146 
 13016	0.1351 
 13019	0.4042 
 13022	0.2304 
 13025	0.3643 
 13028	0.1336 
 13031	0.1299 
 13034	0.2169 
 13037	0.1915 
 13040	0.4558 
 13043	0.1375 
 13046	0.3558 
 13049	0.1004 
 13052	0.3721 
 13055	0.2317 
 13058	0.1652 
 13061	0.2308 
 13064	0.5447 
 13067	0.2237 
 13070	0.1295 
 13073	0.1908 
 13076	0.0917 
 13079	0.1375 
 13082	0.2067 
 13085	0.5085 
 13088	0.3373 
 13091	0.2147 
 13094	0.2805 
 13097	0.2119 
 13100	0.2298 
 13103	0.2647 
 13106	0.1317 
 13109	0.3437 
 13112	0.2163 
 13115	0.4801 
 13118	0.1398 
 13121	0.2319 
 13124	0.0954 
 13127	0.2535 
 13130	0.1555 
 13133	0.1711 
 13136	0.1602 
 13139	0.5097 
 13142	0.3543 
 13145	0.1382 
 13148	0.4001 
 13151	0.1168 
 13154	0.1471 
 13157	0.3183 
 13160	0.0548 
 13163	0.4677 
 13166	0.2419 
 13169	0.1977 
 13172	0.3214 
 13175	0.2192 
 13178	0.0742 
 13181	0.4191 
 13184	0.1798 
 13187	0.2008 
 13190	0.1402 
 13193	0.0699 
 13196	0.2025 
 13199	0.1576 
 13202	0.2311 
 13205	0.2313 
 13208	0.2336 
 13211	0.1176 
 13214	0.1185 
 13217	0.1981 
 13220	0.4901 
 13223	0.2569 
 13226	0.1752 
 13229	0.1278 
 13232	0.4230 
 13235	0.2887 
 13238	0.3604 
 13241	0.1571 
 13244	0.4203 
 13247	0.2294 
 13250	0.2063 
 13253	0.2416 
 13256	0.1356 
 13259	0.3023 
 13262	0.5981 
 13265	0.2680 
 13268	0.1305 
 13271	0.1722 
 13274	0.4205 
 13277	0.3377 
 13280	0.2209 
 13283	0.2526 
 13286	0.1607 
 13289	0.1746 
 13292	0.3836 
 13295	0.1211 
 13298	0.2527 
 13301	0.2428 
 13304	0.3232 
 13307	0.1646 
 13310	0.2194 
 13313	0.1393 
 13316	0.1797 
 13319	0.1297 
 13322	0.1998 
 13325	0.2861 
 13328	0.2805 
 13331	0.1245 
 13334	0.2026 
 13337	0.3641 
 13340	0.2203 
 13343	0.3967 
 13346	0.0957 
 13349	0.2345 
 13352	0.1876 
 13355	0.2456 
 13358	0.1897 
 13361	0.1524 
 13364	0.1011 
 13367	0.2265 
 13370	0.5137 
 13373	0.3467 
 13376	0.3453 
 13379	0.4338 
 13382	0.2284 
 13385	0.1042 
 13388	0.2668 
 13391	0.3157 
 13394	0.1830 
 13397	0.3238 
 13400	0.3250 
 13403	0.3116 
 13406	0.1336 
 13409	0.0360 
 13412	0.1630 
 13415	0.1367 
 13418	0.2207 
 13421	0.1536 
 13424	0.1929 
 13427	0.0916 
 13430	0.1620 
 13433	0.1341 
 13436	0.5330 
 13439	0.2068 
 13442	0.2599 
 13445	0.2393 
 13448	0.3302 
 13451	0.2787 
 13454	0.2503 
 13457	0.1490 
 13460	0.3202 
 13463	0.3100 
 13466	0.3115 
 13469	0.1423 
 13472	0.2751 
 13475	0.1641 
 13478	0.3298 
 13481	0.1976 
 13484	0.2363 
 13487	0.1398 
 13490	0.3360 
 13493	0.2325 
 13496	0.1467 
 13499	0.2840 
 13502	0.1455 
 13505	0.2499 
 13508	0.2602 
 13511	0.1542 
 13514	0.4951 
 13517	0.2327 
 13520	0.1422 
 13523	0.3912 
 13526	0.2851 
 13529	0.1818 
 13532	0.2865 
 13535	0.2390 
 13538	0.1313 
 13541	0.3953 
 13544	0.2032 
 13547	0.1902 
 13550	0.2171 
 13553	0.2073 
 13556	0.1735 
 13559	0.1185 
 13562	0.4755 
 13565	0.2573 
 13568	0.1523 
 13571	0.2422 
 13574	0.1400 
 13577	0.4142 
 13580	0.2811 
 13583	0.1498 
 13586	0.2809 
 13589	0.2286 
 13592	0.1340 
 13595	0.3208 
 13598	0.3435 
 13601	0.2870 
 13604	0.1307 
 13607	0.1452 
 13610	0.1717 
 13613	0.1200 
 13616	0.3109 
 13619	0.2247 
 13622	0.2358 
 13625	0.1532 
 13628	0.0551 
 13631	0.2417 
 13634	0.0565 
 13637	0.2127 
 13640	0.2406 
 13643	0.1379 
 13646	0.1713 
 13649	0.1194 
 13652	0.2177 
 13655	0.2260 
 13658	0.3921 
 13661	0.1562 
 13664	0.2511 
 13667	0.1935 
 13670	0.3801 
 13673	0.3963 
 13676	0.1746 
 13679	0.3552 
 13682	0.2046 
 13685	0.1826 
 13688	0.2357 
 13691	0.1350 
 13694	0.3951 
 13697	0.2003 
 13700	0.1071 
 13703	0.2256 
 13706	0.4382 
 13709	0.3735 
 13712	0.2255 
 13715	0.1637 
 13718	0.1915 
 13721	0.3364 
 13724	0.2664 
 13727	0.2457 
 13730	0.1961 
 13733	0.2224 
 13736	0.6940 
 13739	0.2003 
 13742	0.2337 
 13745	0.2697 
 13748	0.1458 
 13751	0.1502 
 13754	0.2801 
 13757	0.2720 
 13760	0.1191 
 13763	0.2806 
 13766	0.2401 
 13769	0.2514 
 13772	0.1946 
 13775	0.1848 
 13778	0.1541 
 13781	0.1346 
 13784	0.1844 
 13787	0.3226 
 13790	0.1452 
 13793	0.2481 
 13796	0.2229 
 13799	0.2141 
 13802	0.3226 
 13805	0.1763 
 13808	0.2207 
 13811	0.2680 
 13814	0.3414 
 13817	0.1935 
 13820	0.2121 
 13823	0.2196 
 13826	0.3206 
 13829	0.1205 
 13832	0.2421 
 13835	0.2294 
 13838	0.2871 
 13841	0.1300 
 13844	0.1376 
 13847	0.1731 
 13850	0.2558 
 13853	0.1702 
 13856	0.2345 
 13859	0.2778 
 13862	0.1652 
 13865	0.2265 
 13868	0.1658 
 13871	0.1196 
 13874	0.1962 
 13877	0.2462 
 13880	0.1815 
 13883	0.2625 
 13886	0.2424 
 13889	0.1479 
 13892	0.4194 
 13895	0.2049 
 13898	0.4488 
 13901	0.1711 
 13904	0.3535 
 13907	0.2561 
 13910	0.2010 
 13913	0.2702 
 13916	0.2605 
 13919	0.2117 
 13922	0.4833 
 13925	0.2740 
 13928	0.2961 
 13931	0.3898 
 13934	0.1863 
 13937	0.0678 
 13940	0.1823 
 13943	0.2515 
 13946	0.1372 
 13949	0.1674 
 13952	0.2403 
 13955	0.3331 
 13958	0.3455 
 13961	0.3676 
 13964	0.1708 
 13967	0.2421 
 13970	0.2164 
 13973	0.1735 
 13976	0.1609 
 13979	0.1292 
 13982	0.4129 
 13985	0.1330 
 13988	0.1279 
 13991	0.2236 
 13994	0.1664 
 13997	0.4072 
 14000	0.2801 
 14003	0.5662 
 14006	0.3951 
 14009	0.1743 
 14012	0.3178 
 14015	0.2561 
 14018	0.1268 
 14021	0.3238 
 14024	0.1648 
 14027	0.3274 
 14030	0.1941 
 14033	0.1219 
 14036	0.1931 
 14039	0.4454 
 14042	0.1475 
 14045	0.1959 
 14048	0.2972 
 14051	0.5579 
 14054	0.3076 
 14057	0.2785 
 14060	0.2330 
 14063	0.1962 
 14066	0.2547 
 14069	0.2542 
 14072	0.2391 
 14075	0.2859 
 14078	0.1944 
 14081	0.3237 
 14084	0.1820 
 14087	0.2204 
 14090	0.2102 
 14093	0.1963 
 14096	0.3199 
 14099	0.3101 
 14102	0.1103 
 14105	0.2223 
 14108	0.1089 
 14111	0.2491 
 14114	0.3282 
 14117	0.1602 
 14120	0.4083 
 14123	0.2256 
 14126	0.1349 
 14129	0.1815 
 14132	0.1331 
 14135	0.2532 
 14138	0.2712 
 14141	0.1165 
 14144	0.2527 
 14147	0.1740 
 14150	0.2064 
 14153	0.5048 
 14156	0.2733 
 14159	0.1819 
 14162	0.1158 
 14165	0.3218 
 14168	0.3005 
 14171	0.2546 
 14174	0.3219 
 14177	0.2150 
 14180	0.3273 
 14183	0.2621 
 14186	0.2334 
 14189	0.1701 
 14192	0.1687 
 14195	0.3025 
 14198	0.3449 
 14201	0.2130 
 14204	0.1365 
 14207	0.0653 
 14210	0.1986 
 14213	0.2553 
 14216	0.2287 
 14219	0.1006 
 14222	0.1735 
 14225	0.4315 
 14228	0.3079 
 14231	0.1856 
 14234	0.1822 
 14237	0.4214 
 14240	0.7070 
 14243	0.3069 
 14246	0.2631 
 14249	0.1550 
 14252	0.3165 
 14255	0.2734 
 14258	0.2094 
 14261	0.1207 
 14264	0.2369 
 14267	0.2390 
 14270	0.0873 
 14273	0.2499 
 14276	0.1278 
 14279	0.2120 
 14282	0.1714 
 14285	0.3061 
 14288	0.2143 
 14291	0.0452 
 14294	0.2408 
 14297	0.2322 
 14300	0.3962 
 14303	0.2284 
 14306	0.0753 
 14309	0.1012 
 14312	0.0755 
 14315	0.0205 
 14318	0.1476 
 14321	0.1881 
 14324	0.2654 
 14327	0.2376 
 14330	0.1857 
 14333	0.1343 
 14336	0.2454 
 14339	0.2466 
 14342	0.2447 
 14345	0.0940 
 14348	0.1763 
 14351	0.1304 
 14354	0.6862 
 14357	0.3792 
 14360	0.1034 
 14363	0.2146 
 14366	0.1214 
 14369	0.6379 
 14372	0.3051 
 14375	0.2384 
 14378	0.1588 
 14381	0.2415 
 14384	0.2974 
 14387	0.3394 
 14390	0.2903 
 14393	0.4442 
 14396	0.3396 
 14399	0.2748 
 14402	0.1482 
 14405	0.5332 
 14408	0.3344 
 14411	0.2360 
 14414	0.2391 
 14417	0.2647 
 14420	0.4649 
 14423	0.3046 
 14426	0.2404 
 14429	0.1668 
 14432	0.2379 
 14435	0.1280 
 14438	0.1382 
 14441	0.0696 
 14444	0.0923 
 14447	0.1976 
 14450	0.3244 
 14453	0.2141 
 14456	0.0752 
 14459	0.4103 
 14462	0.1946 
 14465	0.2180 
 14468	0.2846 
 14471	0.2465 
 14474	0.1748 
 14477	0.1606 
 14480	0.4815 
 14483	0.1228 
 14486	0.4092 
 14489	0.0318 
 14492	0.1820 
 14495	0.2562 
 14498	0.2069 
 14501	0.3067 
 14504	0.2437 
 14507	0.1379 
 14510	0.3043 
 14513	0.1264 
 14516	0.4116 
 14519	0.2265 
 14522	0.1942 
 14525	0.2403 
 14528	0.3031 
 14531	0.1735 
 14534	0.1147 
 14537	0.1714 
 14540	0.2218 
 14543	0.4409 
 14546	0.2997 
 14549	0.1409 
 14552	0.1584 
 14555	0.0912 
 14558	0.1544 
 14561	0.2124 
 14564	0.2086 
 14567	0.1727 
 14570	0.0316 
 14573	0.1718 
 14576	0.2057 
 14579	0.2067 
 14582	0.2067 
 14585	0.3366 
 14588	0.2665 
 14591	0.2546 
 14594	0.1973 
 14597	0.2420 
 14600	0.1714 
 14603	0.3407 
 14606	0.1447 
 14609	0.5539 
 14612	0.7643 
 14615	0.1446 
 14618	0.2160 
 14621	0.2476 
 14624	0.2098 
 14627	0.3602 
 14630	0.1974 
 14633	0.5396 
 14636	0.4613 
 14639	0.4317 
 14642	0.4125 
 14645	0.3816 
 14648	0.2045 
 14651	0.3378 
 14654	0.2377 
 14657	0.2872 
 14660	0.1958 
 14663	0.1468 
 14666	0.0980 
 14669	0.0537 
 14672	0.2045 
 14675	0.1505 
 14678	0.2913 
 14681	0.1531 
 14684	0.3181 
 14687	0.1094 
 14690	0.1791 
 14693	0.3002 
 14696	0.1386 
 14699	0.4529 
 14702	0.1775 
 14705	0.2657 
 14708	0.2166 
 14711	0.1192 
 14714	0.4691 
 14717	0.3078 
 14720	0.2785 
 14723	0.1867 
 14726	0.1847 
 14729	0.2724 
 14732	0.2921 
 14735	0.2211 
 14738	0.2576 
 14741	0.3059 
 14744	0.3490 
 14747	0.2543 
 14750	0.2002 
 14753	0.3553 
 14756	0.2675 
 14759	0.2695 
 14762	0.2807 
 14765	0.1626 
 14768	0.0906 
 14771	0.1727 
 14774	0.2993 
 14777	0.1050 
 14780	0.1613 
 14783	0.1997 
 14786	0.2622 
 14789	0.2406 
 14792	0.2089 
 14795	0.1890 
 14798	0.2398 
 14801	0.2751 
 14804	0.3958 
 14807	0.2348 
 14810	0.3449 
 14813	0.0556 
 14816	0.2032 
 14819	0.1292 
 14822	0.2016 
 14825	0.5016 
 14828	0.1815 
 14831	0.5992 
 14834	0.2536 
 14837	0.1135 
 14840	0.2516 
 14843	0.1914 
 14846	0.4365 
 14849	0.1563 
 14852	0.0985 
 14855	0.1276 
 14858	0.1618 
 14861	0.1479 
 14864	0.1919 
 14867	0.3533 
 14870	0.4143 
 14873	0.3935 
 14876	0.1422 
 14879	0.4168 
 14882	0.2499 
 14885	0.1825 
 14888	0.1681 
 14891	0.3838 
 14894	0.2083 
 14897	0.2624 
 14900	0.0690 
 14903	0.2924 
 14906	0.2976 
 14909	0.3120 
 14912	0.2809 
 14915	0.1384 
 14918	0.2067 
 14921	0.2782 
 14924	0.4066 
 14927	0.2229 
 14930	0.2053 
 14933	0.2526 
 14936	0.4034 
 14939	0.2040 
 14942	0.2588 
 14945	0.2693 
 14948	0.2211 
 14951	0.2932 
 14954	0.2486 
 14957	0.2440 
 14960	0.4333 
 14963	0.1573 
 14966	0.2433 
 14969	0.2441 
 14972	0.1589 
 14975	0.1989 
 14978	0.2424 
 14981	0.1821 
 14984	0.3185 
 14987	0.2333 
 14990	0.1934 
 14993	0.2278 
 14996	0.2141 
 14999	0.2403 
 Tetrahedral Order Parameter is 0.2374. 
 